-45.411434032522614
-22.040646872561762
-18.579355941109817
-3.3768312552839617
-4.735406171561694
-2.4310469065008307
-4.277633246508875
2.180726259121813
0.10319795925637582
-4.731107661042184
3.895349231698196
4.048750791198981
-0.2992602204649164
-0.17550246385320767
1.775219278887905
-0.056445256139401434
-0.549809353061266
-1.582839624314581
-5.66344552200517
0.7500565726328872
2.561424601876618
2.519280334046346
-1.9603546795539109
3.554443662909296
3.0492852261779815
-0.053608854164505046
-1.211689622641646
6.033249369376892
4.524978420670258
-1.357989934934137
3.631968233867606
-4.605851185316382
-2.279270803444279
-1.370069719250674
0.3667707770155163
-2.614207565583422
-0.33733620205090564
2.274572284863634
-5.387241390982606
-2.737024712853556
-0.8500452881665976
-0.33698603865554905
1.1367563189830285
-0.5234763984947584
-3.819902534481518
1.7040942955912926
6.210066397555851
-1.5115317271969606
2.990511311592664
2.3701128946019496
-0.31037474412837585
-0.7170884572138548
2.5838013501908113
-3.2527051949972847
1.4326016271582882
0.27685467863914204
-4.496092315957334
-2.756983703783551
0.7199339370112267
-1.5690257618428411
0.32363304910786267
-3.6170399136364915
2.743755964339926
0.18708810183165978
-0.48764953811701195
-3.0247089769592685
-0.1844632890164525
-0.08587865034176545
4.4077592792856635
-0.16636391139196174
4.3153155591063985
-0.8763771803079621
2.793187736094938
1.5266033523774705
1.03429065747425
1.9796710726386635
-0.8928302841608575
-0.5383017554480546
1.5166941796699875
-1.9275766222798445
-0.8576271403186712
-4.890514220225218
3.1607660391829535
1.3698156625102436
-0.5405999037985871
0.6992699847299919
0.5218148720748869
0.11934397881842614
-2.811113310494291
2.677916517907431
0.45845960614771275
-1.0573240654777791
0.7228126663764181
3.9297791885399724
-0.1271176611723391
1.3006100369713987
0.1163595330591088
2.1105760405343506
-3.141069951233123
0.41079110681542585
0.6273746683045067
2.1376940353237095
2.06420148806695
2.3123569304650236
1.677660294271287
-2.108104264227674
3.5144595800308482
0.25029319979774384
-1.760860939909424
-0.6756628234849792
-3.2051689232460174
2.8871561697772545
-1.107455768690691
-1.5170067772989972
4.11354116161355
-1.6379867269411583
0.9528715003277397
-1.8511774022162009
2.904981176904731
-0.11516051699744889
0.5882290917863453
0.8801716449401563
-2.879228294824596
3.172540101333502
-0.128803740095218
1.3766208000889024
3.094661557914143
1.1065945783803235
