45.19391668574566
-28.014565552792043
58.383582332803165
-9.915894911757821
-10.028877947466542
2.939659554836728
6.915302960085939
-4.63414507026954
0.08332029708025109
-1.0708304185153499
-0.1772606270608686
-2.4645794819550977
-1.5618815217875417
1.135925689279538
3.496336513509404
2.227260252943552
0.8759805527735542
-0.7467433770856198
1.1305847834988545
1.3389818733111154
2.911979373549841
-0.650219274084599
-0.24199258497386048
-0.25509356316013276
0.6566229425541605
0.6705713010070586
-0.5048314050576233
-0.5313156808364378
0.10267692087217864
-0.7085225698297625
0.4892413011363744
-0.1733709996984401
0.5190082865180485
1.8282874370661033
-0.1270658548300616
-0.18692063729851693
0.20031334281926744
-0.4937362604588833
-0.698170821105303
0.07863836857845538
0.30590870705025053
-0.07804071404214508
-1.1964882683504219
-0.2423327971486748
-0.19466064920191423
0.3276108729427404
-0.0924344886532778
-0.6508453034494047
1.4541073120295036
-0.3649270482208282
0.577260972738102
-1.2357739548739917
0.8476319170431121
-0.39794870025528917
-0.21471388111761136
0.0289196548713285
-0.030824269621759826
-0.8107289630562462
0.23331744626745557
-0.5173509708999491
0.5560386465349602
0.723133057885267
0.5412448181561142
0.002471672912159606
-0.7190443972295275
0.6845756056168283
0.18192458369359388
-0.4330025941432444
-0.2438272148335895
0.11910871795151148
-0.36451860517285817
1.1085904703654914
0.5904550955320863
-0.851009900831746
-0.9184888216552543
-0.323745605503571
0.5227335861290905
0.6163599875756043
-0.15399232350602376
-0.38263653898552935
-0.09255721034207215
-0.708477528001438
0.8993208016702633
0.40891037270476005
0.7527628883473287
0.3393402556860593
0.7159396062641266
0.5395527745669957
0.28944035725307565
-0.459656793416788
-0.16567937288131013
-0.21186111420000409
-0.09017146104497722
-0.28751007979243276
-0.7361704681948801
-0.8147412657841753
0.9008774831433957
0.1654731727542903
-0.04745892930793799
0.05241485598004232
0.17097490058916068
0.23339981401923757
0.7123940081485796
-0.5939175506003225
0.6420699128208385
-0.05263238583643573
-0.4519285077891915
0.0474035937081467
-0.29837931622684855
-0.2089783734317463
0.20838755379493512
0.3219265333933714
-0.5050730773024801
-0.051890060742966496
0.4509759389415717
0.14205534988797042
-0.11417791805440974
-0.1655349584205489
-0.05089674338002051
-0.4853073249325718
0.28216837527774064
-0.8668288548794487
0.2797643684425839
0.21707745132545447
-0.19904315532388853
-1.14042603677641
0.17066070541319212
0.21821961995355363
