-44.96968092133174
-0.41561620771401964
-7.826277988520861
12.552895052913277
0.02617216475223233
-8.02720627862669
-1.907672000203442
-0.7738033069712167
-0.14019444332159692
0.19069030392051692
-0.38885799053140974
0.49679141042357355
0.4966052598729127
0.401970921054452
-0.5617128470642911
0.013643223055126191
-0.6080360677293545
0.401350135091635
-0.286321112271251
0.1297041364693304
-0.07058266470908484
-0.015299814165402539
-0.3200148167612351
-0.03693535493291811
0.053008258442669216
-0.5285225843229131
0.4007184632854466
0.3312405919171909
-0.008069973790136686
-0.08406853352866178
-0.2501908933903523
-0.25192593575361255
-0.47499106550957715
-0.03312366467202955
0.22196311772852625
-0.4091188103816279
-0.03392118196414726
-0.18330950239809252
-0.278290753932217
-0.53078254221246
0.30656477223622774
0.1468955097197614
0.08298412636001265
-0.22686874616379377
-0.3315553862303521
-0.35335202943486416
0.27892189221625646
-0.09441354104202677
0.0983211461605329
-0.31839331477848865
0.1907071756045905
-0.10644669744510037
0.38433262053422196
-0.04704847531351884
0.07052976803588173
-0.008541104897374203
0.20502763246024214
0.35848946374351637
0.03599656139002444
-0.18009340193599532
-0.0812758905943484
-0.23970847026884218
0.3126168944794875
0.02415513864302947
0.09358904010130296
-0.21999793517539712
0.002467274390539488
0.04879319765464141
0.20195662272255852
-0.026107301493481984
-0.020348650713605865
-0.17891681360776301
-0.271557860189306
0.17246710638843582
0.04703055828227038
0.09078805734875883
-0.10587241800819053
0.04936412901168029
-0.21120168347414778
-0.033391064584597376
-0.327555904082802
0.10105594372327599
0.16772000823913624
-0.3728318415536804
-0.29869124705596695
-0.34489392072578734
-0.17570544280206593
-0.15393869762275927
-0.026051406536738254
-0.2516524536251562
0.31827768048560323
-0.13321408339087318
-0.1717347411417499
0.03321168225559386
-0.05750665288973959
0.10868264276646497
-0.12816367921724287
-0.07136545387124102
-0.22434956256061764
-0.3359699586787695
0.21772172293025538
-0.2982722237948692
-0.16452084165038955
0.05337918254201428
-0.0719306510633295
-0.03498148832075739
0.38275408751808293
-0.11821263256339216
-0.11888495884759999
-0.04384512212272747
-0.013265152054397537
-0.01484335668744078
-0.07626160096120466
0.16827941663780188
-0.01045336333889162
-0.0852704305623263
-0.2675406568393128
0.1210587370322906
-0.011925027328810154
-0.17620445207028954
0.08985450963625197
-0.15551263240242222
-0.015542840896664998
0.01377164339652525
0.016389116051412984
0.10889552443339512
-0.008958093511555408
-0.03636172116850862
