-41.27187504958852
-0.04572838330614576
-2.683578383223965
15.466382665825732
-0.7498825918295914
-9.535429310786384
0.051920813331639004
-0.9661381692226644
-0.2533252340456639
-0.12983339901521232
0.046455974153643026
-0.24860836267052241
-0.3080591505355721
0.024464134432857054
-0.0918125624504863
0.556332552740323
0.43020267630722697
-0.30392376250771713
-0.2442446299043168
0.04492442467859767
0.23045630379924859
-0.07444824814380115
0.028883445953320735
0.3996433327959773
-0.027111311136079216
-0.1667999670539249
-0.017391265880617332
-0.27989617495134256
0.0770430478912602
0.23824644168148135
-0.2458527395108202
-0.21335736430167093
-0.1909556660486451
0.3858459067974108
-0.6194857946625028
-0.45412248538367417
-0.3472760729549009
0.20188606632820066
-0.05494114139085879
0.9289251432411084
-0.5141095754703034
-0.1913342610462418
-0.08578668109137909
-0.16315903528897197
0.18721079342816796
-0.1995837140101354
-0.06534450851207507
0.5256710582196364
-0.027011405428626033
0.24892323870798838
-0.1837770527123084
0.40647225058819686
0.027840947555419993
0.21710034233550723
-0.2649618145629457
0.14430609727920718
0.4756685438217163
-0.4707293317550852
-0.06145382275721935
0.10072595894512314
0.2619581088637596
-0.2827770297897524
-0.009760965100544167
0.09398958160904491
-0.18974377016944002
-0.37318476314581905
0.47074346462207073
0.1458786214234105
0.28296955712402555
-0.03689799889328127
0.02397019327240673
-0.210274000047556
-0.3883681356956312
-0.06938465520914855
-0.03457118715476442
-0.3108579245752932
0.35922691656141437
-0.03996994270060489
-0.003470565831910688
-0.19887523752044078
0.12404761105330359
0.05473469772548191
-0.266858963681914
0.26944950646147015
-0.12099511402069192
-0.26669907968575507
0.10369804308201078
0.37213146507584083
0.21101901037580162
-0.31908371880912456
-0.06860616984167531
-0.07804296480734614
-0.13258700177306226
-0.10565647685228301
-0.23959184692946928
0.37565092437818753
0.05405594368057891
0.025139806005399085
0.08656549280099968
-0.2930358959431107
0.02049625302228416
0.014450290653546888
-0.4080881649492741
0.15076530613970945
0.008018340406950559
-0.35383953974019533
-0.09431833759846359
0.04552247487772282
-0.2961733748402962
0.10095271750793103
-0.27573940689590065
-0.23116220854487582
0.47580170252238785
0.10055941993942769
-0.5645573667262046
-0.2554091377470772
0.15420658723929453
-0.38310152022674343
0.1730655750882106
0.08714700930755549
0.7822483104388898
0.14058759663687886
-0.4493777938653001
0.0821746557423494
0.13883699842434624
-0.038805530602795485
0.22292686110829335
-0.1941969918561722
