-38.731255244802725
-3.457919299611825
-4.273318383790109
16.354537972072716
0.7994011697333454
10.128982557904871
-2.0964964284384835
-0.42914309477676305
1.1766841937864656
-2.2042981127080155
-0.44545289313761066
0.3859748062285217
-0.16202273499651335
1.213204206200865
-0.019059064761547728
1.1002976638577397
-1.003918638505818
-1.9341756364361282
0.656070618510236
0.9947949369897497
-0.44479874058355645
-0.2169916338345351
-1.1318951328454594
-0.0004890116819582374
-0.9624413335232228
-0.24500251243398996
0.25164203070368796
-0.15200272167676382
1.9580590990924072
-0.2605452704473964
1.1485007412333574
-0.7173821536413092
-0.31175229603949095
-0.5518973171394557
1.0712488111065375
-0.3704267498924641
0.19060043626086481
0.5277609291769737
0.30313654586673694
-0.12671166231490166
-0.09088526458036045
0.09698367805769625
0.5038529949734838
0.2787418255001308
-1.4484774807569358
0.39409526053412336
0.6479064765549398
0.19504589647140858
0.42775893751486077
0.3594966899669467
-0.362415066626528
0.7789076229659954
-1.375131704891248
0.15459796054904812
0.23039057657715242
-2.0932883629847208
-0.2771868111955633
-0.37940095917444067
-0.7373005333616532
0.04040637252897726
-0.2938953426459976
-0.04374135416648861
0.08990620404451546
-0.40173889834355003
-0.6062223150663276
0.030892173003937887
-0.3200987173685048
0.9008918584850584
1.108921997261556
-0.15146969817084135
0.4473120462873601
-0.34067522136231787
0.2815208774782001
0.748160788469934
-0.3270110790272396
0.8504760020441682
0.4823768138781847
-0.2618596227137645
0.26970937553165414
0.1979686501259256
-0.3960336216787923
0.1750076342510913
0.2525172554348471
-0.7531334916841308
0.6108701005817417
0.1093089117970506
0.7240590663547856
-0.22354245479404822
0.8191336100947091
-0.09175151237008634
-0.5461131489898662
-0.06500411850285315
-0.42840912195030745
0.131229351348039
0.9519461873904745
0.1504643694363822
-0.8860500958741666
1.0698964626680398
-0.17121888130917107
-0.15445495564665151
-0.4644047167746519
-0.0030231389609277418
-0.9216046210172067
0.5636764709181322
0.29740279703107303
-0.16691579811424517
-0.23035318078043585
0.622951814250537
0.011995753479419126
-0.6793957326231471
0.125605375573295
1.0609586320669078
0.6541114845464896
-0.03825042285339597
0.28894940157837695
-0.390258270381389
-0.043712772561759664
-1.121060743553597
-0.032837349209279956
-0.07141462512878217
0.44796073667523734
0.9839630455700517
0.6005119016967099
0.042814478941259525
0.5073258700940444
-0.25291355244078934
0.15610481143872326
-0.03296226610135603
