-3.8442103039067193
93.37296490558688
24.1473081701404
-2.7111776767517215
4.657717334862013
-0.979475765024928
1.8734390683741606
6.642986153905064
-5.320453683820293
-1.5470030685038718
-1.0709113043073595
1.9538300379614941
-1.7918583129965953
2.2838589438626125
4.042553330520399
6.009471321853651
3.4491724686988565
-3.4337960546902657
1.5629753656269003
-3.2752758446854155
-1.9221045380843695
-2.9754832611533377
3.9454927049621005
-5.099601962791544
4.351040615152616
-4.8446822584461335
7.6508061279684885
0.008694643746126975
-6.317992447760289
-5.094113310093252
-1.8143774054189061
2.3416172677646525
0.4765318063439453
-2.7098888019212555
2.759884646209829
-1.1920218664888869
10.012403606264447
2.113478337609302
0.4437143432846262
1.5653623286975868
-0.9880726063695016
1.5248637003998249
4.433707620123146
-2.242352998675806
-0.7845597561321459
-1.4926876444520936
-0.69084948277476
-1.127497007400299
1.8551673741231496
0.7001980887651604
-2.1292831132443126
-2.2336934386584684
2.47354612346967
-3.109421054218436
0.47916817558150493
2.1043740852921418
-3.3496170125649414
2.8377465437122478
1.1491522244443575
-1.0841935241668823
2.1971289110672507
-3.414639863987081
0.22302537371928643
5.597550540234794
0.20058727786631786
1.1687327604783024
-0.566304301237266
-2.507688986813323
-1.5252329287852255
1.843343303178628
-0.5736207440971524
-0.7681645989074368
1.1447390288577326
1.8410968812865203
5.655588513200793
-1.0419538298315207
1.2195708021080012
1.3242828718706952
0.11049807084049437
-0.06970755924520902
-1.1648670954864095
2.5838991264010343
0.5624305455283157
-2.299687662340614
5.9273193133147375
3.082025834305158
-1.0807528523205256
-0.19560030845458737
-0.8984462571902276
-0.19466172875615798
-1.4597589473693122
-1.7364285997746922
0.08280880436175916
0.5093361242137207
-2.6428589971109435
0.08601104543602173
-0.7318403555187147
3.9061166040251583
-1.3855252333185977
1.8944469832046442
-0.08965397758701901
0.592558811634378
2.530500577969027
0.42139710730113833
1.307499055477479
-1.1449870371508863
1.083278744762982
-1.0992576312892335
1.3851676167019262
-0.6476106400872118
-1.4595522920697228
1.6359910457199822
2.616725820977362
0.21262777134122293
1.4196365348872968
-1.9520281830442734
-0.8793319802243049
-2.2039406773382293
0.3707787594220232
-2.4715114094396804
-2.1681758990790962
-0.8245731837945641
-0.8506369989598108
1.6948789043106214
-0.44093319592673996
-1.887819058143862
1.1204628099111662
-2.2913799779468764
