39.041143528125204
-55.439541534792305
-8.678209864661
6.910216167390438
-2.8552536682253162
2.8703564124791248
1.2839393700176331
2.0366061003904226
-1.3411192223593096
-6.4099308259836825
0.8583305353452749
-2.180459015061299
-3.6435887852125988
2.0155333868642527
6.650960190676297
1.8127824414024802
-1.5781939701396699
-3.759216801031779
0.6766340995309279
-1.5851430379972993
-1.4900335075694853
-1.2731866957565687
-3.0846338027142175
-2.678651263996878
-0.7622114176265294
-2.965223548206881
-0.5878893412657441
-0.8348338113214415
1.1530148522606019
1.5143015568920997
2.5059403516033987
1.6012601089380811
3.2596299862820546
-1.7644272821784983
3.394954168967771
-0.9784905639166696
2.2340761364755304
-1.87411485203481
-3.009045930712245
-0.8113085764745205
-1.5465372195546516
-1.2786089820260467
0.3963064121531097
1.3741840763478037
-2.307368946235356
-0.5474138786701791
1.457378113427751
-0.5346643586268822
-0.870835982130462
-0.7467532098660831
0.8203130275949775
3.6974522441620223
-1.0590541919154615
-1.4045190129782488
-1.6833506734391204
0.8350479857199772
2.378775316313239
0.03686184133864183
-0.5092850267305038
-1.951516629818365
1.3086792503688305
2.6328637154853656
-1.6858066610263431
-1.4820396064325674
-0.2043168059900339
1.921822848660712
-1.1738063823732021
-1.1023286445716494
-0.7300560716980946
-0.6582097769008286
-0.731402157273905
3.382991571884929
1.9472210141009465
1.811390441587791
2.1098199074636876
3.091150671805206
0.2822730383112027
0.3578810876688262
0.7711262301253832
1.0028740599184167
3.601868132216351
0.09193722846422922
0.2884291126706816
1.6641621279416627
0.7191749075295615
1.9291757205035611
0.06137146476685119
1.8730140807649918
0.9454057560057678
-1.1122755051059954
-0.8230864560746731
0.7372056618997991
-0.11740416807344561
1.190634027269854
2.587532362872689
1.0746540399691729
-1.6778367291960756
0.551046569073312
1.891175424014887
-2.8458715683013853
0.053076968249232026
-0.7932350590450261
1.1312201851224428
-0.019936471302133038
0.3021889348437147
-0.31784675788003025
0.5434141686046252
-2.0412469185464928
-0.10468336779876503
0.5698815654350137
0.8840032382046709
-0.9607508785435888
1.7528616446181566
0.8204192741431471
0.5611080080914173
1.3789181203024
-1.0146826889012672
1.0189380075669963
-0.7885535223953242
-3.005098997859564
0.6527530039378799
0.6061274600087381
-1.2914224019013494
-1.032379765143375
-0.8661567674215537
-3.7370899283158043
1.560840645712175
1.8115751617138798
