-48.58287375982245
-4.097027533530457
-9.10237922100585
9.819894586331014
1.691570569060697
-2.3493799959322943
-0.2695321240097918
-0.7608302532340383
0.1142936180680249
-0.788354780043937
2.4012857617708137
2.072282689219833
-0.8755026109311665
0.9214978731360509
1.7419330669571047
-0.4752281818967904
0.49568838353882816
0.3747637538348154
0.3011293892520908
-0.170481207909904
0.554834391411163
-0.4539899169753848
-0.47293690791044407
-0.8388901949083218
-0.5994982917948253
-0.4638599738158696
0.30999445820076094
-0.23574026607355658
-0.310762729519962
0.8807372309720641
-0.2105955036968501
-0.2217128002770877
0.07379412090996058
0.3214217513638067
0.06353895027244419
0.5036730365464566
0.005787972965919194
0.18652392616729005
0.17679878547283095
-0.04606041535939534
-0.43883863831187775
0.3617835360434958
-0.30575815284614616
0.10950679447120107
-0.36793019747716055
-0.012714096320632827
0.1221787056690683
-0.35831316626286935
-0.46698273059602935
0.346405685323433
0.3126952823767558
0.09741907555057217
-0.02942961556454357
0.22383819565990543
0.3429683191842733
-0.2218703620471914
0.37475664912471746
0.30501596472023984
0.22839075616768956
0.2945389776980615
0.020265695202976483
-0.08413235508059226
-0.10202354996749335
0.09725788865724141
0.12924549904521554
0.6068908060329802
0.3884272674455055
0.4740723961871404
-0.019084374927032688
0.19234245796000418
0.49032423988605484
-0.30080429734777786
0.049937975151637976
-0.029338111710874738
-0.1095424100023068
-0.004607615576486146
0.03747577085136926
-0.16973568584607399
-0.1364130927239125
0.15736244345065398
-0.1779896703063052
-0.031365712321129835
-0.0037997455895013993
-0.08203687653593444
0.16707325046824115
0.0657308155452816
0.004349526980195743
-0.2879643875282118
-0.007830463405020388
-0.030691058424979836
0.30973619862789004
0.18908380289484164
0.019190625188845845
-0.05314888779375553
0.2179444626569606
0.23439830954839108
0.5170249878116333
0.46992904738744945
0.3879102826289832
0.050823046043299264
-0.438855190161722
0.15844744332191124
0.1825321669967614
-0.017435951799560236
0.36853407301843305
0.20643391809981046
0.10685437989746652
-0.2259116938785812
0.2798649521929249
0.37685239934746817
-0.2988297154574691
0.19072694300882367
0.0660947401522341
-0.1158094203853696
0.18971469360573456
-0.1650039679255017
-0.3551271294730336
-0.2139972596015524
-0.4655306463000098
0.04232162392648746
-0.12063781888110806
-0.10243611390992921
0.011594355560031688
-0.05887278637714617
-0.204155459685321
-0.06231540952374328
0.04306359977649293
0.1819378483529306
