-48.21338211100813
-5.74161278108753
-11.028558458952412
-8.984379608760618
0.7280165417052447
-2.3234944590381037
-0.20757811789187824
-0.31489035855411185
-0.6746420523576442
-0.5463425510418207
1.8839605586670918
0.04822093362248009
0.4578518651146042
-2.991487684528162
1.4279484097368553
-0.2888934425380063
0.4726618670842012
0.5151056492140293
-0.8116220386067099
-0.4975368232760835
-0.11917894527618862
-0.857340488512996
-0.1675815621090176
-1.1183197085566547
-0.190237629842653
-0.5111283058345376
0.3877725616700226
-0.3767263752332227
-0.42078266849299784
0.1451787510464238
-0.431665318120139
-0.04208570835895438
-0.11260963979382496
0.0008722169968407578
-0.05367258937455116
0.18849355329473028
0.11559021866972168
0.06337147350146843
-0.20057677072112268
-0.047634022184776054
0.14541948596587786
-0.18794478826760705
-0.08609408688497149
-0.7405145333510498
0.14986094481271706
-0.2603417893422665
-0.26732712936283753
-0.265441872650356
0.21899454689380327
0.15645240424357088
0.0037597541666836982
-0.06364240407268547
-0.00846926030213735
-0.4303438826360437
0.005459448871601404
0.1774695120151243
-0.011129053413998946
-0.03951538600141408
0.3465677571367698
0.14240114293830264
0.44935074473125347
0.6069359595780016
0.11039069867062697
-0.08667672839187576
-0.12589727964010985
-0.21778676520535595
-0.5291384603737066
-0.369772967547284
-0.0022095896951865868
-0.3005671893790014
-0.051877579578509844
-0.1826838865853781
0.3860022606776584
-0.4497941276629582
0.37990809801572395
0.11539175168404014
-0.2712875210862235
0.13412496435307605
-0.015032790327563578
-0.017880673523143917
0.05414626858947752
0.1206880006519366
0.12522147018977994
0.2998950575233708
-0.19349581188886353
0.0318718155749457
0.18978532605671292
0.026366829840705153
0.14288753747411476
0.2696982365904277
0.01201441994546909
-0.08223223064768703
-0.2095778497891353
0.005273479567537202
-0.05513547691768276
-0.22675228902350625
0.38246132599863925
-0.09492673382701286
-0.20780918023701941
-0.2885006647619177
-0.496066348845919
0.02912032097681569
-0.20538066252959858
0.0694283010808576
-0.10636650727515513
0.13244862746113567
-0.014757978008331799
0.11051751382503949
-0.007271881832476942
0.18974487055950207
-0.027610829542299126
-0.15209180935285596
-0.3235502980792387
-0.0746828602286515
-0.2496345527371808
0.1792086526518275
0.053158457577990655
-0.5409318727762689
0.17258548765417403
-0.16393604575110252
-0.13461948895783069
-0.08439000814381528
0.12298691785273227
0.12652880466115535
0.04193662016091143
0.06934162625759903
-0.06818891541754378
-0.014900688324382814
