34.1090284334267
-39.40819546417888
40.23274961359876
-5.199135231727872
-4.07034480812269
1.167546622622343
2.854630349513478
4.659478939066622
4.541298157557053
-2.031460201849023
-3.0342424547641125
2.3733601645477065
0.7166242843716982
-0.11694285134975678
-0.5878376741991347
0.9946766680923318
-3.5280596375661757
2.086744120706195
0.576697276753436
2.064494926920076
-1.759213008914204
-3.958319785718051
0.3117311669216688
2.6338580745872755
-1.6410466996547102
-0.6224696243784711
0.14644407697117567
-1.7204746049601127
0.4278801086823838
1.8919284113092383
-0.43139968426026504
2.267811023713479
1.8052194621210989
3.2466640850070085
0.8005174726594442
-2.940583165189794
-1.2443018568155255
-3.7936242706723764
-2.7876079583749305
-0.9597124742823541
-0.3254390824428506
0.27606918469355535
0.5520332849935169
1.720041282025886
1.883393162599045
2.274766410483596
-1.5421758039517763
-4.948610394207936
3.483352776303036
-3.4593323657862878
2.3686039394482683
1.2017101606538585
-0.8301634450358031
0.9155239254304426
-2.537023262389072
2.222573888459666
-0.003003473580594773
-3.665862545684891
1.030125882969911
0.8002327177557111
3.4999061664530475
-1.5350351462475371
0.0754375592117831
2.3283633024318444
-0.5748589558216668
-1.435600433433773
3.038046342010184
0.17349312383920373
0.568294434322975
1.2532929605850232
0.6760047989723337
0.7927603056861726
0.03184847790356157
-0.7392946287556137
-0.3703740859191259
-0.15692070478669512
-0.8973926047713695
-1.7639637739455396
0.29244973374248145
-2.6969421939913447
-1.2927224779705633
-0.43677995730804603
-0.9657571682697822
-0.27068313180131
-1.8429442749960259
-0.7401040390750999
1.299836505881286
-1.1944240149162402
0.6154465227899597
1.9493699803312576
-0.782242683374522
-2.1647466520670555
-1.347130867697935
-1.6732540700815606
-0.04939868911204795
-1.0378143297857472
2.770029432143089
0.21717207167995572
0.9698278581020814
1.0420677354773944
-0.45437960733286903
-0.4367485757836381
1.670091841014698
-0.1490293032136708
-1.0491221105159045
0.7313441624098533
2.192557904740595
1.5006920340081584
-1.538567716512957
-3.3440145874832705
-0.8258531778128514
-1.4051149675814116
3.202593154040212
-2.405233021313594
1.5274480193807345
0.4993078375425018
1.3009694888522645
-2.0221627653513865
2.056673110364231
1.4513177966678963
1.0692234279909834
-0.6326410538209877
-1.119855837633446
1.1143045915261613
-0.9094263839565123
-2.8858080910449195
-0.030550194911855268
0.18658901231382546
