-48.33069679624449
-5.619775034611682
-10.851462688040499
-8.908000793794924
1.0106217489749327
-2.657552574880701
-0.0017161949804631038
-0.8252509519261724
0.010346863209934248
-0.8078228631646805
0.9862592530701978
-0.15355455841355453
-1.7072587166850655
2.0139513696143654
-1.0561928425825913
-1.1082400825598833
0.19558729533108607
-0.37325348217639637
-0.5617149614247395
0.4899593227936005
-0.5317488715727301
-0.4525754616004888
0.10986438345574451
-0.33537056270592336
-0.45851396248827236
0.07046320786730838
-0.13174883578183713
0.002045539522781692
-0.3429821256880066
-0.29983951344528104
0.23885309394469462
0.35641599058946694
-0.2751089605437993
0.01764538038685344
0.15116013462141947
-0.34188574267886107
0.006036569768632136
-0.23699237750723998
-0.13083646458404102
0.28569659915412177
0.030618919239271708
-0.08868646690250184
-0.18180183837184616
0.010609001925634604
0.0274566347706488
0.3844378489617071
0.3262816348176915
-0.20378325640467482
0.20270100311403155
-0.12563771091465598
0.2052308583903721
0.0021022831804955906
-0.11580990212499931
0.15551633611762808
0.05463441086373942
0.4021184477840124
-0.08054841618597476
0.05065607707735163
0.2694429798619751
0.030257839893441996
-0.38550397882871346
0.29013146425572717
-0.19977756508467379
0.05117483889008281
-0.20404772124273277
0.029901142785518142
-0.17399642785585445
-0.17411951391576969
0.11515989756680832
0.10027127966681938
-0.7609584357343503
0.2909670609779784
-0.2839574446257445
-0.0016965579412902745
0.20945414881956784
-0.30497120525198596
0.3189841151782642
0.25527343514450374
-0.37938111695668986
0.17051012023095133
-0.01020462334086273
0.32655527147749897
-0.08798742780272102
0.27182540693764046
0.15340410529424162
-0.19870062395772486
0.0023441974945659916
0.3567352679166352
-0.27824045283025256
-0.0649212230267419
-0.060473972622637
-0.10239645658571239
0.04424443383701995
0.3586970305055995
0.2550658328291009
0.2042338611086803
-0.24993765033234233
-0.30836030698323097
-0.25835070834688006
-0.2626713708143738
0.06394748750442633
0.20148960339986255
0.17078780406695768
-0.03846719449530324
-0.20028934203087656
0.2617889119519423
0.18680309209749665
0.5214562769692596
-0.09137953616781133
-0.17553157144131964
-0.2698546454250125
0.0358752921462923
0.01025159872695508
0.17000768143172995
-0.17712659351223417
-0.12569754808270098
0.1173214999814812
0.23973365495346097
0.1343682551383357
-0.10078149701294303
-0.0025523875372729377
-0.10380496576324967
-0.04098241380630766
-0.23959101781287534
0.2836394516564147
-0.12764503455685555
-0.07899501995028672
0.044371212066428245
