-22.788143432186946
-0.4619905108707293
60.24590738746607
15.290792917118553
1.981445379176841
7.68831877526285
-1.450505830839619
-1.4811321174099903
-2.343329294831493
-0.10317303676823342
2.145939338109206
1.6769728797023797
-1.457723705264285
0.4550474705532251
-0.2379042890216118
0.44921451777004817
-1.2295843375865398
-0.9118145440936686
-1.3038760419385567
-0.39629523658041843
0.4051229156709268
2.6338724071418484
-0.06327950507736149
1.1705679025425193
1.5173418442697186
0.12230803690887186
-0.4577456901521052
0.8065573262293368
1.4331768579201838
-0.9437107752346763
-2.2830249890607366
-1.6724789260846649
-3.325131544506882
0.38602066363947374
-2.0123835778306876
1.6733929456690622
-0.34184256214531017
1.9337990261797995
-1.8999445834545583
0.4922201144767696
-0.7934926428657595
-1.216221541700467
-0.3017416315573471
0.05997706499907726
0.06154304160575337
-1.0696090275733119
0.8260082186234703
-1.4754192529976906
1.0506328401575213
0.8642880785278316
0.40244926263548003
1.198211431118349
1.1804311915913792
0.6978853629801129
0.7016674973222373
-0.7533493123985575
-1.517011211068222
1.3982890928675529
0.1986090986556045
0.3754520015055931
1.0855743955384967
-1.037161003843333
0.6652454940824628
-1.0608076116309044
-1.3472865470324464
-0.15377442821020526
0.13518047574285325
1.2030681878544651
1.7030869554047923
-0.39553089593491075
-0.15062650131209332
0.3755905909622624
-0.14008084086978034
0.4707382749012149
2.471191763262533
1.2033885295441455
0.13921696168037667
-0.9677377780616373
-1.170049536696793
-0.882280084655718
-1.028145483398647
-1.3675948963050837
0.2541475985603462
-1.35659598732573
0.9782722281651173
-0.23522914381234233
-1.4477996442821244
2.5627594463647108
-0.7766934641681139
-1.2112802215950227
-2.1896836766817116
1.0779334700543748
-1.0443774182615608
-1.266635765219172
0.7525269084547969
0.25285699864662736
0.9695652913833168
1.1803335089550548
-2.054220364457997
-0.00920769116281435
-0.8999498681264031
-0.057693709991288894
-0.6530791696083933
-0.6647862865617451
1.196425359951509
0.42638451927843946
-0.5889498160502936
1.379721287952828
-1.096057149476256
0.05882194681787742
1.1626288354193752
0.5641357580026207
-2.1224923742963497
-2.968080328772514
0.29407509792742936
-1.0415504488564398
0.38168648355182605
-0.24526152774179344
-1.967596698310955
1.7710739488244243
-0.13115371582301488
-0.7611463384703956
2.3511603008811655
-1.2306458475243625
0.4787571484768492
-1.26864254310602
-1.1962253591465462
-1.4532191635073959
