-43.63850008733616
-22.98137206371684
-19.55172602783248
8.472844930071641
11.987448996206039
-4.041510274161613
8.296764254112537
-3.4873212989441296
-7.226746420360415
0.8005454461654453
-0.7721910003689352
-0.3101102047243378
-0.42292511565344304
-1.8389295207609377
5.27031494408622
-2.053563876428889
-0.4922712820008902
-3.918028177007846
-4.569246826986246
-0.967114522901046
-0.9458777869871461
-2.3594357261579777
0.05083439573875586
-0.009769230822677166
1.5767784883175413
2.060080285214276
3.0243584747755086
0.9454776222670018
-0.6225181853661435
0.13762131959020768
-0.928004881646731
-0.3601061372884588
1.2840425466377114
3.225383343437371
1.359991198295329
-0.1493594406017427
2.0902713584323065
-1.3380826614014019
0.620385912229158
-0.617137133878451
-0.336022078199366
1.094238842790631
-0.014650653357288601
-1.5510229023286322
2.9761787184921715
-0.32101089805893845
2.533524824288031
2.5022594703880596
-1.3021657769832458
-0.4294475970726627
-2.1659724999396963
-1.463336802358779
0.4248330245541642
0.39427100179441654
0.7797172556005376
-1.0581166457185482
-2.6963335785579745
-0.8474868378365579
-0.09985971478362748
-2.5874401655051456
-1.771890246778422
0.49654789387433385
-1.7066227769880886
1.263938019297305
0.07496748807083528
1.1749173716254386
-1.3910898277641446
-3.1046329503136776
0.7212733810998205
0.28002282885661056
2.243041919719565
-1.779950818431651
2.7830253956143096
0.6535894794485944
0.13070403241617506
-1.694606560629797
0.5632255761024473
1.3137156604075275
0.47576165269107196
1.806970762682212
0.18670307574587153
0.42028655573341445
-1.1642248485912439
-0.5309372278273321
1.0890616508408304
-1.2605321976026371
1.604588813641534
2.31091292289229
1.6154524997700799
0.7725154808067182
-1.2397333766972216
0.8022312803494549
2.853020987294422
1.8834183340875
-1.660696712181282
0.5071418687707892
-0.46566320009067375
-1.3001872872207692
0.3010835770867386
-1.2855724572927831
-1.0293069942616464
0.6637418133028483
0.1677853882644424
0.503764757390304
-0.6629382693244908
-0.5736564070130463
2.010757682844904
0.5582337478502227
0.9955496087849371
1.5533172361266447
1.658558592703725
-0.8885738239853392
0.5326436805781957
-2.180268913565471
-1.207673711132161
-1.8123306429911132
2.105084847292751
2.109340420529437
-1.224901892442287
1.6247509456449947
-1.3080014287742046
-1.5186943691591777
2.6061304597693784
0.5637062682702979
-0.12416223186834258
-1.0807034073061104
3.6022034504703075
-0.8629523063042321
