-40.09914660942138
-1.062998867421141
-2.4746688521123152
-15.356452049874521
10.039861151170031
-0.9879207246983779
-0.8094896176682985
-0.5977822526809186
-0.2661407482200779
0.1897939505688478
0.6201745039361984
0.3568550039571329
0.5445539933922752
-0.23069780375661045
0.31776854099503515
-0.2729417955354009
-0.024575932407734535
0.9576032937634882
0.027153856177614788
-0.12548129946846998
-0.0009292967242005845
-0.572487372876758
-0.07500098052512853
-0.0641539397402257
-0.19113019646471752
-0.3917544451336948
0.6188395164549296
-0.3376124640469208
-0.27200061811177867
-0.23824157398633639
-0.6339908171350621
-0.4519970304595991
0.737547121605304
-0.03986646654194814
0.025984079396274565
-0.15199670283859357
-0.24459958439305673
0.03378159079562831
-0.006481914026843588
0.031996993738614005
-0.3096164503325347
-0.2520851130634106
-0.2970922379725689
-0.05417286122393412
-0.5107955029726926
0.49297282397772024
0.227750771517999
-0.21704967807054762
0.08562411850069734
0.04338474356761887
-0.3101912204381821
-0.7383754075787151
-0.019275645354757565
-0.9537611614328443
-0.6343774895946572
0.08439558508206076
-0.1258588665683063
-0.3141598407242684
0.13232122022006074
-0.06903375530880798
-0.3644454380321898
0.38290949123074763
0.6734368839429518
-0.14782063182513255
0.012417140223428777
-0.14232815986983052
0.22680303749912906
-0.4624615694343647
-0.39608624042251805
0.1546887236044962
0.07992837659457586
-0.19623576289392788
-0.5048645837717308
-0.10514459197518616
0.5353694713330809
-0.1818720488779987
1.0795074283441748
0.4484559935161059
-0.0683085891671701
-0.2008666422269339
0.3450005806392772
0.7071868584656217
1.0030824791219295
-0.35234291468477025
-0.7363505270727794
-0.7933877352323723
-0.1675205212421826
-0.02097324660490131
-0.7398428218099851
-0.16765912926517848
0.21430028984619595
-0.21488716169202435
1.0658763527306256
0.17040301570434668
0.08409760540659887
0.12398024960467235
-0.26881315569223524
0.02467386111410115
0.03210411887522509
-0.5007176203763213
-0.23270049668670859
0.2405606851206295
-0.7281592285742774
0.10649505084668859
-0.17506662347052132
-0.65665036044018
0.2668643549467146
-0.07616795809554572
-0.636051218521665
-0.9121058008710832
0.16213514807833873
-0.37224276127884387
-0.4253186090273762
0.05910987461524111
0.6965053096477601
0.2683067108065043
-0.1614153090914543
0.050808143313855865
0.5139296728236241
-0.5719915844220282
-0.4020294053760309
0.024723893927241482
0.22984255993531477
-0.10196462505587447
-0.12017497802922775
0.1532490245621727
-0.02994452951984826
-0.0261426656088243
