33.50999774678701
-36.80002685674722
39.53831766503651
8.514110294097435
1.4820098084135895
7.579633546137424
0.24091203257774313
8.310040419340197
3.7622969535534962
1.521639540958125
-4.388605658457011
2.285093000052303
-9.59635238965543
-1.6875982879828104
2.9329917018346245
-3.1297249040768707
2.818555768158187
-2.1005589650464205
3.6573951830790516
2.0340324814927144
1.9309200347406823
1.7491234983884902
3.234625322616544
0.5527485316343751
1.9245667006724563
-0.8845702892183055
7.055993110738625
5.268283043228884
-0.7232384292837902
-1.0675746754574418
0.813807946643664
-2.381430597607688
7.0332655218133215
0.676854380742085
-7.813309321268453
-6.503981495803994
3.9407554751407754
-0.5265733934335383
1.7434170107132365
1.2943565106779118
-1.676353648367635
-3.9720882340748362
0.50837287889091
6.03489157832283
0.28700099834859844
-0.4791927674113148
1.0915858908067764
-0.8996987965126086
-2.0821031132934973
-0.792374686421521
1.6866281879652545
-0.34269175868419954
-0.9074598853996504
-0.023894121251099742
1.8875386945092325
-4.5795017319804385
1.9757713469839793
-1.9340804170696797
0.8505623541766199
2.0611362411073197
1.568359665351213
4.075188420455306
-0.9405568776148971
-2.8655614052869143
-4.32378198214329
2.6805972803289277
-1.295750799183826
-1.8206417883351582
4.509573942973318
0.033515374460900055
3.3243017336324634
-3.6360027951661587
-4.2694256765562795
1.9661473905492608
1.6390724102675915
-4.299180585577705
-3.7541435206351244
2.023954468530007
2.9990262686985347
0.8800413434626482
-0.6249156050703817
1.8590210082220815
-1.8183645760417757
-0.1654441817659915
-1.5912494749390313
2.928698546379939
-0.5716561082106117
3.91465283459532
3.784041180639477
0.4411528093440965
-2.5044152907158956
2.2506159035195297
-1.4249560559829244
-2.3577222225002803
1.5240090567270037
1.1201626215443776
0.1359001046875613
-0.569784770903839
3.0004538573351054
-0.4185507417849756
-1.2835949905243869
-1.4801509306064105
-1.6277556427983426
0.9777929750026959
2.017820884430305
0.6369726024290399
1.4457394437450168
-2.404368431201889
-1.8688912392936445
0.6946113129793187
-0.04372921184657985
3.44469049828247
-1.795428010736391
2.707568647784946
-0.3881252426902563
-2.0259370888352817
1.968532377794858
0.014785715646968844
-1.754034168444639
0.39456853044796447
0.5980604476033511
-0.46433749775537875
-0.08013155764458764
-1.3618407954388227
-0.4232082217493556
0.7741475513882056
1.4796906315089495
-0.4892913194281818
