-50.81976421392308
-3.7292188304816185
44.67977000612621
6.6680793495248
-1.3764509730952845
3.23840203355699
-0.9769389870663283
-0.12522899451578212
0.6187342728751635
-0.05905197188242606
-1.4016053661764412
2.1443803092864373
-1.9603443255763462
-0.6898822639793498
-2.155941830029158
0.014278076421518515
-0.2670006967374904
0.09107172204960665
2.3979102027835864
0.3876477357241893
1.871219161483471
0.20067935999063613
-0.14642741153327754
-0.24397043294266024
0.07710010608262069
0.6099353742534952
0.21852923369321026
0.11452179102776147
-0.2438964040298759
-0.3100401447743594
0.12648003633501703
0.13770985773303185
-0.22265994212725787
1.0808508975219346
-0.08367815741138684
-0.14621144889293802
0.30714166969530626
-0.08058435493203167
-0.039661301224761414
0.22455903155275322
0.3303281073574231
0.31092180807316194
-0.6262879337303562
-0.13246241423331737
-0.08566404617988714
0.0452747980244174
0.5550676281629477
-0.2157889314717941
0.000612469163016674
-0.5507708777033656
0.2934755553356877
-0.006916936763757819
0.10503700481351122
0.14806795202190845
0.11184793430242215
-0.18135430836506375
-0.004773184709485012
0.5069479730704662
0.03493089680529393
0.2869475327190285
-0.1598034393367189
0.15031811567398504
0.17810104207635188
0.33298144585982636
-0.14780831830429458
-0.12233659135322734
-0.24781785707615323
-0.1054508977907082
0.023791233393159368
0.24417060063824103
0.46911041836261225
-0.05909103182554196
0.21965771217834906
-0.15052076051217633
0.34684463029689416
0.20211052253414957
0.21697971522017817
-0.1656673121060042
-0.3170381910830483
0.05362108793090079
0.273263028464
-0.3252917246055606
0.15091886518084646
0.040376753806209004
-0.02686945429558918
0.4010634106048757
-0.333763801419527
-0.022389099076196795
0.2679137966121046
-0.08421258973474448
0.3905148528928801
0.01457890177419624
-0.03471671034025931
0.0361153899077718
0.1442327431601294
-0.021808058635226113
-0.017508895232344602
0.18565893671139405
-0.10324717529926254
0.19283949800643763
-0.09736396690069714
0.02010768913723418
-0.025358248339883982
0.28144939688111914
-0.3948779442087108
0.0644537638997646
0.24989623363063856
-0.03942907504759734
0.19367924572540682
-0.3460188559364287
0.022651011975211632
-0.006143707332729946
0.2607958246251752
-0.1867849136284076
-0.040447377211874636
-0.2369481005926129
0.2143067922514167
-0.18824280994696857
-0.07536778167766679
-0.015926985172199357
0.3557412562613471
-0.07509572451804652
0.006132064149762126
0.2651419390069394
-0.3254865742490734
-0.0917162927984098
-0.14568682475164402
-0.03604273651383811
