38.06835743345487
-53.79334647828753
-9.130943938979007
-10.82545325995427
2.92729953289695
-1.627697884544524
-4.5955104618322995
-1.9150242802734154
-0.5402232829527989
3.9545910983463983
-2.8223966265991907
3.1488142258636076
6.694126383650903
2.038600499419892
3.3861118942235433
1.9873402469216042
6.235531346800073
4.518987087359686
-3.0273640804812816
-1.007901916401854
0.24268827642384583
3.706056189447613
3.832018548348458
-0.555739846343368
1.149315416419891
5.378711029015679
-1.8337823695788298
-1.4741569739025238
-0.9181385221225217
-2.041041548080465
0.9553948952814892
3.5590484754591913
-3.666090237997926
-0.6216593350062389
-0.06376317764611586
-2.4508173621529683
2.5947355859758874
-3.290239447160025
-5.8860136805354175
-1.5494053573673918
3.0873318213112384
0.38040622650349154
-2.2844605231388977
-2.396398844011911
-3.2622351289666973
1.017635564127555
4.535990771481022
-3.552140008527738
2.935612021495439
-0.20973619517276548
0.8285861762326111
-0.42222539878262744
-0.5170485821567169
0.22442851495146346
2.2956971863788342
-0.887541112484743
-1.88749452052491
0.2677103233060807
-1.280080474410856
3.006433236155565
-2.7818053760209596
-0.21335914757209654
0.3937277632800161
2.729896621809967
2.1841834037128756
-1.9967055661316138
-2.09251186129438
0.4031973921747962
-1.7790481518202061
0.6038719207306241
1.7780249920777156
-1.6310534142162938
3.4575082355031275
3.0703990110861556
-1.6654191141523969
-0.47493747801412944
-1.1167831064863925
-2.3680956712928274
1.6150708088584265
-2.930494612750431
1.8484353774455506
-1.1614986428096115
-1.1969184431422333
-4.309388215489759
-2.1912717264383557
-1.144924549569611
2.588404192963262
-2.043089380468626
1.1256060999774338
-3.537524102940727
-0.9746903975162706
2.083103218402486
-2.3981957794361066
1.0281409758229032
-0.0989555791842956
1.2490158900246944
-2.5696770775656317
-2.189853643230494
-0.29040683409981105
-0.1476267427349161
2.7306137624541185
0.7950169303173419
1.376958038804509
-0.6720585355010174
-0.9260504296792281
-0.26018670940546695
-1.8718426388636515
1.5311369113781708
-0.5876247201224368
-1.6349000337095423
-3.0319285705138967
0.8965977287618923
-0.3687833698837093
-0.37325313015973816
0.2493374041487288
-0.36668150849561876
-2.9124866506433893
0.10935383501781393
1.1653399816677934
0.05728191165195298
0.4831601620523811
2.0295510391926013
1.8563801457701905
1.040231769499575
-1.7071137535646055
-0.1791302236099043
1.080834474226833
-4.911241654395241
