-44.86272827148013
-0.4608597970471749
-7.802892186629949
-13.304244714657942
-7.6281280465872685
0.0726122469785559
-1.58482284763294
-0.3228776046671132
-0.7484230592257509
-0.07067070516961374
-0.2530208474959381
-0.026010490820935567
0.28950731258083096
-0.5378496724659144
-0.19786922250638
0.3857804962643357
0.46730105008699074
-0.21465994721655737
-0.3242373961713513
-0.6777107675122347
0.13298740846395718
-0.10346233260944228
0.36118194544136384
-0.2698026987874904
0.15762827869974533
-0.0031365435927998703
-0.17235631741671925
-0.03755813741733076
0.2229836939969739
-0.3212848304960779
0.017456713342856874
-0.023287364301108268
0.048460716811703206
0.0774233189148367
-0.1950573543713287
0.14546157176228586
-0.3006179021933655
-0.16355031444461032
0.27468767864696436
0.021414466727349618
-0.17362701600913816
0.3395339729982815
0.19826599147536356
0.27925796508695444
0.22286033941890845
0.17921680561425493
-0.10015267483301109
0.10340288505089099
0.3155119914079284
0.0775147182437789
-0.11839504512249063
0.2707660098900846
-0.06500344364416268
-0.1287078237914555
-0.05669195636083931
-0.08693737747854498
0.2347461429004674
-0.05681111095454425
-0.15163475473442956
-0.05901411072139582
-0.13160886021518658
-0.15308839065618307
-0.11086208046932941
0.07011558234090531
0.12878278099960266
0.2894714030171471
0.15945077572615268
-0.19098011044774024
-0.02812931297716814
-0.23917261385616223
-0.1320528261455336
0.2280745111639342
0.07126513668909439
0.023879349975590467
0.05061487225505029
0.013705379838849396
0.12625681340667436
0.019187018820412433
0.3739512928615257
-0.0914755209938537
-0.1839427212980989
0.06947271314949874
-0.11531919052006945
-0.056461415377776214
0.029292202518863997
0.273909826487503
0.25498644606895454
-0.23239208399727407
0.08359941846565505
0.221706876779127
-0.3679482289515347
0.12573838451256444
-0.10793719461013646
0.010997447168253363
0.025788912121267972
-0.0771742323843765
0.1189171607452213
-0.16992574411305986
-0.23911584623973053
0.07885187607566613
-0.14765448997707276
0.23976311869323083
0.0027890183949304086
-0.061343511229440914
0.09999792789709319
-0.21906748499009496
-0.1647499194267759
0.25631897173774354
-0.09975994864498067
0.15128189758205618
0.03162705493409099
-0.11882327686915299
0.082510070178902
0.2697897160462057
0.1193071305341866
-0.1896194360443461
-0.07417443523371323
-0.3386199541131993
-0.013806141138616692
0.22153178184493444
0.2948008819345774
0.14071763158875988
-0.23470842286478732
-0.20473990205057613
-0.07293856208503548
0.16112504494610358
-0.12219028174978251
0.03183578446577023
