-38.01636732063457
10.659821608372853
55.51979221904783
8.750317460914884
1.907501648743625
-3.5086169910659812
-0.6497894863498446
-0.7004330786997665
-0.4735903297587861
-0.9932334931983388
2.465988443786139
1.452204731209601
-1.2453319585379665
0.8032293159774005
1.6794034449634734
-0.46390863368215707
0.6151779580361935
0.1930992221744817
0.22395321493158957
-0.2717137081645422
0.3561253076161474
-0.6437258327350032
-0.5218577094985973
-0.9871364007088697
-0.5706130067580635
0.022887709501812875
0.6938494993216133
-0.3199976577268051
-0.3928895880460517
0.47312287490947724
-0.19320337673736582
-0.4602752953088516
-0.12261893288675443
0.20776797018841028
0.12151474726738515
0.5935270401217787
0.3419401259892576
0.06021838325605888
0.2923708720820748
0.15215277491593998
-0.3513278367578063
0.36720040603002574
-0.4618720941477197
0.06353292392687093
-0.5041068483950292
-0.12450050801488359
0.17893759813892704
-0.21902485325882376
-0.45895123147938593
0.4966145599511893
0.15459980311731217
0.12617902051951485
-0.2848237735646447
0.24297215958210774
-0.04973828830824145
-0.39600969175517964
0.5663443632023892
0.13541565330047867
0.0810589763408345
0.11797329271134442
-0.016724808956176035
-0.29730279897886447
-0.08452978171248833
0.3616334473044326
0.37314084719547
0.34001187160420016
0.7328052311821188
0.5093496618195121
-0.009662664112747132
0.2868640281536856
0.34235731225171323
-0.05309328560408716
0.056301894741362934
0.14269309160663687
-0.09925971655269947
0.3606063676395466
-0.16044015416096574
-0.16785011835812425
-0.38699835529582594
-0.0005887709399149954
-0.30657821302290034
-0.13709076118801156
-0.19989746845032333
0.1133513272723266
0.23534532082651732
0.06406303206832535
-0.16099931803077275
-0.19957563758596994
-0.03949078356110461
-0.00632505228099961
0.14452828353481031
0.2055730931158589
-0.0449883640834991
-0.08176438810553689
0.17110617202572295
0.01022263524817632
0.40254153645453106
0.16849685139639342
0.659274959513057
-0.1074365037461613
-0.403594619815432
0.19090509041453177
0.0550967220492468
0.013259610869115892
0.4220892272466364
0.07868830974697444
-0.13754602196698906
-0.14290361041908367
0.3338883376380318
0.2732364255691898
-0.16574918545430117
0.22590781544697489
0.014749279103539514
-0.08006407857639877
0.026912280631312846
-0.13952435829121476
-0.3145249326764149
-0.2922590729031616
-0.5386075010999163
0.23462218078497515
0.05115433864083352
-0.18086358188885732
0.10606631372172838
-0.13039508152642632
-0.0979752156790388
-0.10680825706760631
0.0859189100211345
-0.017753064744164826
