-26.025897386203308
1.6198186578017482
57.92104982283791
-14.301163475058662
-7.485142348802479
0.3355266085967503
-2.120656115591898
-1.9316152086952312
1.3004225017366187
-0.11888559721380684
0.23265120351033036
0.6221524512226311
0.7805983778543522
-1.5064795035480119
-0.07050262498825305
1.7953541894553744
0.34541520731575
1.9242192611684947
-0.09470683073018538
-1.1195697235250543
1.0591857054865241
-0.5393288505780587
-0.14256285842479358
-1.4299929189758067
-0.9202598693851497
0.36000583197659575
-0.004480110514667804
1.3207471005822728
-0.28657427076732417
0.5998483752014362
-0.8270863960088981
1.4015409966677754
0.3271607051180643
-0.73958148346794
-0.8534881315963208
-0.7801158383309693
-0.21310423130138262
-0.40245524333226135
-0.2299854420751145
-0.35809108382407395
-0.5242839511043803
1.521127996754047
0.37773687838737446
-0.46265255580818837
0.3983931290853774
-0.5670789122624608
-0.8173833699096258
-0.9914489977938257
0.22677614554022807
0.7538886178897968
-0.02647912496436925
0.6404662530939479
-0.23036208238479702
0.535340075892519
-1.4910296343940042
-0.2974503448481046
0.3586099231451591
0.5251336129712326
0.22921350792625592
0.5816918904703493
-0.6584273231610492
-0.6759934927485491
-0.389498925669813
-0.6081764874775994
-0.07576548666131735
0.14016232540855114
-0.16639216993259304
-0.22546642013769247
-0.4045731921263006
-0.29993549055278673
0.5241486422179031
-0.5841282437761204
-0.7573196699110019
-0.23480416699558804
0.6088618097050312
-0.7277865056139363
0.24692405294783287
-0.35110295117139395
0.40712857400790387
-0.019799924069266422
-0.5215373030957225
-0.394475098376293
-0.4922761024844997
-0.117614465506738
0.16896358475885764
-0.6746194695121908
0.5432480340697435
-0.19527209295652764
0.6393243378238596
0.21434631495851358
-0.41896375700121086
-0.03729134383165257
-0.21662766638495998
-0.0770237052355428
-0.14213111884721563
0.06146018862289158
-0.09771705503714756
-1.0096410482850613
0.6118092499475601
1.2532385519038984
-0.21657829558695313
0.4645512612769781
-0.16916272532558985
0.17248589746588522
0.06819660602470468
-0.2729748131472588
-0.20860259306720388
0.33270544191133744
0.20464844800895263
0.137743684988532
-0.92432535832507
-0.537107147157659
0.288182279798779
0.499614287254088
0.2898358883918519
-0.11843313395815905
-0.5538246684841049
0.023313118990402032
0.22808102833254654
0.44603972483258375
0.7651359536728839
0.08930667994758114
0.13188401589479376
-0.015548048551191573
0.42058311564997186
0.3235082241284367
-0.3421716129611887
0.9507532832283419
