84.76082707162813
23.47903357098268
-34.42232510196565
5.460820136317141
-2.485973694398166
3.834198992444713
-0.9525848745408049
1.1866247452022072
-11.805669741414542
-7.98372477433793
1.7925716956155808
0.7685316026286114
-5.089212467823349
5.146316902465753
-2.4884139128720695
11.018767542049154
2.447165001008254
4.543811564259415
6.906424477984348
-4.731143317605719
0.6156146577417081
-3.7143992900583838
-5.722416456628669
-8.352568603925032
4.933995626746407
0.5787111647384351
1.4966880648648648
-1.4172917100582931
0.16069142785983223
0.6868023864298437
-1.943682002393422
4.790535118954507
0.09524260934298134
2.9265159611566727
-2.8095274014918457
2.281450657261669
2.7402061213798583
5.552871317393871
5.473928172748038
4.749138294914883
2.7543207422325584
-6.224018882247942
0.8950199155884596
-3.715151045112727
-4.751680262340847
0.31950729879217943
0.47748813770222837
-1.1922069478990387
0.42581331591610744
3.4057507431923995
2.834860314565484
1.02837600131179
-1.7369352631012251
-2.297112230329525
1.9471690378344761
0.42023436821191296
-1.8538844038982583
5.2073311532566136
1.5285513286280539
-1.2215516143240068
0.12713401619000356
1.5958292314954785
3.5397578717870464
1.1354705983669413
0.7468254158384625
1.1334347562537406
0.3360558751262285
-0.4230686876677771
2.641403852960009
0.7997737320385144
-5.167007445441597
-7.395551082335616
-0.09086954641682021
-0.9770844666081173
-2.1439039674847553
3.4891810834310797
1.7809641932734392
-1.7795723466906503
-1.7029281669322547
0.27621694250817325
-1.6459384908592425
-0.8396133547854427
1.0250066675053187
-1.1985967842326546
0.09864915325678023
-2.289647276362299
1.3731064846890633
-0.9030993206585798
-2.7401046731380125
-2.513237834758959
-0.6198691343680931
-0.921307393743433
-0.7283996509081065
3.650290334656793
0.1782278874589317
-2.8957432630994533
-1.651771560046731
1.9605482919725958
-0.12044130302383693
2.989162381014666
-1.3868579449143814
-0.7675144472588908
3.816644047393796
4.565280957027877
-1.4575057897649026
-0.3760909590031485
0.5700821414712561
-3.415319216461178
0.25971542537374226
-0.5251883641144344
-1.1154900137841528
-1.4768354124050354
-1.1590189188629108
4.2366975109672955
-1.7630062546839806
2.288654416218778
1.5579988795178337
-0.44898944799542967
-1.0705058700634207
-1.046503689729259
2.7949533018753754
0.2530683248749148
0.4328912179858371
-0.8260593435926186
-2.0194080027368186
1.294181968892858
0.8428288137575098
-1.7705015742303112
