-40.50476565064006
-0.8958904817484197
-1.8748989002742311
-15.158157822163549
-9.785426404596848
0.6250263640713899
-0.23555734971613998
-1.1556777972008638
-0.0829048462549256
0.08151804013532608
-0.0946510604883072
-0.14711931937761255
-0.13389693602815836
-0.3020831143807465
-0.12211922178613405
-0.46291956797034833
-0.26632313598902546
0.16425089913507973
0.6822868513977178
0.199342388661438
-0.14685655969506228
0.2577897617038803
-0.3271150734263676
-0.5407830629205473
0.7899317817342912
-0.27239777818191835
-0.5695888316265705
0.1268545188686538
-0.02042925284479013
0.04685101310767948
0.6037439609442365
-0.35339054345438936
0.3969942112166931
0.25228718671078787
0.09203726301675481
-0.5672974684038277
0.21860655093081224
0.13866536291264292
0.393834394394303
0.46882449149803734
0.49938558388532267
0.030349463601692453
-0.030889801494998412
-0.5467909221450193
0.013655818258808317
-0.3103294807618051
-0.050116895865255515
-0.193417100847696
0.7416005161929882
-0.2998317680330054
-0.29966559236989204
-0.1772332645162758
-0.09497750840878419
0.4404638554201076
-0.3051693786180442
-0.1666787886720677
-0.22011634025514895
-0.2606560520759598
-0.0018034069817529684
-0.13028805953539235
0.2638601630060185
0.10920534417549663
-0.22767135505779584
-0.2815166171693602
-0.2761588652907309
-0.14786387283260663
0.16141249315754602
0.17561206088350098
0.007746651797848829
-0.12754055190067431
0.26864774443087414
0.08867342289171104
0.060193620035827136
-0.004297460125912492
0.04090909431012967
0.005770881251969166
-0.6546114236035779
-0.09276810639501379
0.2021497558454359
0.1389298247184687
0.15009570072994366
0.11465783610675667
0.04760005210896917
-0.648001282890163
0.03547730970840346
0.30779036131808707
-0.28234550442016165
-0.1628758476629441
-0.19490713499432444
-0.1757039543884063
0.0722844166950127
-0.0751906219555648
-0.05654701326052065
-0.1945903708342175
-0.44118366867130937
-0.30531737693929856
-0.14307788870081092
0.02396768728449955
0.15356615811443244
0.05950129717487541
0.39239408187450303
-0.009464361430906565
0.3872330057123048
0.006537606287507589
-0.2273476975494607
0.1013825223353774
0.5261098576828867
-0.011366431168385968
-0.18723985166608154
0.06686818505704087
-0.03713202930495888
-0.24200586001860314
-0.4355097036732646
0.2514173186027068
0.33870691054112895
0.16087742521714302
0.1476354725049942
-0.08232886698789187
-0.43306763881852656
0.33624162278718106
0.14776250154767498
-0.2881034535566663
0.09727466768467258
0.3934858112413048
0.36061001048080765
0.07029315755232719
-0.08692886072638059
-0.13817210722970857
