-44.642811343211285
-5.0458130788028255
-9.5146172995812
6.838710650261282
-10.703730041709301
-2.646021245059094
2.4771790138249017
-2.0319328843869915
1.862205567319452
3.321374144559066
-1.7710476416367795
1.0826513665053525
-2.508760773585583
1.7485669179223637
1.9376495367214759
0.4212645184954533
-1.2425612195550446
-3.129350426903581
0.9055534201954885
-1.0278020053708707
0.8995672830414908
0.8468662132696304
-2.2575969080397904
-0.5401102934272661
-1.5431029634454587
1.2527493341038185
1.371875025081118
0.004474830161667699
1.5610813330662252
1.286166159971815
-1.567976367374648
-1.3351568878155216
0.2687888303157605
3.710809798230797
-1.3800701616170623
1.6737030637627996
-0.8020252063956684
1.4686223173740274
-1.7723172741319173
0.41533874461728926
-2.051248581652488
0.03365119646467189
-0.2649024090624619
0.10750739473685476
-0.6964504092310184
0.08897294463307864
1.3515466890874892
0.896478090245014
1.5022483675956746
-2.362607728549323
0.8685471285051961
1.333329933832267
0.8473894314735818
-1.712710144077696
-1.7555639923344966
-0.8505032819743249
0.2848272508659067
0.5947022355469644
-1.7327846351430194
0.8874021359099565
1.8413834590335798
-1.4881216526656755
-1.7925852830769913
-0.22639269134132028
1.7038685126878015
0.7834592347354338
-1.1979927906199586
1.1302622194122678
-1.1570637998104627
-1.2791119726265725
1.319731228707941
0.3737682897348449
-1.9770843230604354
-1.4495952886392325
1.006276042308492
-0.44059964146936853
0.3353630492444057
-1.143343489095643
0.17400924661123485
-0.44763074713208195
-0.20305172528677007
-2.838151373434767
1.2814798891873875
0.3198443483189287
-0.5312721579221814
-0.5936114719091745
0.009807197329324606
-1.5322898154925275
0.893934105136934
2.5565319154731623
0.5499718388800487
0.27035701687667857
0.21038353707342233
-0.876254234362711
1.333008024626881
1.877259369609535
-1.9587546836072594
0.34256212963898064
0.5759284939234462
-2.3981598733203073
0.8767334572318242
0.2047014232547646
0.7886864320323808
1.2998578722012804
0.8217647911618725
0.713037148318043
-1.6072382260783815
-2.849043708993831
0.1064249125263428
0.6000974027444013
-1.8119058461639461
-1.6235805827341845
-1.2111135203240917
0.6768641439142085
-0.3257372355561955
2.2487067278891293
-1.3489011369261876
-0.3807773528815635
0.04188948090050387
-1.2201011954080592
-0.8444994181528114
0.42945686084274637
-1.829327150558099
0.6493246038389332
-2.723788407975022
-1.6616734244679
-0.10796884645615944
0.7635918191587997
