-48.539251256954785
-4.806479987094148
-9.743074530955269
-9.26089444052133
1.0312138607863153
-2.681793528951648
-0.21844177475629473
-0.9227646288343023
0.028470946494080857
-0.9869379755593175
0.4757406269851545
-0.11436314726470723
-2.1561977089494873
3.3292761213121826
-1.882897216515785
-0.9812597228473561
0.1729336593072893
-0.5226383451647425
-0.11345497702507733
0.6923321544776366
-0.5792709037347488
-0.42887299501670423
0.042282693618730216
0.1527671147265677
0.06612736625056109
-0.03670997535568546
-0.14042573230553465
0.4489332405667753
-0.24663051045025583
-0.31463000007103226
0.572458774904252
0.40105055944946977
-0.4832247182325975
0.263155183072995
-0.013771748454426719
-0.2783560614439192
-0.177868250946005
-0.43080681082775407
0.0018276416980310337
-0.035622124589666654
0.00688411519124435
-0.0022865586951843764
-0.09798816834384551
0.06860830277774
-0.22624717178938875
0.42389542073638337
0.28406066725584495
0.1333149401054533
0.12692197252890158
0.060133313888317746
0.18517883608102864
-0.02499432736017167
-0.10946919547548507
0.1892603452624362
0.06467651120180219
-0.03868574201103164
-0.1730073007395257
0.08906736957686195
0.21035080775064202
-0.25035631316663876
-0.4158752317508195
-0.03346057653918437
0.1861976875431669
0.0007320539795059033
-0.14822608962127656
-0.15169786113367673
-0.06540674824911831
-0.025094697056151857
0.15863276019316785
-0.0685025207286301
-0.4001117677213658
0.15098426188234532
-0.2512258118554006
-0.006209759594172401
-0.13950198697176702
-0.047931335267493685
0.41992994201340816
0.09835550752894473
0.021773428158772645
-0.08651217263448306
-0.07653505798263804
0.09622147374170029
0.02293648745433356
0.18165065206972986
0.1738872244217239
-0.15660982410344912
-0.16440124373268217
0.2850222897392948
-0.2721095315916181
-0.2805892824005751
-0.21965049503595008
0.003737146571409569
-0.03789713045875104
0.22585305186173876
-0.06899631483980985
0.34835166803343476
-0.1624606017424522
-0.11761848777268841
0.024998251771929603
0.04661076864934102
0.4646725040162979
0.1534773800867395
0.16579451855771388
0.04288344153117086
-0.12206896710534151
0.10133063359767358
0.1896097428186473
-0.05117071325623847
-0.0501984008199029
-0.08136716219321208
-0.2964646473114071
0.010968973053635206
0.067997547886748
0.1814453792772714
-0.03440849607869534
0.06140757968448181
0.1479016558882138
0.0991404745234924
0.12866646247823985
0.3771962071004893
-0.026406480461063836
-0.23559113205752624
-0.01878784883825345
-0.021446044745294178
-0.12124304879006505
0.11283509420009943
-0.12240063029643017
-0.03631085852357109
