-40.24261127102855
-1.241226033019437
-1.9779599106529682
-15.507339910111073
-9.908122237939411
0.5600387095805766
-0.3069360491616137
-1.2890803235581905
-0.16887328307369018
0.08685055907876349
-0.04831590320259342
-0.5919983301492776
-0.10429616294316314
-0.2828660257499249
-0.1504376866794191
-0.8137526336146775
-0.34743633744822444
0.20647096561102016
0.42286606515170766
0.45581977217340497
-0.22968843863368466
0.43652658993649684
-0.3339713828728363
-0.35735481740139163
0.2868917136523334
0.006481474455008462
0.31890551714108206
-0.008202718946933509
0.08205191499317102
0.20552360599991182
-0.03505689703826047
0.03628811588216091
-0.24189190326937882
-0.35866143893053487
-0.1015872037908656
0.2841976008766776
-0.15653454522224547
0.20704010823172228
0.18596220830048915
-0.06791989606559191
-0.24963357768056713
-0.15089059770083474
-0.047330874665239914
-0.2174712785057595
-0.7477972705504498
0.08065843455583907
-0.06728082684662587
0.4013816364459344
0.06654723687134426
-0.023670615983450598
0.018114816967448474
-0.34960078108803094
0.09752751055645163
0.0403602665626585
0.1840049571754128
-0.5441874064571801
-0.48504635556693565
0.29633868959784293
0.02818894839527869
0.10753769436767961
0.3795890103933385
-0.33960567568809735
-0.35939910803246894
0.21709310937651805
0.24312527885057844
0.0743291542048217
-0.16516850257627666
0.08776457485918622
0.043176305189128704
0.020239701582039357
-0.3717774970561429
-0.40588258774812125
0.3589273388675938
0.20362351548693666
0.181170768177935
-0.0012084560779278136
-0.11500891235287594
0.45316934205775616
-0.2409913307542075
-0.3064640220050842
0.19902989680644295
-0.03475771765233787
0.016674477516381916
-0.030538733040388445
-0.008276456342436645
-0.30166159535386206
-0.21728261356219197
0.13959877845089913
-0.28266594506411297
-0.26364186017266805
-0.387663987365322
-0.09102493618406068
-0.3488155111596466
0.02151975374133629
-0.15119798056814746
-0.1481673194923252
0.016115938423790575
-0.10046117368504567
0.19348322245103783
0.06593501695285106
0.17930469883962963
0.2001808762437283
-0.07452479542713575
0.5870307868918663
-0.19157841637446232
0.4514424772896299
0.20057768771787465
-0.34392879605690596
-0.2530228019592764
0.19626229143765772
-0.06095505648368367
0.02860424642512744
-0.08023215827554414
-0.08831610116553645
-0.10833806478367711
0.3404048091720955
-0.0534430809562937
-0.007582204027478404
-0.21465071267129954
0.30064303760174294
0.14821512576574714
0.11683536786816923
-0.404861591325938
-0.09439734461175953
-0.12733974028512995
0.5536742800947537
-0.33666415360881335
0.11141572990427147
