44.156787974203546
-23.422499375189677
58.85226554562804
-4.648567863410248
0.4887652743649684
-5.921223506881419
-2.526613147816779
0.7805521879391424
8.286169096083409
-2.2598107906551235
-0.3327830216286712
-0.45128375709094276
-5.106880904553645
-3.2139374184308256
-0.4766823535186576
1.3506256972472028
0.09206441327223103
-4.982311953207083
-0.688752952593218
-5.574418353810589
0.15888679080187773
-2.5378231993073714
5.3996760424465515
-2.5410548118013643
0.9791952829311962
-3.42261502232093
-1.2951041980676103
7.15416436388138
1.091338938435321
1.2066038319242605
-2.2168809932357982
-1.955189400820231
-0.6067255385254665
-1.5941001377174386
0.6079912639369611
-2.376180982322265
0.30505360334444637
2.015529205311422
-0.5084459436122891
-2.056952456572492
-1.9363771729300152
-4.15102202372777
-2.5270700795773915
-0.16049902000418637
-0.5513827983219174
-2.7328303489533243
0.22493241366643135
-0.05348636776566826
-3.607263283467822
1.1457733061397455
2.1092027665926825
2.9527743502864308
3.6494053905711956
-1.221330647917019
-3.0918189073946194
0.7317669341328852
-1.8431901552255023
0.5738462109400638
0.000761796258981387
-0.6620003334167035
0.6468245867341507
0.8138238826118231
-0.7214819994590389
-0.9444454282088673
-1.8605922040650138
0.6607636473663083
-0.5109372863612311
1.640243020117896
2.6845533551999687
0.830402794570991
1.3364726501733792
-2.287082446286271
0.27119015727898277
-1.1649050709142752
-2.7205881822416504
0.46624374892552567
2.1465349210583
-0.5150004774305001
1.6207229116482411
1.5958127369363833
0.6979980437361807
-4.029277600995641
-0.4559092002923584
-3.5692439603508004
0.24973903452173138
-1.7535848781366872
1.0860350797480502
-0.4746881251944329
0.5480905656978187
-1.5313483169912834
-0.11298250736619202
0.1526088718615708
1.2394628806325911
-0.7096052380944506
-1.1865668397556497
-1.4135572501271823
-0.6538875504008886
1.2636428614850586
0.9602356236397891
1.4592880100107084
-0.15377954250691703
-2.2774081177619907
1.1501268429376108
-0.46530322902703114
-0.4730032025300064
-0.6397225884661344
-0.6554077577771642
1.3617737297194439
2.1861548579663195
-0.41538783675759655
2.6431507357809236
-0.8351334876725038
-0.1511979652040752
-0.40704269561402623
1.3886913616603227
0.2844574812985876
1.2008751921197505
1.7035677714451118
1.1689048593422133
-0.0033887305450531965
1.8114784858798085
4.372512107223317
-2.210939833137958
0.4951215504746732
2.9267317956145025
1.4240218488648078
-0.48591354753379934
-0.05999074113866897
