96.83566843828231
21.8568243389881
-36.51046823684454
10.750499267002931
-0.37930621477205206
6.148909991458673
1.3167252358165777
4.104781237699501
0.2445054686191287
3.7428392656084437
1.1581229722631352
-3.6007049988574322
-2.1389106362576644
-2.688130129928995
-3.167705406407136
-0.4985773965988955
3.1983684490433584
2.090515352523248
-0.15402009333759759
0.5958711262195854
-1.0041742505358817
-0.0034468564561107584
2.027529699347817
-1.5865629437317545
-0.8529979560296945
-4.804516372283238
0.49033185505361293
-1.0268148174590233
-2.0577176665895975
-0.0979002560421467
2.67099138572121
-0.23584138608912075
-0.7008605512070467
1.849121838453993
-1.5731162938131542
-5.00011498238006
-1.263279548146709
-0.7063978031884002
1.6554369734855963
-1.3763977657105275
2.2047516753279166
3.4729902143366074
1.19018468515764
-1.0835413981947617
-0.512757145324894
0.27119750880009036
-0.3889929205961796
-0.14578720953474344
-2.481168820802141
0.47784098201435954
2.406878079461508
-0.6255722067027695
-0.19587426112479944
-3.6402032881101265
-0.20459399980795762
-2.9673058459967208
-0.49783195359740895
-0.01349657658535286
1.1021460749382932
2.729314731235831
-2.66385296199669
0.6548824555087304
-1.3919964134670262
0.9347982514463289
0.6900415135784198
0.5679534389897986
0.4390715361643983
0.6301911542906934
1.7984318147166225
0.6500618682849533
-0.9654357597154473
-1.9975484394258276
-3.3721287661874793
0.5307847884117216
-1.0568081256202821
4.142668230679553
-1.2020710970247699
0.8915577847491998
-1.6668654744615756
1.625687675367697
-0.570659386690325
2.038007311786854
1.4038881991651397
-0.07612277656405667
-0.35675631230456684
-1.7363495791858647
-1.7338180673708166
-0.5281910955060272
-0.7891498143846077
-0.3562661840702901
-0.03302790289654883
-2.9212529731804024
2.3020993591738437
-1.7631697642372821
-2.212085190315365
1.423527540748678
-0.41392092089869237
0.45675450708596926
-0.13673589213313017
0.7269019638266407
-1.3406142689160059
0.8324158061452893
0.7809319686053233
-2.8955188161901213
-1.6251915803628647
-0.16284383736550376
0.7612052566702691
-0.836182117708085
-0.8460214890271054
-1.3323927964627658
-0.5327891296944871
0.46675237515729834
-2.7022867487239606
-0.7172436204752815
-1.2051599771213584
-0.980621771742372
2.9951806649847534
-0.31646725118587293
2.588522353629148
0.43915279965717235
0.2839769663035605
1.146383528344125
0.7878768893020218
-0.3459314193787737
-1.263700046218776
-2.85689429189194
0.06391621052118135
-1.179188440039342
