-24.514626025187123
1.0986990532882113
55.33887497998844
-8.965706830966415
-1.1952674623662263
0.18425063427944807
4.605278744579422
7.0270967973787375
2.1202890929997507
-0.46043126185823624
-1.766364931714193
3.357182671585085
-2.6144936229295963
-2.614978761850486
-3.3422718326277123
10.24900158395028
-1.7605340094255044
2.8447015780363953
-2.8149362062774554
-1.7660584789121043
3.5143700114281042
1.5643503761267663
4.360398411651005
4.636477789583522
-0.07964427599283536
2.1197481917114978
0.6754610672264916
-0.8452627248192716
3.3112092653715868
-0.4685371249313174
-6.846881330735847
-3.915399034669546
3.1491743302332917
2.386796656381812
3.1312297604961463
3.1889148344952467
4.636522769757123
5.976681080877417
-1.3214677589707777
0.20855164518845754
5.860442836137503
-1.17438022284781
-0.2915147784646905
1.141563791583868
-0.6326563740564378
-2.229183982862158
1.4824707444800742
-0.8122236510895615
-1.9462488833829161
2.029270363279019
1.8325780728261258
-2.3244233919933452
0.5996712216873081
-5.317790151240755
1.2920070401846742
4.636179222280891
-0.9952995210761104
-2.200268161254562
-1.4350277127328257
-1.638652698754507
-3.2860486752532974
1.1393176204531983
-0.035482743957122614
1.2101481195890609
1.280786635851036
0.38476429866760914
-1.3797008325266318
1.0610962733319411
-2.602459888665171
-1.247229214711008
1.2629443737581025
-0.26413016421729324
-0.5205737691994069
-2.3333275146255086
-4.410012788647178
1.1625446802015724
3.0673650679122235
3.6957071809139848
1.7812998333765209
-1.060607749464232
0.3950819929198909
-3.461803008284192
2.656296175591428
2.6873938612566577
2.1927920832491528
0.9378391387972462
-1.9977576698654718
-0.42719722546330274
0.8958800935485494
-3.0865676369360706
-2.602578855935664
0.6969431451313665
0.33157308480239944
-0.18507210430237497
0.22022653603790435
-0.31113656309845816
-3.2668553872077273
1.0886772994652711
-1.7492263115765092
-1.60159267055819
1.5124481575483877
-2.8874665545984715
-0.6314894038104063
0.65324744962279
0.27684427659830557
1.0183840225288365
-0.9649070822159348
1.6676452131239612
0.1104125680906856
1.1798044141276478
0.0025043474928310994
1.6728914699765336
-0.07504986632109388
-2.496598757674975
-1.9470420144438059
-0.7038410711566404
0.9963011916724727
0.5045595731741658
-1.2748109708217084
-2.8125611611606005
-0.1145916830333667
-0.11619292038412259
-0.803076269757353
-1.0696729834094028
-0.1220027497422769
2.330976006359657
0.9151979701363976
2.254254969904289
