-43.19676189760437
-2.082284188155035
-8.579613976318894
-11.254579659085401
5.977870632430983
5.174864588639512
-1.8875405368299356
2.731033963335284
0.7152230416561078
2.8788474836200884
-1.804232211227459
-1.3721385078647306
-5.9192430027023315
3.168196027084116
-1.1246917236532312
3.745122116332283
-1.965495043593943
2.9543724796808144
1.7317527181509877
1.7139664525855154
2.4895443020786785
1.8974499089270722
-0.6045244236623417
1.4080808261078577
-3.360240084854507
-1.367786381710212
-1.633417231494909
0.4436157486533931
-0.2796056146793756
1.362393536962319
-0.14592763907601775
-2.784398857755757
-1.6336624783465434
4.268993677962999
6.212214579955802
-1.2846336574454105
-2.2322593849278705
-1.9698489307831877
1.2551733505357494
-3.4298263305810366
-2.0841375731526277
-1.1559304646501878
0.3421596085314386
-3.8215622861065635
2.774449522752274
-3.257259622842821
-1.0496980389186672
0.15988250571314483
-0.7302377135897644
-2.676378491784479
0.21261334575195368
1.0762169564521955
1.72124010905645
4.8114591173942385
-1.2240838596610364
-3.1099338117824806
-2.4419704135452385
5.492934676370874
0.10666104029168566
2.126541955520402
-1.9678688379011207
-2.1475067508517975
-2.8676571898480896
1.9021040796831754
1.487214062109297
3.0155117144195867
0.5323083861322705
-2.3716592762035797
-0.7056207552073862
0.8931110031922704
-0.32242356697686153
0.7238094516210642
1.6840547216705444
-1.193748362139976
-3.7321432318638736
0.2518627154447976
-0.4598736034012066
-1.7101572758864785
0.23069807269631012
0.6888077092401401
1.0638550857487352
1.1854028159804026
-0.8818351317412296
0.20588522543240886
-2.9048480360343665
-3.151401492414089
-1.5818340187554834
-0.5562668241372057
1.1416646954782048
0.8980750549048379
-0.2603523090873565
3.7178914535407923
0.4138053503414211
-0.7641731660228609
2.0806921528892732
-1.1043615452057831
-1.986866393207383
0.9548428311146084
-4.198991052998011
-0.7026431643400546
0.756308046756834
0.028772280411730827
-5.300134362264429
-0.6729504063682504
0.9327377993817565
-3.3807035180287297
-1.650641371301128
-1.7020353201578298
-0.5877027209573518
3.5852855017294987
-0.896567340264122
-3.2845764902406933
-0.36685666446420917
-4.287336608299294
-1.6856682632042264
0.8696532754511683
0.12833768511027926
1.838186744234341
-2.920634517989685
-3.1659349810194697
2.5082549981583706
-1.6646759635445394
-0.22037551087267895
0.13504748148334944
2.0044804639945837
1.3460835216572509
0.17793426130670678
-1.9831222174520662
