-42.52820191951996
1.0863458122609009
-7.021386150573815
-15.220826494584342
10.362935238182743
-0.08234619191263029
-0.842519996816921
-3.3615822183925776
5.5632395871246185
-0.7464250695981847
1.7737568681426785
2.813604140985506
-1.4567257774087221
-1.7270163221049437
0.2955630762855178
1.2800023265388802
1.097610522202655
1.2654354633039062
1.8751105712676286
-2.0915192725584815
2.102208417022061
3.280507528231123
-0.2411754022775266
-1.2063443568231578
-0.1228947660546126
0.6569026423669226
-0.20988050041538003
0.21599022711064103
1.0289693030541247
1.246426450838612
-0.006638080755758391
2.4939158405119177
0.10560957953775962
-0.3461238229497184
-0.8147632400863658
-0.3388141743257924
0.3414477256496319
0.2381915949893338
0.7437852363452944
-0.45596850345986734
-0.6973726521091619
-0.6652127868074663
0.2750466652124007
-1.4073882439274528
-0.13645117580052663
0.5710398633466031
0.22012324944192235
-1.8057083416284685
0.366814405548855
-0.885995423963246
1.5491875187262518
-0.12365337371293833
-0.622083462807439
0.14935994671378522
-0.9900988000234001
0.6119784199585483
-0.3869774794317485
0.13290494401572453
0.43803913285606416
0.6765392215435546
2.1047615963735096
-1.3394980873328637
0.09782725374859667
-0.42062887319119163
-0.10801594885988275
-0.8394558224455075
-0.675932018974795
0.9626084899742433
-1.1541767006398789
-0.7210342426351387
0.38493898225741613
-0.021446384074451416
-1.190796635373928
0.20800057488363968
0.24053412478318198
0.34873067390866375
-1.2945273523866694
-0.5480020182477725
1.4342953416793964
0.18338173841118363
-0.9857748020915159
0.3209083877594609
-0.7923600278262921
-0.499747807917451
0.21893694483632792
-1.35982832538207
-0.010893369311044399
0.18754998882726706
-0.2712528350004017
-1.8716709577027495
-0.07319292992687024
-0.43358813610652835
-1.470364654733245
-0.7842686905712332
-1.767748504919482
1.153163045050206
0.2800529714353064
-0.15195728666155542
-0.015101103364894022
0.2828343945073051
-0.400796663465122
0.8152846260905056
-1.1841033156412204
0.05665723902640932
0.41035312147651604
-0.15981146894569348
0.5107572711236847
-0.4046683257935181
0.4579889253785618
-0.9451880427749613
-0.5341885397771435
0.21180583647000817
-0.3600066649063782
0.4295069918198646
-0.5333302069249298
0.17549538236653267
0.38148487194647746
-0.15159323614621353
1.5248721659307947
0.09353354286321766
-0.09248447252197856
0.47934440336458856
0.7304352284746417
0.8413023129062976
-0.3251403941233817
-1.643814326579983
-1.0559140126678788
0.09583139552664029
