-43.559786530832476
-24.04420505361503
-17.926752210825807
3.8537920517485884
-1.4265805156983864
-6.2484322186810095
-6.8182408114968815
-0.3923136322283399
-5.436561485074675
-4.757150273960869
6.411756860154376
1.5265120483652848
0.3023090638157119
4.145646069720312
2.0104593690316594
-2.3079196491837877
-2.0351840883586503
-2.683604445907494
-1.663259296223101
4.101649057539687
-3.8966533170685618
2.0891621413415002
-0.8321733169897608
-0.9632335455615291
2.042527631323717
1.18777410927134
-2.600536768580592
-0.1258103359853586
-2.332666922328414
1.2235460707684336
0.9882905609581452
3.389623099749624
3.4704670153509607
3.5825730022034596
-1.5126682289187146
3.3493107682558794
1.2562626716011371
-2.235085709564414
-0.39534179053691176
-1.6535781008814585
-0.8254986173271435
0.5273657430802643
-1.9635783144175885
2.981949806406728
-1.8162054914599868
-1.475809121573083
1.766804052602615
-1.4223521699640618
1.3767162761220666
2.336925768285178
-1.611137526309713
1.2067223087072707
2.1746127813778937
-2.2795653605996535
1.954321864040438
0.1138482094496376
0.6482305240941627
-1.378292481495744
1.890790904276186
-3.700729935658601
-2.4749776781382193
1.5099718397077682
-2.036318367703813
3.452596532257775
-2.8325456471368367
1.227992110785207
2.2203221092380416
0.28638503949355615
-0.46523458511340726
0.3485501884181608
-2.073375316030635
0.6544940068648912
-3.4095342935697075
1.5518119576746727
-3.2347865816343537
-0.27875442177193505
2.942975486799204
2.778538847504334
2.6841091768108996
-4.4802365062366105
3.155269692051104
0.20486740640300508
1.7468392695935258
-0.11972262993824673
0.7340634726750279
-1.2054293910291665
-1.0779244567571589
-0.16656254157212247
3.467935369872412
-2.9157323923278984
0.32197026037236076
-3.6735691805373665
3.6416130935311015
2.3266058001333776
2.2906626560881183
0.7513904318169661
2.386090996093725
-0.30087139720676404
0.8272314229918076
4.719067034690381
2.685355944876039
0.2916972546333024
-0.024509727454460624
-3.6006077995172836
-3.8521615816889123
-0.9413595722455562
-0.299750000085346
-0.00664471052861168
-1.533902997093296
2.0299370389625295
-3.212326870643974
0.5865316811901022
-2.8479221769175758
-2.9117205494002554
0.6025987937160371
-0.17961823616538503
0.8201889201021493
-2.751695889382954
1.7338088125416344
-0.6305122553460879
-1.6875189639192134
-0.748530231950952
-1.1039530533510584
2.3748521422205005
2.0104414883727117
0.7183413685761459
-1.2199424716463274
-2.4245455228840402
