-40.33529423793242
-1.0545678086631751
-2.5504385889399814
-14.97069637476625
9.834053638285093
-0.8788641065249398
-0.4040664936406102
-0.6602581471810439
-0.5011298528958655
-0.07054755004074095
0.7232059074325822
-0.012430033432634949
0.28887264145010366
-0.5458420808579642
-0.1521592290774798
-0.2575478871422877
-0.48489249477522134
0.5456013597399567
0.33085109878935987
-0.17058033131834827
-0.2423208204669472
-0.2588267568276159
-0.17792208148235944
0.4822120554182334
0.5293708558371026
-0.1800144909923779
0.5881480551639754
0.05764338829065621
0.015124693419910906
-0.16368155296193507
-0.1302184943882618
0.44757160826173986
-0.4227427987741373
-0.4659058231031703
0.2583885384460405
0.21454541497153
-0.7078218145100921
0.13110716569517622
0.4620533715030327
-0.13396005612924938
-0.9681590721062887
0.6457364023516283
0.34760507334335367
0.694591549391064
-0.053931407726731315
0.6877092120877206
0.200736297440887
-0.0014161715051228662
0.021936971065450474
0.1226170808343538
-0.11182979191559314
-0.38009029996353827
-0.2324622274021121
0.3058162248054115
-0.07794351082598884
0.04630273675870179
0.18513438359883128
-0.46587720488100287
-0.01590670369869209
-0.18361958829203273
-0.2784279780548346
-0.4690356786239632
0.24589664662586694
-0.0313138859419948
0.6357950332394401
-0.3851435359572606
-0.09964863787354597
0.04430187581365066
-0.440461637283076
0.0028699628512165176
-0.14118033977806776
-0.07179723570884193
0.1694390978007045
0.49581963132077106
-0.06785404054156174
-0.18630202258741768
0.06600116515055232
0.5305230687084045
-0.293503240009658
-0.09881055384792484
-0.227463623579383
0.08462759826382527
0.1580708639866373
-0.03604163031789645
-0.06717598187704263
0.34718963619527643
0.11742973941867353
-0.23563721323336995
-0.07097834924791241
0.5516069196074391
0.4308493726688794
-0.12490900894705048
-0.3315231002700048
-0.37575828312298976
0.03275230008611464
0.41244382519234096
-0.25944396240932033
-0.07683945124889133
-0.27542197203993274
-0.3847676843943
0.01986299582779998
0.1575439840792363
0.23829515318868905
-0.25634503691318444
0.0025012295050808857
0.00050827521877575
-0.3504719772726006
0.24089528816882866
-0.09234251002846249
0.3547251966994834
0.13727057109682328
-0.006978618828718433
0.22561903478736478
0.011852040160109439
-0.021452887391719903
-0.060618557736986656
-0.3056994446992967
-0.1246672206771656
-0.39772975746289296
-0.4333880398041431
-0.31229649053600095
0.2771110045198426
-0.2071555322348001
-0.10367705867188319
0.0738296734609345
0.1811791371864534
0.42674931937502103
0.05852316020696504
