29.737842646090154
79.13687790053834
44.35133774192917
12.688501224232414
0.6201050202445766
-7.213782912067982
-0.02530184805852187
5.676830960057011
-2.5837256580155223
0.8017122706471449
-1.948838413409595
8.180445161568418
-0.5096520889359326
6.288163621354085
-1.0604210507294165
-1.965998164089564
2.1207379941643576
1.0120982072947338
0.44463461067698173
-1.269295964225789
-3.0640665941707157
0.3842709821232593
-2.9538292798985393
-3.0390636971138925
2.9103272980659862
-0.7332522347395961
5.887176031959353
-1.7783004370680033
5.868049378337069
-0.06058382567338462
3.560389544027414
3.347679989978853
-1.7496011361614263
-2.068159412124734
-3.8183970905318922
1.0295217294849799
1.0573255742076848
-1.8531674781384737
1.2479805705471707
0.04329209573059008
6.852984525995294
1.1514125707280476
-1.2203376305945466
-1.445937233122824
-1.1009340971873527
0.7021798819793217
-2.677266326452463
0.3818148701140122
-3.0294850508888067
1.5131929318847621
-3.5315848067671824
1.59562321017102
0.09121215324400903
1.928165294334466
4.26374960527421
0.5962538534628816
0.31470754133514595
-2.302588531169931
1.6637606085922623
-0.8928974896016864
-3.3851377250826205
-0.9339229854073104
-0.5372071192100688
-0.2536869507780117
2.77347944277833
0.28657796508405403
2.86705432455397
-0.0026925532461776203
1.3389798817501841
1.3862785883875528
-0.7071874564368699
1.4938370243388561
2.559496742650617
0.337164501296123
2.970367223787054
0.3221238094965876
-0.025376943818617805
-0.8120016929736882
-0.6937575285168888
-0.09793783431155362
-3.9913170098002597
1.5562664669938628
-1.4740944185433968
-2.5802306371046813
1.273444028378627
0.19941712087057337
-0.12321444184921829
4.084906307390886
-0.7672728471898463
-0.08185207431633418
1.0702481503784698
-1.245301076472124
0.6589315250660672
0.4375117478202778
-0.734170894714355
1.971000226295256
-0.32431779233143687
-2.4610450119698735
-1.0156301955582525
1.2050148769910376
0.11757592673543507
2.006110409169553
0.16841603478559586
-0.8207878075394928
-0.6216576666900218
1.5103587336596982
0.9249718912317653
-2.5592410119513747
-0.7467616248980541
-0.20072206317138494
-1.2206044262313567
1.3282319201595292
-0.2726872596557546
1.0189240855293957
0.47219213929104653
0.6068197842817562
-1.7254858088577116
-0.7182069939792172
-0.19554402165273638
2.4104057265652927
-0.03507009485960236
0.7022306379925053
-0.380244228575164
-2.072411666983991
0.6691764286633288
1.9035372634584238
0.20772426384358553
0.9299272171809737
