-20.058733427298368
87.68659987166332
14.88849497500371
9.01533816621994
4.937646177035235
5.013404535799829
4.660645986386213
4.739176612712598
-0.1727628081146241
-0.6800558792186957
-2.413915049559001
-3.9940557920698923
0.04209173621523027
-0.05850660028824782
-3.4500040165925183
0.9153443557344322
-2.7644052600318876
-0.09263604255395883
3.3194170080544976
-0.1150191758605911
1.7592391094002262
-1.5902167050830867
-0.8980560158230247
1.509207967179945
-0.971782787179331
2.1301652170494116
1.6521397293435627
0.7964269348256876
0.264924551560485
0.8941604811077719
-0.08401502741756248
-0.014548658162368139
0.6581789537593256
1.3894804675563257
0.5589838011388679
0.08566108197858241
-0.17773748716933618
-1.0391014409948418
0.32766497480509793
0.19802970996199423
-0.4206917899587271
-0.4743028327882622
0.432456350435109
1.2247986338348855
0.683390578872724
-1.3494203955088877
0.6833974938060037
1.3508415090934154
-0.3549734559900657
0.6968201151606331
0.5902831571449448
0.6525623733957204
-0.959445770965852
0.6990997560902672
-1.8238808632323442
0.10190293461613373
0.09496022626616063
-0.5016088291106499
-0.02856574543450259
0.45506349663530754
-0.1908975058116453
-0.29174762832197304
-0.6282283529129333
1.255905781647696
0.6286176157981495
0.33789282726840175
-0.9592018716108006
0.6119789131187061
-0.604409423858883
0.09868334377604805
-0.6169760959900116
-0.8252890003087395
0.3213305421094426
0.517435205307414
0.7013911988066572
1.3626699894393353
-1.2752330362754136
-1.1936423736362909
-0.1407896489726656
-1.7724724822426192
-0.5200282062821607
-1.884111325387927
0.341911234164577
-0.34155146719045626
-1.1341185071942812
0.5289474774023297
-1.0084690583973668
-0.011161226957604648
0.2534374154477048
0.13900968333971966
0.8437911556297304
0.6578198963063768
-1.1547224003524055
-0.3299382421030816
-0.05104282341318494
1.1893271084933026
0.6915659143009825
-0.40509884068278335
0.3110287452839897
-0.31041342440364317
1.0507311971591087
-0.19203294650609087
0.25458937406199195
0.24551768213071448
-0.06575818846321108
-0.07567547658815091
0.817923567597629
1.153468999305792
-0.004909079461229655
0.5084616918495034
-1.5121349750817157
-0.745874303038486
0.16942532641178437
0.3669645211492548
0.9713338960744831
-0.27293443628257996
-0.47244660471889016
-0.7575614169519826
1.0307297295255358
0.04809789666135798
-0.17144652161615412
0.29462030838045794
0.6853549323625766
0.5719733470420967
0.2589973869364524
-0.316488020121143
-0.39493622504928494
0.16541025490458916
