98.34233004322721
41.57602350251346
27.710835542572493
8.941355407048025
-1.4877021136816768
-8.921557949087614
2.377771202623373
3.919006502060277
0.0027450510515206195
-0.8768096489581844
-2.9191301246063186
5.372353099562006
-1.8568726517689416
1.4430854346331103
2.8742756157652587
-3.3435227429826737
0.3321860193995237
1.4529852122095037
-2.301751505736142
-1.3298126332574909
0.7836704351402153
0.5843394468515868
0.531568822119197
-0.29661000187632564
1.011181870908084
-1.9422680872149396
0.7257500714224734
0.2415601919307911
0.41558630039214683
1.4739749380933302
1.0327913437636607
-0.49411739839049346
-0.2824882478677559
0.5546804817204778
-0.33766993668871004
0.6935345824889844
-0.5771144416666778
0.689090033662807
1.3976276348308059
-0.7958817621582919
0.7400920935067945
0.8746693097184475
0.04036620802711968
-0.19529782457720396
-0.3548843865011848
1.1361361027192591
-0.1877125545605688
-0.6101265662023244
-0.9867615462877216
1.3981417581655426
0.03988604730591186
-1.253263310450717
0.702141288212105
-0.5257076873246247
0.001354789319036931
-0.6506214762372686
-0.3574663115271498
0.5966546659521252
0.16793941464224682
-0.10241722387764192
-0.6519173653957969
-0.02212265640844148
-0.4515741089229937
0.7634393543684026
0.2082841960242926
1.279252093850008
2.7570767731143846
-0.12950319150627948
-0.8085299737300897
0.12764569533159598
1.0554805774785077
-0.16393914789907782
-0.33828959287933635
0.4671323795554472
-0.057867583801052176
0.4028180150001264
-0.0035969192589713483
0.899269778864649
-0.27348423315210496
0.37626598268036904
0.3351078835589442
1.0921996925229045
-0.3706904789737471
-0.8470047670037274
0.06885895634548321
0.47251469600741197
1.0082095277306518
0.19300845986245568
-0.5496497626037982
-0.32342329558093663
-0.2665676991056099
1.3561872731188842
-0.5983394910824986
-0.6763583149188234
0.2933737131539856
0.10075953922734218
0.5008705179031361
-0.7848633270536334
0.6843815905165835
-0.5585493409031296
-1.2336601436973724
-0.2783899006190863
-0.5785340447994822
0.38875875423478806
-0.43898719129953545
1.4393255274495163
-0.6370329989856238
-0.9297582372251552
-0.21432801027809092
1.1415575313850688
-0.791781510310795
-0.2913965985213355
0.20062471679047128
0.06332029020083235
0.6112015304110775
0.5202403858389669
-0.13825783039907796
-0.02937706030451137
-1.0668773841461439
-0.034844694737517334
-0.08694287501212082
0.2654445926418493
-0.02535357799428585
-0.8125111628697085
0.7247129081641954
-0.7924526239536881
1.1302120400454538
0.16611726119878792
