47.0603362060992
-61.90948624311502
-18.81344704246905
14.759288026814161
-1.2426434815836758
-8.799994790168352
-1.0832036012935449
-1.6607883808834738
0.18793116758062872
0.16439016732695855
0.3360565257024737
-0.24333815516179594
0.1490500763645736
-0.21698826836566937
-0.41680810852789074
0.9726524447022848
0.5641776942551029
0.28560334464573084
-0.42361947643873143
-0.5416580696765736
0.10491190865101016
0.061629611060654496
0.10827611266731084
-0.398516048282434
0.32971200303750037
-0.18287986163167047
-0.2549516970017556
0.20149595027151407
-0.11290376629109938
0.17965709818974882
-0.16623770097411641
0.017368378750305717
0.2420632392982468
0.22787644542612107
-0.1460340202365082
-0.5359961081885464
-0.4412223303227496
-0.13260612396948326
0.33063642517088954
0.6569592958661729
-0.0023332485455684338
0.04656900068406389
0.1964775662348597
-0.06372652501829784
-0.2115532532446302
-0.17481997962001827
0.32508926762392404
0.09632218560698994
-0.38031798437134146
0.09192500884548085
-0.35179605488522675
0.20421017874876335
0.10701304537819804
0.08832663783035845
-0.8236815758857934
-0.08699628166163231
0.2546638871080599
-0.33043483918473504
-0.6225272593454582
0.22299947018171615
0.2640813109727667
-0.5749321761181049
-0.21433289390179566
0.10908005512416641
0.0700382600823885
-0.210742593109911
0.5103792797921212
-0.040080520718627166
0.32446494688409233
0.2055063052102236
-0.003747002084889914
0.12674173910437653
-0.3864811651907196
0.21315235646224956
0.08311154997661796
-0.35193033998383705
0.6863672922542678
-0.2811512383112962
-0.4357789567628336
0.027019389877535986
-0.0027423534242468073
0.08318126046947807
-0.23347567267645536
0.42403114616408194
-0.34130271579704496
-0.6510621175198964
0.6316832857523169
0.674879809752652
0.4954412501542949
-0.2985079387705657
0.40589479685485824
0.09546989101898727
0.12223125937425508
-0.678859872263029
-0.028601749287308693
0.8542058334423858
0.4582315636125849
0.5410565657983512
0.10492573445598713
-0.12038993546818623
-0.3570249827526265
0.06342538600928357
-0.3037384196498235
0.9403741359559683
-0.2810977312304881
0.08398130303196859
-0.06883089689160665
-0.5363309683298635
0.7202004723767232
0.24046425130731341
-0.025041725520470265
0.16795273141145114
0.764649558953551
-0.1677709984966231
-0.5035122063628955
0.40974762277115406
0.020844913197407576
0.019522782556914572
-0.08559049168492638
0.2607799564602179
0.5463269168998425
0.0039933236264141775
0.2665253708909971
-0.1205756823507033
0.03976243074711473
0.07204418337939177
0.12200109634563
-0.5226789194649668
