13.654685193487687
-53.04253214827846
-21.622853569467697
-3.219834263831594
5.789430311577617
-0.4970653634807236
8.960484193631634
-1.0160643920683285
-0.3474003860993295
-1.1318085914922387
-0.08209314563536213
5.681144326485939
0.3131357114465929
-1.847180662022966
-2.4481763787919077
0.6397749410887055
-1.0857251291789887
1.3012431876318353
1.716509913317122
-0.2655151554526473
1.690611206403053
-0.5792312236641939
0.10314243429408035
1.3690965783986502
-0.5721096432588693
-3.1584010911875264
1.0201260721395893
1.9090877584171695
2.639258380744582
3.1391358126519884
-2.613648044122999
-1.047867625897538
-0.7307855824499392
0.0372042290746553
0.12962956246285712
-2.390164267803339
3.510211318339909
1.1777901836745777
3.3675126192151716
2.0411124190344143
-0.4147509051583575
-2.3862423275984637
2.634116577637567
-0.9561929365492183
-0.35154784073131906
-0.9409013398681577
-1.0255619262809073
-0.687583255307444
0.162858063749594
1.6684696180075516
-1.0461924910655607
0.759098974072603
0.09098914639441277
1.4582519943837629
0.1523746093371526
0.1837898707342916
-0.9542019880781621
-1.4072789474652199
-3.2871983103543183
1.134979035877629
-1.2969074951655222
-2.8809588478859913
0.27989551459775236
0.5116050367163457
-0.6201302484529473
-0.6052575883605658
-0.24097493344367787
2.805887690823664
-2.8761273028551675
-2.3763219553725
2.370286227158839
1.630462135100837
-2.915662327833334
0.4419874988555041
0.052312761262095844
3.5763460961240123
-1.401899638605651
2.5844983494499427
-3.3827435396643386
-1.1512578445743848
-0.8801199646104773
-0.12965473081453438
0.2167184437274739
0.015719054545599034
-0.8499816479473908
-1.519114098360041
-2.2918666302886033
-1.1956224726875324
-1.2407433806828687
1.435817954468087
1.5239390620718916
1.7025285184290124
-1.1073618341604448
1.3752911552555214
3.6304520312945154
-1.5949946882926835
1.4638728353862913
-0.09022458920174599
1.1971622214166064
0.9294139426864986
-2.594525186938317
5.902464523100991
1.6005648515801763
-4.57141222504397
-0.37307635347741985
0.33267203908809406
1.2690823696339413
-1.8904060648305463
0.8544133817747972
3.917594172481171
3.0187224962930985
-1.3920273328424622
-0.6122025597416553
4.607569660628701
2.4388862455149614
-0.13510674890782953
-0.4419378566547333
-4.555499104667166
2.069842571261528
1.4194276373726902
0.05193776715285822
3.6058735931779
0.22601023014674734
-1.0844228615640212
0.3181096187209097
-0.16805171329147475
-0.2861477679802389
1.2207430560322798
