-40.96154531148319
1.9754235105733007
-8.098484672586446
9.63158619080382
0.2223885520382893
-5.215671079043915
12.700690768060392
-2.8140129480986675
1.1725921054308823
2.7809701973147014
0.17754931939136392
-1.076917586319532
-3.1167335279566615
-3.4788510178474206
-5.170135747784187
0.4076978556693988
-5.006568911217828
0.7166084615520569
-3.20585270673421
-2.8128247952781043
0.4939862330989347
4.651086822348058
2.197564370813388
0.7794597148008251
-3.894016475154458
0.9970336117143054
-4.388781627141512
-0.6911568820358016
-4.557280620219304
3.828917254828669
3.2255246322943236
0.7082578531807981
0.9283470918852073
-3.1188899377153825
-5.26113351959141
0.4308487434573497
-0.6720410332896559
3.2035023940105436
-1.1996758353073795
1.5531629266280638
1.5060971926116817
-2.112883635819854
-0.9734647870337602
3.9192364341057777
-0.25420494778070385
1.8463128780117253
0.6909815780350175
0.0729262001356426
2.243374573503295
2.7142748960931655
-0.21111694600687864
-1.4322930793965951
2.3834158411577775
-0.7648471624605002
1.5665701329050914
-0.6292392870794581
2.838318593938671
-2.841863547108739
-0.24938396168306706
-1.4758984379995657
2.469917121710454
-4.526831183493571
-0.4989456716297639
-2.7141554757943034
2.477140886720853
1.0015164702339683
0.4173597644158783
2.2667236533622344
-1.2170499840407714
1.248812812810016
-0.786370745915548
1.204180568649553
3.0718642774593747
1.2357164952754747
0.9259338682635689
-1.6362034415044922
1.0314436453083164
6.916374723332332
-0.8992861375472185
-2.686029201526189
-3.9284933386819065
0.1441136770100742
0.8997044852392105
0.04534609598939393
-1.3275195083443447
2.167926980513768
-0.5914170130263195
-0.22071851161738493
3.0115816282970074
4.419763691340142
-3.290198600607601
0.1930674273632778
1.2904282225757047
2.1598441205823367
1.1132547820707586
1.4173235302816105
-2.4783228914506674
-0.38908492087887403
-1.3211517436552787
0.3027288867740083
0.06744502571749722
2.896169592003378
1.2661448587820916
1.6507422087215768
-2.587563890743083
-0.5363249385405227
0.12324622926226203
-0.15801209919248987
2.2010749257542996
1.1207822984507385
0.3389339099917794
0.9237481797252611
1.319155160713596
1.0725639198438581
-2.2616905265881275
4.415700517890955
0.056058230667832706
0.7001549471127348
4.033162018829949
1.2864260161029364
-0.716456073931023
-0.29798962814172947
1.8650988265322972
-0.012673472095888844
0.31904413369983137
-0.12042031490759939
-0.6020278564338086
-1.396011242155845
