-26.069464945274323
2.182526090158479
55.1417899607651
6.155861025061137
-0.5395437065542223
-6.21635220073674
2.0853373217819473
0.0004689936183933652
-2.4491592356301806
2.1033352108331136
-4.043926029997858
-3.593953525140295
-2.4093902109730903
5.221886670294053
4.7526768738572835
2.67025418137745
0.5849814072964594
0.9469543487108355
2.700115556419792
-3.1490071201456535
4.129764033868961
-0.9219864704739903
-1.750272609337935
1.0978590790123883
-5.103610627043601
-0.42101986934926977
1.2197384759386538
-1.0531791122118166
-4.551195901392661
2.3153287117240375
0.8596687439725446
0.897922580627287
3.169919901287178
-1.1904626473652313
-0.8789853753475861
2.069087105302083
1.423915243505924
0.7360610010404924
2.7611727973647615
-3.149509377580274
-0.8528480130152107
2.391237811239396
-2.39729902001291
-1.2616254919366314
2.2952698542328682
3.583939061575199
1.2277865734403643
0.21445303160123796
-4.893226107058072
-2.7685946279505376
-2.4536221698510916
-2.4419451940542474
0.35321999855798514
-1.3319437571727724
-3.6767083830891014
0.29138592722042966
-2.442533377030984
-3.8856232397723707
2.77071982403076
-0.9480415115369993
0.7297568570653435
-2.410404826731667
-3.1498020464839525
2.9308955864480284
-0.8760160083613083
-0.996471970089187
6.652968882345415
-2.219500816192714
1.7307839219977394
1.130771126993197
0.4347094204017615
2.5920064782008096
-0.9133499824042671
-2.2589693811867004
-0.8030449831831016
-0.24906388558248546
-3.035942147961634
0.16266709202222993
0.5953963778191399
-2.1352761635949467
-0.477102944220151
-1.3486803460039474
-0.7725883419509303
1.3834262598345053
1.452507329239283
0.9542984159548774
-0.6474997081495231
-2.6672438634112288
-0.866744235373302
1.9716090238541792
-1.1492062839989126
-2.1179552604030074
-1.3210037341176457
-1.6114061006714737
0.802834261037644
-1.6665851130344014
-0.9031980245938535
-0.3207797480728509
-0.44661887994466465
-0.17164117779835625
-2.3740365172350666
-2.1551030986571527
0.23249408216887774
-2.0275608917978802
-0.8180882981865012
3.1126163660196
0.8029958402456994
0.33991231693150875
-1.1035416766543453
-1.57975029404429
-1.195127167303756
-2.2032032045108902
0.7493461167946789
0.35202006823068965
0.3488215385612011
1.4910409675129206
4.872267468810549
1.7895428280931072
0.6282879625297562
-0.1713923944330916
2.0478856271759756
-0.6672591770095199
-3.4344552388420215
-2.746615891692657
-1.4134615637908226
-1.3083168200938353
1.4365582288987568
-0.31967690182567315
