-42.705489377129695
-5.025062625033649
-9.949656089755615
8.128206649555802
-7.707030584640836
0.49552500961286294
1.2535855053667575
-0.9281500027247631
-1.651878682168746
5.017205399627394
-5.24086868988075
1.1291467346594275
-0.8759530663472496
-3.129046683320735
-3.7379983841602837
-7.0888735769322775
-6.533078671409325
-0.9771900955151419
-2.683851472845148
-5.3506405734631395
0.09056233885274996
4.060654626355685
3.9056729085004696
1.5572007530375762
0.588494446240908
0.13627856717522357
-1.2972738424178565
-2.0527670920736334
-0.9695426051899001
-0.44085227727851317
-0.872185485083905
0.9247408819123866
-1.143615859072656
-5.483192649960139
2.4335822615212344
-3.9512504919690272
1.9072205728420142
1.8434033682619857
0.16062203940583408
0.20029611101510672
0.24867421491721928
-5.099385987900977
-0.06378702109323518
-1.7078976153616467
-0.19564684437399937
0.5434603726588468
1.1393596902642942
2.6252762321296785
1.062015882693715
0.6629189806567898
-1.6722800661339523
2.3662481502997217
-1.2531708474463374
3.317507042145331
-1.9235989942587555
-0.38402725195339343
1.2421415736778332
-0.26144149131563676
-0.182050348151122
-1.0863302896465696
-0.9950867275923062
-2.3644490620388527
-4.33261685462069
-1.9205641095833113
3.143591753161708
-1.1496146818371398
1.628207072742158
0.6689306563300884
-2.1985517384467093
-2.317402323437779
-3.012281534983853
-2.5814538419945814
-1.8257776308161282
0.4642640722751655
1.9899866354704316
1.1485554008111427
0.48782216343778523
3.6064350482832443
1.0596194181358531
0.9277057882532158
-1.5320869088361522
0.8323325008137084
1.6264157217772195
0.6139602041952326
-2.9481208040961784
1.30080765450901
0.7220734777146732
-1.113312708553557
-1.1334114734088159
-3.3314500286244026
0.05441219653568871
-3.6157765978695617
0.17676413432928736
-0.12388459060791981
0.005808716641598349
0.6174273161412981
2.789988763129118
3.674396394831477
-0.5088923042687137
0.501602757719479
-1.1694857188113428
-0.3893685871898226
-2.866747301928294
3.298901337996453
-1.8752673516853855
0.9064813361363224
0.9543928178875193
-0.20869132013692598
0.8121791315402299
-1.0275521265678176
-0.8251436388019262
-0.9421419114874957
-0.07160660495211907
0.9161111590487743
0.3957333479117529
2.2184569893818935
-1.6418816827248934
-0.8148004161758793
-2.222121339669251
0.00888355985475138
-0.4656164339120176
0.7823736892973956
-4.6496721665332075
-0.8121240081082476
-0.023362811572349124
-0.37570356070247346
2.394437760966616
-0.8673334895483246
