-44.78704457893325
-0.5042064911858529
-7.878103236853122
-12.454993000448125
9.313100221064378
-0.14196045033718868
-1.741615852483148
0.03278591587412241
-0.387513952997557
0.05619949552537121
-0.3955460072260265
0.04698768595488054
0.10264308612654155
0.042685328923617524
-0.5473811843962115
-0.16651296352562275
0.3232833056250288
-0.20495481873042254
0.19971517995369534
-0.3702790774444976
0.7898502250351822
0.08432335066979442
-0.7117591591069756
0.23633347984284045
-0.128521030969978
0.5120762941381047
-0.05808573768236802
0.45032761667900756
0.01824157860136534
-0.22576394117216814
0.23898808734754343
0.31884096035350873
-0.004281368012173242
0.04868612031102748
-0.13937573510678197
-0.26343208270543605
-0.34349473281831766
-0.3316710718100351
0.3022697360827903
0.03240911470210145
-0.10585689811753747
-0.27366443370611104
-0.1311329654986672
0.06495831561032715
0.5111965505033952
0.0621275577707802
-0.22168654523419765
0.15502308521364638
-0.3633502356585061
-0.26693361641921204
0.23538969048333636
-0.11587487380214924
-0.10617230218540208
0.2983065128187783
-0.07130823698105765
0.12178877988807955
-0.22402417312345213
0.4538291411502146
0.06610848497946548
0.03451264429285353
0.17160893418814366
-0.10604867414601002
0.2892522807813008
0.06099947769044935
0.018296930657933787
-0.10204060992639884
0.1316950483990279
0.33803269620691173
-0.08959138198450661
-0.2595472015925699
-0.2539869410144592
0.001587742321297621
0.03616836751835059
-0.22555853945115145
0.16301102300990675
0.16118071602607004
-0.2797368131975456
0.12257080335632133
-0.12385364401821118
-0.2214645665548162
0.03819979903616448
0.10140372326115844
0.0801900116592564
-0.3590520938319433
0.4544655085402695
0.04418305510112153
-0.18765212315795676
0.184073299054425
-0.022632481399791217
0.04264144600089983
-0.01855088690295649
-0.2765188719021686
0.06404608360799438
0.13590655688506262
-0.07917495478532197
0.04113074808609705
0.0059017819665776045
0.25132449204343466
0.25965999172392845
-0.28260521778297776
0.21708802318137785
-0.030874970942269278
-0.39193572131362936
0.2840446816948882
0.13796103858005132
-0.012664727809140786
0.13461545230807018
-0.0956989090237344
0.09710779618891136
0.022849288152172798
-0.1542791623835821
0.19115782641131024
0.23749942961178408
0.19367959687009043
0.004193782338202105
0.03281041736638935
-0.05496841716405281
-0.13473949945124625
0.4033116867393348
-0.15197145255334507
-0.02285935648232433
0.039607847751175
0.37647066395127093
-0.07258292080475681
-0.12955859428751385
-0.3027920241751831
0.17506697934402443
-0.07459966327145658
