-70.93831938817408
-0.9866013816734507
-5.011185803591645
11.276809774738613
0.19350158573714266
9.335086747919505
-2.180571528317701
-0.5277079376913649
0.5726678532730485
-0.2956405069325976
-0.05240781899563922
-0.6510182316219948
0.5299992537991032
0.31387151673684666
0.5413286017891773
0.9056113700169337
0.13693423931454127
-0.1938427615657659
-0.3929405071230434
-0.26659752526302727
-0.40071367547105735
0.052754907300456746
-0.33223394624102914
0.3655079219711977
-0.35508299341000815
-0.2716466612602266
0.3505683238884963
0.5152493422934294
-0.27069421325753124
0.3564469412030943
0.25842204240890065
-0.5546164863632445
0.013218914278568014
0.19479065275987034
-0.11332515054946209
-0.2597512354385746
-0.1312782917838975
-0.3685129491012533
-0.1369868691019395
-0.13202584354584718
-0.12346868837009528
-0.15473632215459604
0.3429549898656593
0.01861789630977522
0.03565138978591015
-0.08217046557331766
0.030666584041681003
-0.0064649302782115725
0.1540451177385803
0.22245984367546268
-0.05110780258267275
0.2821561227689552
0.13390276252178537
0.07779881111967124
0.25256241882087427
0.06894956796204879
-0.10098535872807517
0.0957258750395787
-0.09849368137821563
0.1789407649685751
-0.4375329187014315
-0.35624220677717316
0.34161439380180203
0.07724520886647528
-0.25886482167954034
0.06501162021058099
-0.1433362790422408
-0.07706934594086
0.12377126810553868
0.18993507187357866
-0.03115790717562776
0.33292483916804
-0.0979175634624684
-0.01112646915602128
0.04851621691391855
0.1375917844899861
-0.02172275974382451
-0.04098727728921454
-0.18930991019428822
-0.3526740534951245
-0.02863675196269553
0.07038034912600336
0.008639508666748577
0.15906577051121348
-0.21094744107180258
0.19502307684114772
0.33140012231615656
-0.388435369482969
-0.22511347104750512
-0.11302433754570622
-0.1967742012744651
0.09927093584504451
0.2535843980502549
-0.12500494271186086
-0.09037758926022262
0.1481700170261248
-0.16436186189886676
0.568096113482685
0.037902622692206636
0.08794141473009656
0.3379930275509675
-0.1999493050212597
0.11482787234782495
0.2578334128543468
-0.0223890608524117
0.3560238026920569
-0.08837426281100837
-0.20378804916156135
-0.2429301302091686
0.13491851601079513
0.5389431963028922
-0.015002948092767962
-0.1776948131980269
-0.0029089276365453906
0.008222154207149716
0.17928065087590844
-0.16975983206942916
-0.18501124383504897
-0.17736449452726055
-0.04732567898361233
-0.3528481810345929
0.09745076817716843
-0.26183153562254835
0.038492444854179006
-0.16444174413556484
0.13575486071381626
-0.20898039453927153
-0.3145347365622488
