-40.60139363432429
-0.7934898167873771
-1.8468508496003366
-15.049953215566719
-8.9726070492275
0.5754764607921986
-0.1734432513637789
-1.055222881651095
-0.11464328466172508
0.026063284267693193
-0.10061912238628229
-0.2868760056911549
-0.19637393230935823
-0.38815817693603527
-0.07361513886642157
-0.5520347801850305
-0.26625118404277937
0.11959380184297523
0.9962748175168836
0.29227620711532043
-0.1767119570838916
0.32540794937589707
-0.42478809560306824
-0.6519445649364342
0.9865216503707985
-0.17906807403325037
-0.6462107614795538
0.31567786292988886
-0.23016676525097657
-0.10701577263360076
0.8272559839283813
-0.5037015374619115
0.429403273611762
-0.03433185460490144
-0.04235142379122984
-0.6006130848547311
0.10659955635147844
0.2686310604442455
0.864752949574229
0.549937429373258
0.5002601536846872
0.09638256878690878
-0.11744992935765086
-0.32963816765612897
-0.09099550117605727
-0.5403766569078321
-0.34622336920197033
-0.6117738435009978
1.1561137596860398
-0.5585385084992689
-0.43609469042699484
-0.1271560008286979
-0.058131109332565656
0.695412316480392
-0.6340049148825186
-0.36724700864917315
-0.1323705229235073
-0.11249937544405454
-0.12090254853838416
-0.016112470930939968
-0.00020250207105708753
0.17739937067420328
-0.20816161348579715
-0.24747253146559223
-0.2985491426148531
-0.12019932818259453
0.263267792582748
0.6586447316611644
-0.045807798845164456
-0.568863246763492
0.3603309538075724
0.22864860917221894
0.4632864578468558
-0.31284296722848903
0.23661805201598957
0.09063124685512225
-0.8965932812507273
-0.44349544604745034
0.5255701849305628
-0.03510448437024215
0.016584239621195047
-0.08078243956156098
0.01583529925846322
-0.47609733770067136
0.0675528984960544
0.20687141135549886
-0.004207164378976804
0.0012805742898189254
-0.2984514658267928
-0.45989017237150526
-0.013044182896247605
0.03901623257463037
-0.0571380358871838
0.0348791859168405
-0.42112558708869396
-0.26563059114480764
-0.6506877292558093
0.011081611786882259
0.2551465128058736
0.3320953703155771
-0.09194771882969525
0.17491418516865548
0.5719412002511833
-0.006541295284205952
-0.1462434785810616
0.2467286163335914
1.0247420031052172
0.016661692110071492
-0.2315858361427205
-0.21654285861034292
0.03413681757568769
-0.40546013273449955
-0.5628629351574228
0.22851651282034668
-0.2712021314837282
-0.2486310290038798
0.16024703456410372
0.22500151102826574
-0.6912624201951595
0.3909983913747603
0.4556857125128013
-0.28355470751235734
-0.19928679915458172
0.09605917823033722
-0.23391067173879854
0.3811643612763987
-0.43010116975424634
0.06770884486945213
