31.58973265752636
-38.87573471805377
41.00914307654531
-15.543632015625096
-8.865617524836116
0.969977460823929
-4.1549444737705015
1.6811372647287934
-1.2953561082322766
0.04073813459511111
1.1249586746007925
0.08865444111815973
-2.409484867938626
-1.116476361275752
-0.18599166239616033
-2.5334557583763777
1.0681353567978138
0.8435760508089527
-1.393932993946222
-0.21249193851048198
1.3690180792845994
0.5491058162844779
0.8414698496597758
-1.2653225851607883
-0.4074068801172826
2.1420998344486026
-1.659286672439017
-1.0328432531702039
-1.5396643597323008
1.8428763647779005
0.06877056942990609
0.6792441270662142
0.07285382658658804
0.8456352892406387
2.047711329107446
0.9557716244915091
-0.7284711920293527
-0.06106126351729654
1.8872217641000344
-1.2939444106637814
0.03187518444376587
-1.5095507627873594
-0.04133636516834466
-0.3142080629923871
-0.12383185675050418
-0.7659314535616336
0.7534246623272168
-0.44278155363453864
-0.26900907030334087
0.6866252854476874
0.048468092339988306
-0.03975555403079872
-0.3711083337540705
-1.5044710766420768
0.3670214406278342
-0.5053957812053975
-0.10246405643153067
-0.5812840311573739
0.5479542998306615
0.07257978475755696
-1.6484056925552781
0.1992335141778618
-0.5109323219692027
-0.8608995374346843
-1.4571938525221675
1.2222643792035546
0.496292038821962
-0.29927901150408537
-0.32600167705835414
0.16770289873017333
-0.08788503373810033
0.4706461758066568
-0.5566325205837549
0.2433969053944516
-1.4408603895940644
-0.6629409880987318
0.3895580840618756
0.041679140879919335
0.07716828333663953
-0.5381985379894153
0.7383613629907153
-0.4790271450581546
-0.14805487554035943
-0.9056468927629585
0.40139650255485915
-1.0982878349396363
0.0485832117145768
0.42209026591026216
-0.9284228133225438
1.1036458272125662
0.642574108618857
-0.7050859586355906
-1.0351404474604349
0.20256051241343534
0.7072352985489769
0.18788871211262861
-0.9526127214999087
1.0998947334661113
-0.3072734470099879
0.21777878117602734
0.6934499683096501
0.5803085301659697
-0.17636614240640258
0.49773442331379714
0.7789619957710163
-0.4077016556497058
0.2713929844491731
0.00983216010817363
-2.3179705092244065
0.5168997300098483
0.8027077469843935
-0.7149538483127433
0.1779941943842469
-0.5367848514441347
0.3584442714985503
1.163677188764665
0.6980238525993574
0.9586861156145372
1.2361374034968853
-0.9455662405507732
0.15259252298572665
0.21449577907508188
-0.7701939114842459
0.21048401780317222
0.8337675319773321
-1.242227818082526
-0.232495229937645
0.23325467335265995
