-43.28688383935733
-3.5251645257003394
-8.49087210104152
-3.969966416512132
-5.908362851687103
0.7603875971159775
0.5034668402719827
-1.5481655937779273
-4.887657683412773
-0.7192606479562066
3.5184361508787987
-1.6531722959072166
6.658505162546037
5.66440590179916
-2.1002945977930856
-4.50357806503166
0.05764280839373227
-8.191298661207206
2.3628164302605263
2.6325313416874914
1.1967070629943672
2.0161678281111763
0.5275443489003686
0.023645793265534204
0.7284542819883278
0.2985182086193284
2.636535865934091
5.750233095930721
2.0646022279448992
2.306938384943936
5.276909330509229
-3.6601805175994655
1.124152673910491
-6.700755241393715
-1.5022889294469002
5.373015531675253
0.43587110814900176
-0.9089498253370314
0.8612985757335965
-1.2110435651243063
-4.757879657656826
0.19675720001633354
8.919356934585176
-2.839994296299248
1.5316953211105249
-4.101175229875356
0.7075195106657406
-1.8955676736429397
-0.10523143628246531
-0.9211288460569238
-2.293419481650385
0.7829065042868603
1.81547477898439
2.5549068402940436
3.809263385671633
-2.4427358789767477
3.511587822607593
-1.4738304627261014
1.918853543522585
-4.41765734347883
-0.918613760992953
4.252047808619706
-0.3000780794693881
-4.269505553678051
0.4805647934369832
3.771265538763099
-0.15743406047832487
0.005319813394641548
-3.3611156434972846
3.485552046268313
-0.9221153041125942
-0.13554175993024659
2.302045315346223
-0.7218264204195428
-4.964588632807278
0.18716588580538782
-3.589153599785378
0.11073508843592464
2.5550724343988547
-1.4235616463816985
2.315792842362037
0.027947488597405864
-0.8289811486434115
-2.212953122696239
-0.11980818629178532
0.6471151116172194
-1.50279733381103
-2.705378007754763
1.3891389683285529
3.4580843940668853
-0.7346732003300191
-3.133541105500956
1.1577786371777266
-2.32371413178924
-3.933566835898428
-4.1384878962907115
-3.2885875760892636
-1.760297410407763
0.8630140951870137
-1.2085851724384649
-0.9668357011967483
1.1905921887824635
-0.1263750884521972
2.170585074320544
-1.3223082737408476
1.5425959360324275
0.5127864409151353
-1.9226639630155393
3.010022036662474
0.8546194259466775
2.616974471656827
-2.4236010792698934
2.4845947249437423
-0.2516119608439468
-0.07685242873008247
-3.76697028683943
3.1113147586271426
-1.015478442342384
0.4242300830719466
-2.114982059764789
0.3687377500423376
3.5758350596383983
0.2406410510198157
0.6949090103187082
2.3258655805807407
0.56494471806661
1.7922979947620543
-1.0671234737101276
