42.72864824858966
-60.07896680245486
-18.784752068682206
-16.424561688583324
9.837324999678236
1.2661333286875387
1.787779889527535
-1.4166439597071814
-0.6423616541689496
-0.8618626594586423
0.7536776074705094
-0.709462581930048
1.3393770901658473
2.250321839123662
0.7399910242464784
0.7259187348415329
-1.0826812036210334
-0.4679207219763151
0.4338907097438087
-0.2738065574603094
2.2355266749309552
0.6829719049058304
0.004443443062656233
0.15628090637935976
0.14199093484243813
0.12639632050887906
-2.2927949255468896
-0.388597135773999
-0.4271937877516142
-0.7661834751276451
1.0426853737268367
-0.1489697481996472
0.47565196093501966
1.1663464895263158
0.15842432718460298
-0.04911650042413382
-0.2496035268458961
-0.8961530196002085
-1.7874916599025972
0.2581588632586826
2.0959821258710356
-0.7968829037559892
-1.6116368102649763
0.19899051641733834
-0.46739103385154035
-1.8901687667466949
0.6602719584444138
0.44934250971121065
-0.527067868340653
0.9409498507234121
0.7200851458587559
0.21971027583075586
0.13082456325716166
1.3294362805135636
0.030300589052085932
-0.9164716559480566
0.08584569704540884
-0.11148724803562551
0.382776762654644
0.7105199901801397
1.1227226664979177
0.8539904667898311
-1.4918087238692403
-0.5003068764857893
-1.6242512752756242
0.20011765023740966
-0.8287762075068423
-0.980036838688752
1.3334630659636528
1.426602646603472
-0.01713615098357027
0.2312990690347469
-0.4260249040978776
-0.44077173060568314
-1.441373609968797
0.4369780626007356
-0.9178840410731249
-0.30788787550772195
-0.02621545161260801
-1.4657049839565228
-0.7592065253503321
-1.039470334442916
0.2319680165223591
-0.42443191939398484
0.4600989186897201
-0.5789349666769248
-0.6732338442714345
-0.02879141817149798
-0.22825646661550736
0.8498868954275425
0.8025917713940663
0.8363367775335064
0.8915622800644133
-0.5500628538447939
0.3950927280573444
0.3699357153914594
0.38036282197352517
0.5394227899237399
0.3530017708914217
-0.1144653895751791
-0.6246209276003348
0.5434622672931139
0.23024643156896826
-0.8032004638787046
0.7330003074404065
0.968780002344735
1.1437216770404037
0.05346459188764577
0.28219154693071985
0.5282770207744704
0.722792842954001
0.11514363441668159
-0.03077421467715581
0.32597974337885094
-0.933028084372902
0.8540048578928527
-0.9461464616971204
-0.8473437774879591
-0.6563886590121027
-0.3055837075589241
0.07554186657117778
-0.13197073606162368
-0.26845479327329447
-0.8715166477186084
0.0764654567547792
0.5720840147018325
-0.2082748411620899
-1.1710098696532039
