-47.96276613697007
-5.758132142361404
-10.558368475211376
9.717588082560109
1.8430634503274996
-2.8367824514600293
-0.9240727813109976
-0.39532991916769267
-1.082054543632387
0.03794294318412525
0.041534120650496886
-2.767532346506189
-0.39721868734668264
-1.3333653112193928
-1.6565730691487022
-1.3362011403546212
1.1625243185380643
-0.2629388801847521
-0.7383470346127157
0.796875324499559
-0.4458651275586904
-1.0014825132116696
0.32289369940868184
-0.4078012716609073
-0.39161959940638275
0.3469879534794951
0.27413561689542887
0.173097012192938
-0.5910282254653676
0.08055684375070035
-0.9328955028683832
-0.385908459934737
0.5773426873710678
-0.1589688982989254
0.07000657451685377
-0.10078641444056977
0.32595227694594076
0.4687196028033126
0.07020459872249114
0.3368398752216723
0.23626202234810365
0.18219259478050231
0.13116360467863175
0.25255581956050266
0.222922357452133
-0.08312171348835995
-0.008920910710507358
-0.09712426299844869
-0.21306357620105598
-0.016715882285272626
-0.42621426831475284
-0.113852383878315
-0.12828368943606946
-0.034571122145458266
0.06015860067422364
-0.1633895349511308
0.06683103044747335
0.23437015067149758
-0.044100882990961335
-0.10339848460772467
0.018451337897772646
-0.4807379120448667
-0.4364570924961665
-0.6396623997596816
-0.0796266428856264
-0.11556467494203743
0.09378600899058046
0.05916057402720843
0.05643278889833356
0.27650648331585903
0.22597281678864806
-0.07140599625619684
0.4104216659170564
0.0056193192247351725
0.0058601359504452406
-0.10576282876758944
-0.21868724099509584
0.10572968026089846
0.16705288399259255
0.03944971111649362
-0.09946145523498964
-0.22619362395580903
-0.16801100779504854
-0.38491331059802736
-0.2370085024084037
0.10647917975983653
-0.17810471405575662
0.001287753820715526
0.13973827522988572
-0.22571847120777824
-0.03578421337318881
0.1637693738435487
-0.5169823559014727
0.2691232474429802
0.10108098878428698
0.16206838830577275
-0.1727105935711351
0.320002528474808
-0.12175187192377107
0.01757765930137711
0.11998946940327002
-0.13642831018578583
-0.060984467168591294
-0.11914483393789804
0.1034336203112993
-0.011376419533129938
0.2737320672010253
0.3008180771828329
0.08247597456696866
0.0509790227777483
-0.12377896172696927
0.2626091847048937
0.00989014779186223
-0.07870577886602473
0.08601153673195006
0.23225298875860945
0.012378771726514179
-0.13452718893759
-0.05878431501351061
-0.0038777119152648143
0.46918603430367534
-0.03272849081675717
-0.10365645588603682
0.11185832564054843
-0.06013829488356054
0.24710630371276543
0.21116436256936355
-0.22573213711699763
