-40.77109780654871
-0.8530823015298924
-3.026279965840712
15.557447696884068
0.7470241119750208
9.570447089963722
-0.5745596366628143
-1.400503198956213
-0.42814436557167795
-0.34119360729253856
0.051901449791280745
0.015978057903291598
-0.12819716994296443
0.4356655401232308
0.29895039751531505
0.620158344526961
-0.27671133008901844
-0.36428027463345286
-0.12198911170786472
0.2557088716942143
-0.3742770413201344
0.04789234713680798
-0.07187270468496522
0.004181969630217719
0.17440848969164893
-0.38042303594849924
-0.2931267926029369
0.3518212850780479
0.1782379618990816
-0.2763980621639108
0.20478825157685096
-0.09874083768601362
0.007002549501018682
0.06426524750835187
-0.36497735724479874
0.25713041234247935
-0.37497480691541285
0.31359944755026115
-0.11365563197215904
-0.4854712005386041
0.20449298497846963
0.06154095845226899
-0.16638918796285418
0.12135869686567897
0.14454762083912923
-0.008819836602578054
0.14820984603841442
-0.14779843257241101
-0.00965334906144991
-0.036966444160296964
-0.11395078850961676
-0.04672341793030464
-0.025383143962828078
-0.402641645351446
-0.1498465177955021
0.26425840048811566
-0.3658212259183456
0.2795311274655274
0.10347048822577032
-0.11018859876671043
0.06893883530063977
-0.25823663103275174
0.09776756558967575
-0.11254707795269403
-0.055923308534431414
0.24818862857173973
0.14549036001736834
0.17380071770107
-0.36195909142789057
-0.2429282514646348
0.11958972456591738
-0.3064857289232405
0.06302352979015358
-0.022985414822347124
0.42825403154280867
-0.009092342951144645
-0.28130071864497824
0.15675598512088704
-0.2086417345938701
0.16786469535983273
0.025790388958488508
0.1379544817290699
-0.1718141175321454
-0.15220717109298942
0.303385321993899
0.11663956340016822
0.11949420639751276
0.12125093894645764
-0.0006290777912016723
0.40667360025788857
-0.09251917594937986
0.04665614199370724
-0.04957361344567207
-0.20298719725203657
0.13852091488176874
-0.6415161581625618
0.20542493049355
-0.368419054474915
-0.23424020481725907
0.08419382438891802
0.605704219190232
0.28513452783618404
-0.4266142055842495
0.2613465221100103
-0.1674593423439223
-0.11456014298389824
-0.29505603874800956
0.3517469039247659
-0.27110457638230745
-0.07271970118494864
-0.004554530577930009
0.08073983998796681
0.27837936061076135
-0.035434603936214115
-0.15104900539105745
-0.5060794954213176
0.10603074278928151
-0.4947536585004647
-0.5045556593206723
-0.05413690898341799
-0.23761723827713938
0.1447716012536122
-0.053360359221357616
0.20961761391009756
-0.17063344285736926
-0.4337585015745541
0.07615464301627234
-0.18895783672053518
