-44.896417736201
-0.5344046840842966
-7.934037722068172
-12.913629884748413
-6.730718581637274
0.11863300030810911
-1.3189929931555566
-0.4204565760036255
-0.6711810526755472
-0.07386973744918682
-0.5502205679706111
0.0935106735935016
0.3349901380702356
-0.3907832748424375
-0.18801296952023167
0.419118248787023
0.5028463942444537
-0.3477045641413349
-0.21055314529475588
-0.45476823413476763
0.01680230204322007
0.03160952838098076
-0.20439289329391921
0.018841528292309978
0.18567583939494217
0.15715064597948475
0.06711439080721504
0.037257624787717075
0.11167041385225362
-0.19321809952480404
0.4068603011443533
0.13430649629328278
0.3250682620347053
-0.006862315698029088
0.09669761394334095
0.00983735148791201
-0.153856200861582
-0.1898695019196486
0.0599408988923202
0.19821025284632837
0.10901044021113132
-0.14480405377185485
-0.11180877877068929
0.10766296225194705
0.3779906188297257
0.04146358671416803
-0.0758433015576318
0.4236061510278538
0.20190449558156007
-0.13184452144469314
0.3157327426445804
-0.0034199839328584447
-0.07061324946807485
0.3023001608277259
0.17237832542409384
-0.3144573208368937
-0.09323491064497005
0.3110481351335869
-0.16561891079380708
0.41583108165736016
-0.12544735350275965
0.13578610377223563
0.2641102664039882
-0.31335509273778334
0.38663727325264174
0.09045399320616446
0.2879296302535752
0.3061574779030588
0.10144838786395885
-0.10869553539672241
0.3002696945859674
0.03807783614500713
-0.11316666090473262
0.2673073680911795
0.032640013207815934
-0.11650956264855397
-0.28063861348713853
0.17782366992193718
-0.19246571219130526
0.27496866154723343
-0.04238514495856727
-0.15689646644155125
-0.057248387146131674
-0.0921282287645209
0.14544417960316333
0.10403932198546048
0.022913559291236445
-0.6492365282711652
-0.07056771484471244
-0.2899380642447443
0.34218963509243555
0.22482655030126178
-0.04181515318619038
-0.24742123977639355
0.1860827593002237
-0.1316156424468733
-0.21845708904673838
0.14505097572674888
-0.20581282265059903
0.3801937867813
0.14522471400127585
-0.4248356576569449
0.14237647978262868
0.06989457576931742
-0.09165093137688254
0.06313521412745118
0.3432502299814792
-0.2070596925789195
-0.020994736924986136
-0.23277589834962292
-0.3142728961096081
0.10929177602397569
-0.15937109541534442
-0.16369657497147022
0.10078315781058389
0.17426629157965223
-0.06830937646730177
-0.6259201293879798
-0.2426341631368277
0.3278882509971107
-0.005086936548423265
-0.10990409007290258
0.037157815691289224
-0.27585225147923575
-0.15078690920976748
-0.1259108781492781
0.10748267572446743
-0.14123092798069883
