41.922698290249386
-56.75261227670229
-7.44144986625165
-7.954125387707347
-2.1105033705520735
-0.7764642560087806
-1.939208360105981
-0.8069146270958126
1.9864875806972402
2.109662147201529
0.2506751801017575
-1.7094611172922434
-5.524945190398558
-4.424296283000661
3.2741003797335893
-1.4805028911157452
0.6046835279403904
2.7872457380555278
2.552792945369929
3.0014795726432735
2.653359178234509
-2.2645579337115103
4.926921108271218
1.1100912323682082
-0.16142278801416426
-1.3542337842654453
1.9633486793281227
-4.527502205198319
0.6082940985977235
0.007896082813006522
2.5485533415803356
-0.7855134827081879
-1.9968168879165562
-1.829858835798424
-2.879290686072608
3.6586192563882824
1.8336445372309138
2.1098698026079523
-2.1797635801891766
0.34258141297912276
0.40671232485841863
-2.331317658748649
-0.2604977510531184
-0.8991257107043924
-1.3740038606379072
-1.1228492899091198
-1.169691528061478
0.29264817069653926
3.3722537513747937
1.7568131003746834
-0.5501425267317455
-0.5563637780278525
-2.006379861408345
0.6427186965820086
-0.5541336660465541
0.12241608108144067
-0.891678038803871
-1.6837639178864643
-2.3379597545936655
-1.6305116922660647
-0.6303846575430125
-0.7016863431583004
0.6166885909542378
0.08558832934260197
0.36207548364561126
-0.38175134703645225
0.04955720325357187
0.025726990025835964
-0.23008469114061206
1.7767371771376546
-0.5325513892266053
0.5333110574246396
1.986521144830846
-1.487510977485738
-1.2447535809303794
3.214455749263505
2.2543216929740133
-1.7542288255672802
0.32294470397987624
-0.5395814782893151
1.647313084925269
-1.263094496878721
-1.230240318933013
1.46129818456485
1.5827423322910665
0.6888878941151543
-2.2369521177934515
1.7787983473014113
0.4639839322904974
1.1036976752081453
0.8213867436114055
1.8989624869334847
0.19627549522777846
0.47093877045357924
-0.825435984844563
-0.8046113163761508
-0.25770827294687393
0.9017784599417176
1.0142969362850667
0.04999423468519246
0.799104974568349
0.48402106453573324
-0.8322280197589216
0.07484202939262538
-1.4351427888478023
0.06726385847860672
-1.4348641106993987
-0.25831029761189783
-0.13327464989966226
-0.22000972744305275
-0.7272812384667552
-0.1605263256153051
-0.4151811730895766
-0.6849515985869794
-0.33637942414429134
-0.585650086737556
0.7181444860783509
1.0385026085388227
-1.8071611864671515
1.7229104043569636
-0.24051553210217286
-1.0200981467619545
-0.22856409233699737
1.3331746336548922
-0.37891855914257777
0.7231587165542633
0.1911244246203812
-0.04389963210287882
