-71.1189339486442
-0.6302308354642941
-4.906613924914659
10.373747130158733
0.1358004168367153
9.23613759208978
-2.201307124326642
-0.628057037444405
0.5204892469789175
-0.28011842184770275
0.0275980502326173
-0.5163856684405148
0.4688317752970874
0.33591626256550267
0.538487145633477
1.1729316547416135
0.009840003855848822
-0.17099405137700957
-0.4369813988261865
-0.3346603149237061
-0.6419444206837314
0.42087780335481156
-0.4215652096606892
0.7296038307263084
-0.74285611048481
-0.37398843935574294
0.6241338937873203
0.9373264757271121
-0.4686821999438594
0.3953883939230735
0.18040735814543082
-0.846735319745138
0.09591101153350876
0.5588805104607059
-0.33791072041793674
-0.7106044188584737
-0.3015351315598958
-0.37221213040770096
-0.19927000245565724
-0.1123039477712675
-0.10105447116195526
-0.08758716171694986
0.6454133116651753
-0.030733570119460363
0.2958269601121365
0.02616104299355873
0.05339213931356834
-0.34051948097301427
0.06305681065360125
0.49508480018584305
-0.2857933976551092
0.13149140401516934
0.011933267937069392
0.08069895475500516
0.3476295654252544
-0.27403627696785404
-0.06743162317370037
-0.0911994694328189
0.16079760354436531
0.3756642705297096
-0.12776958737969996
-0.2440041317501261
0.5797279440130976
-0.08718472450189925
-0.3920387056404274
0.09470924627225458
-0.07504216192228284
-0.2941299076891018
-0.17171059988178142
0.11286027935286021
0.3544058253253144
0.213265241866968
-0.4546824104096022
0.06847090577102062
-0.14524508698668695
-0.049243885692677215
-0.1434707809870319
-0.0017286397953052424
-0.15933009930143094
-0.05363903735901051
0.12261902996250927
0.5531366711431005
-0.2775395365358434
-0.009014349291168497
-0.20410287131127292
0.6717590747297022
0.4208217768243724
-0.2514892562520688
-0.12042737372407655
-0.25202220708063905
-0.13157691445261632
0.31068436736188343
0.18051242523623168
-0.5442394373519529
0.07330846361683627
0.18042891257959792
-0.04700168513530291
0.8072118783638036
0.3868795841163659
0.17698806113095428
0.35819789950959735
-0.5463277785152091
0.36381170622697934
0.6406374856776729
0.2441042197033594
0.32327211638003583
0.09455684650394022
-0.010732101013848833
-0.5002856722004312
0.2091877372777214
0.38183246103233276
-0.09695116233242891
-0.3308487977034539
0.2997961328193892
0.27293139643802117
0.45286526513474085
-0.40042324185374845
0.1809236046987321
-0.3172727229011588
-0.06866393574678724
-0.17115652312176383
0.2284347446569202
-0.22525340576109687
0.4329053060213354
-0.27400825958574054
-0.2133485690160619
0.11768377101482355
-0.21918692990514577
