84.62949442966872
23.602438042427174
-34.9600959629732
-9.895951644817972
-0.8351945827218865
7.598135446605961
-2.2033098295240925
-3.693244938499845
-9.478368153282918
-6.483296106182438
-0.020101905641773166
-1.5443059940332888
-0.9421929582132462
-1.8373600920706608
4.540239050880253
-1.242194871385615
-0.36379842448086314
1.4943339367090005
9.046359073745178
7.860717626131685
-0.9908665222018755
-3.5976378566061937
16.112996574222606
-7.187816904003393
2.92037587576234
-1.0677785141439813
3.8189319096074676
-5.13674853343128
1.4498707268592836
2.0966162727864184
-1.4631674900339502
0.2761086572512589
-3.4428568471139003
2.7610776125286143
-2.8280458486070312
2.158637582131071
-2.185040091973235
-0.05730782575210494
-0.5074319224834201
-4.326066580920221
-1.78170670705665
3.685589641572291
-2.0134442026133295
-0.771857833316378
-0.4533808360792363
-1.3696893932530085
2.480949192115852
7.632634659559826
2.0257002574047376
-4.635136715606518
-3.9292586644111545
-0.9739202997297525
0.3309567333924994
0.7131686410934172
4.915698172511921
-1.8138202356730784
2.8877652699557217
-0.18736935162321341
-2.9479828065716345
-3.0656264022371262
3.3514776854124273
-1.335211915679985
-3.147344471660246
3.36955172883464
7.188110979874996
-5.305170724032691
-2.044047262198948
0.7614606756916197
0.35553041918194084
-3.5468989460783584
2.897180425738682
1.2640449714767361
-0.05454199504950988
-2.2533308353564045
2.422852175403336
-1.2538303608228105
0.575799572609945
5.350459617036414
-0.8514715351326149
0.7078379322512273
0.848499964715053
1.2600889993722149
-3.0324483236757844
-2.4882993417292374
4.143604243243701
0.5854245062833154
-1.6515512468416809
2.6795310617754318
2.2160350299059806
-1.790285758245176
-1.7248629196032206
-1.581340730638104
-2.746395945129866
1.1009138466335049
-1.260466232459069
1.1645818866794597
1.8807080646627907
0.9905333379990054
-0.3367361217190374
-1.499020357723422
-0.37873055233990865
1.7537890204309192
-2.0382924665481417
-1.9403837965338924
2.487845837669031
-0.6000127917344308
2.2272084044141516
-3.0671230537102807
-0.1446459613676213
-0.7056133795137796
-1.2560649810661297
-2.4201649975838984
0.21861536410659654
-0.8235285821647275
-0.6816858711724655
0.1715525248986412
0.044106454669882056
-1.540382406148891
0.36440883998447793
-0.9667882447628036
1.8154139673981224
0.942765494312814
-0.591932910166416
-4.413755010250964
-0.7357742186106242
1.5734239553130562
0.6221550359804102
0.024175351254145452
