32.293317912812306
-37.90707392251144
40.30326948036608
-13.69716563361648
-9.853109606253334
0.22093863913906986
-5.029580227412012
-1.9867668615804053
1.0588814148690666
1.0438379634088566
-0.897584888354029
0.21815831669952374
-2.148303509131271
-0.6076719705166368
-1.5235042663152716
-1.8302714646500182
0.7256429881867048
1.892934401165462
-1.895084322916022
0.33938172335555217
3.1665540480257066
1.0659201209962181
0.007077798453369588
-1.4046297448913743
-1.1709107139201973
-0.21272049280923577
-2.219505591464521
-0.9233626107984974
-1.341598593404649
-0.8851078959982874
-0.3532923674872649
-0.689261544728078
0.27354226540235205
0.9062178751582539
1.4640764911083068
-0.8790784329718548
1.0858510988085284
0.505854293592307
1.1845513120938773
0.27641018782076787
0.27971223659024025
0.35220022357473735
0.3773765287698262
-1.2728402219703765
0.9304697968050422
0.8380269251619168
-1.0872151313262608
0.44048978516565646
0.06873171843437817
1.7074515790823959
1.9562922990298304
-0.39878197408880534
-0.30511433137276744
0.44775623022990124
1.6507493487298812
-2.506167276768823
0.6071370150643998
0.5411227889814669
0.9528357494591835
2.023222432301324
0.6010334765201462
-0.35441415804559745
0.902965504762362
-0.1455386683228852
0.35652128509787956
-0.9127308284875164
-2.7112547456099207
-1.6302158540362464
-1.0769100380405556
0.2757190527894044
-1.9788549942712237
1.032772721030001
0.3153837449155809
-0.9917594979105362
0.37835410777170103
-2.020857298228834
1.1409735421876714
-0.7971539275364482
-1.0461499906301572
-0.4812018722976404
2.407239777732903
1.324476188458167
1.7195115399596212
0.3101691336050628
-1.4935231893848662
-0.18006086752978712
0.3369242587789576
0.44145824122071414
-0.23707290021198385
0.050833400174045196
0.5997405803395559
2.763088842615725
0.5188267624679964
0.24088677814289297
-0.6256403052141409
-1.906763260193697
0.855182961370239
0.560967034235554
-0.3157281201406317
0.4741869954521266
-0.4563167717838386
-0.4474297155580875
-0.4264498997499192
-0.475827697883345
0.3816931402210353
-1.1788685125748224
-1.2191021282157606
-0.26736588207388823
0.01149455103795019
0.3914435105527949
0.6696607494050639
0.036987794217284126
2.0591682511564167
-0.020626958102140398
0.8408211447899312
-0.9689544973722379
1.0531368070711464
0.39622107511430577
-0.7289330779853703
-0.22611353079377408
-0.16480484125412057
0.1635902368355242
-0.26448016861935064
0.5947404523310722
-0.4631888458172727
0.25751627563996937
0.864229363598454
1.9272750139185852
