-19.964271877138746
83.68533062040477
10.702654032967452
-7.341420444292228
5.419526193902971
-2.700564483992992
0.301861855484676
4.76881467086953
4.059347732827184
7.551827923590139
3.1058313706313565
3.6096100415674863
-1.4056493430598587
2.8736671835294754
1.8205936257722843
1.7518698448411483
0.9989822884345526
-6.857065680947153
-4.347015195342181
8.502995533134659
5.648425080802003
-0.5368343369388644
-0.3992907763924809
-5.0424417450455765
6.4610404894959075
-3.043123417090914
2.6876481172363964
5.663267717995875
1.2321956274220618
-2.519200126892776
-4.276182414110865
-3.767188699358815
1.311333152697693
-2.8016619935939464
-0.6495681437102976
2.305689828433966
2.424810604392161
3.128171273825667
-4.8711334661667065
1.5279711572408543
-2.8984674267969526
-5.117459990307787
1.5869194960162802
-1.3215465994595756
-0.07288588101216358
1.115234925775084
1.4664986149269068
-2.77476406670881
-0.09811258999233415
-3.1949752987724307
2.6252889849297985
4.680103710986376
-1.975923140710529
-0.14011311476272648
-1.1890222544669051
-1.1022211259604688
-5.908829847180061
1.9155506660737462
-1.1077538132345786
-0.1596545583195589
-2.652938338762981
2.2854831314144666
-4.128695212227504
0.9294053891990491
3.7226859507834154
-1.2054533413667066
1.3785262939723544
1.1925579984696482
-0.4227869856433367
-3.8580562390982722
1.5109866233039702
2.1937524538084996
0.32400167616902137
-1.7617629659517782
-1.450608710336127
1.0659377440123592
-3.3114237643577753
-2.0545834824880473
-1.2863873890962296
2.0546248416784167
0.7233034811268299
2.2949443229618427
-0.004772741917037013
-0.1592445801159657
-2.2622312336263115
2.320567422145273
-0.44786895132151877
-1.1293064007282958
-0.12818646709725348
-0.34387132767064515
-1.508494308248736
-2.045442782989564
-0.09566316379545567
1.4142407519189697
-0.6917103421536368
-2.5582499320924055
3.084074980513629
-0.2864866802380947
-1.2185693022534911
3.4085666494186717
-2.9058908296906694
-3.161056230283393
2.1823960601094874
-3.9871691353121226
0.03382140986130554
0.8698844987507945
-2.1994340478584262
-1.405586053449909
-0.03367405744790247
1.4783555000857196
-2.376726828516948
-4.737502514030146
-1.125865211336398
1.5329160585415214
-1.5954654875140781
-0.5726259544328254
4.12125708866608
-1.6572893525323875
1.0238241426003285
-2.0763839256270282
-0.6823718391529139
-0.41090866453553604
0.5707247511037119
0.383647184884701
0.025702400898937945
-0.40261111266313754
0.869667647546532
1.5049723545787714
