-50.65542186525519
-5.363127169703853
44.14825445577579
-8.021324835483327
-0.3435768466507229
3.510693422879319
-1.7986129814749514
-0.12360874200295538
1.3866071058758256
-0.14972785391544705
-0.69815101665425
1.718747466993912
1.059316912948612
-0.407936194229625
-0.3908042956846389
-0.8486812985479206
-0.6470639339142905
1.1827317512991877
1.0613185844446518
-0.7513683625976058
0.6827433782129272
-0.5851662535382298
0.47275260151629406
-0.98264387426286
-0.3206334282233943
-0.424631189489351
-0.2561309129015711
0.38805689669859533
-0.26095369804247737
0.3505446551865436
0.34268504821638673
0.04953534271952259
0.5115584242580932
-0.027568911445325583
0.2296152060849586
-0.027738218763647737
0.3524159511528443
-0.09307417082235578
0.030290283302671278
0.09738854140053405
-0.32225746209447925
0.025404709003510773
-0.37538043282780176
-0.0718983063894458
-0.07095750701063987
0.06747876589227794
0.1885262744655322
0.24152403131023759
0.16240785426459092
0.0001512598121305858
0.3980122507659706
0.28785989331653594
0.07013417061860269
-0.16805181157702687
-0.14307291782387793
-0.3316231178085595
0.14983528614134195
0.5337517800090914
0.020623487868582938
0.10600205471606258
-0.14260499111816072
-0.15099569560573706
0.046125013034243836
-0.010950478819187148
0.08496083449636216
0.06141630706549854
-0.07437229934106188
-0.20372780208804342
0.2048312552061658
0.06841041962754486
0.0014475223827729033
0.26081528523634134
0.24385741493597224
-0.17631861142066244
0.011932145226212387
-0.23685796776347692
0.09811366730921912
0.5867863260747115
-0.12540728753889477
0.0555066755307616
0.02512512227558178
-0.013937972237099472
0.04227668269906258
-0.2556706565936605
0.5349811039060955
-0.19509532833622012
0.05653392689609809
0.014480978315502652
-0.07802720946172441
-0.3739811370141769
-0.029980395701121626
-0.14021195501520037
0.4305825427708437
-0.04449118162305907
-0.07766852198494541
0.10120175573571277
0.3033826548014197
0.09673811948532879
-0.07613613313664787
-0.24049494398681232
-0.19743367378628232
0.11077461674898564
-0.15665912669302914
-0.28707915099967357
0.11322760351863785
0.21008344578218613
-0.21561657733385803
-0.2267653249544968
0.024380456060540994
-0.05874051956189394
-0.04371574953407084
-0.5463425645075879
0.2908256433061925
-0.37082195435239146
-0.26520928602580796
-0.26401834194873586
-0.08510290587861052
0.04652570206898597
-0.25058461407560917
0.011623383046914404
0.33744738015519116
-0.09883481984334544
0.07076193586436258
-0.2549226711540501
-0.11358393818195378
-0.09176694304258612
-0.0858753120109601
0.18227405090419652
