-37.994123524491116
-5.712242978461289
-4.5326239629514
-11.79790211550582
-8.760677000905842
0.6294746916394287
-2.8971804164735087
0.6072139294876828
1.4688116583547157
-0.7012972337039076
-3.6688988518244914
-1.2442484644579614
-0.1368074535433477
2.784992298223598
-1.2117407034732677
0.792335957607746
3.460767556971235
-0.2618403405771528
-1.8250486942052193
-1.2484151968005044
-0.5512262940093042
-1.0780514694538381
-0.3438414254661651
-0.38079381256919054
3.302332020639878
0.8106075932630032
-2.1017571082846547
1.5811610590076024
-1.2342967373246685
-4.29825356817339
-0.5306125664930679
2.406531259376428
0.8550549640389176
1.62624012784558
-0.01494000911352714
0.007484752008666995
1.3797199788094356
1.087103202606177
0.34627735411945515
3.0769094843673184
1.8104606228874844
1.3772026500900367
-0.09769751822851108
-2.463607346804792
-0.2764383842685728
0.8524105629488512
-2.685557704366521
-0.563189421112303
-0.5855102010161283
1.0087954709867737
-0.17575491778925922
-0.9998636834124969
-0.6341285919781123
0.9726114776170465
1.4405399283447173
1.2436819556529226
0.5601121497208511
1.1613980841154776
0.5330866212194396
0.1466008200801969
-1.6496500094248019
-1.292935439506376
1.0342284474342325
1.9167335931191125
-0.26963477059024327
-0.35071771015844116
0.39969686827676365
0.025126351727354043
-1.7978331009023163
1.0851624724419793
-0.036858171986754076
0.46317831137209065
-0.3925318976699358
1.4019179503732415
-0.9487002725972887
0.8622404532461433
1.594698096761248
1.2359517546908003
0.7487529090477145
-0.35647628624363414
1.5933104829910434
1.3909189714455537
2.58665069161483
2.2975465978431853
0.9090456990866282
0.3302492928006743
-0.14980561982092744
0.5291443493529472
0.20643152540055895
-1.085801786993733
0.23528021688616704
-0.09540287026306424
-1.2289790303436936
0.7676156837819417
0.08422825690946537
-1.6773449663819546
1.5163738265888527
1.6821194186045854
-1.3862846600274465
-1.55420806191186
0.11829093999297366
-1.2347453828729824
-0.053951020597480415
-0.760026144612897
-0.43245702657738233
0.6349642393737778
-1.8977475397963324
0.8332779186665605
-0.8823584867050704
0.44543664641958464
0.02320513034722506
1.6894598188227437
-0.28966342649921645
-0.8017503676555775
0.7263191225178275
-0.6311799160361564
0.30971296155666883
-1.743706654386707
-0.02312925456492547
-1.4081455283677127
1.4949730040677656
-0.026904963136826998
0.41565011536649776
-0.513667001658368
0.42820668363344494
-0.7372862577208636
2.642914736432067
1.9869420843564385
