-44.824157731696
-0.6382287617224708
-8.02982397804883
-13.296198548666785
-7.958108751754477
0.07491143802239358
-1.6088600363339105
-0.39901316376779483
-0.788815764522173
-0.18216246667947872
-0.29088257630907555
-0.0032471359040217584
0.2047313780801145
-0.41346316597489174
-0.09434678754058784
0.27408692198662776
0.40113838598528984
-0.1987402928466035
-0.3357080771529433
-0.6181154009063289
0.009986225050180042
-0.1277212014444324
0.20765581346337264
-0.07566130334261487
0.08805556468170105
0.11546838795685047
-0.10607628975322803
-0.08788840905054301
0.17964817722036802
-0.10631041245636749
0.11784259299827743
-0.07104538382260978
-0.20998585348277354
0.04642388402616586
-0.08561737196558149
0.08393349862610847
-0.25592567433025365
-0.30363460897316363
0.5511183768606311
-0.1494231599480283
-0.2612976144319319
0.24261403807569515
0.32162474444872424
0.2069579573740398
0.2732913206336635
0.345310138965024
-0.20063233662051905
0.1108428099733547
0.353355239194748
0.06801578314138454
-0.04552940813483594
0.38817109656718596
-0.2900322581958419
-0.04436823820405002
0.049489752071168645
-0.07253824685810356
0.2239145412711315
-0.18007149818796023
-0.30170671058530985
-0.08179664708166236
-0.044135600548370096
-0.1665317476330387
-0.09904711839500664
-0.11387191604199377
0.06369939983760604
0.17341682578196213
0.20381159874134666
-0.15013056240700343
0.15693100356126485
-0.18402641880210174
-0.17113534119859275
0.11141139336030549
0.0706446696346055
-0.03482521221204391
0.14224444019658575
-0.02663547753326273
0.1688136222766696
0.3049631557268025
0.11104360314860551
-0.2617157379911776
-0.08749491148297543
-0.0010159992802689644
0.0036528668273759016
0.014447814633928899
-0.14321586162894764
0.26155640005386255
0.19168609059788871
0.24438128296660727
0.12312774858066161
-0.06997029757365392
0.06990705449039103
-0.06277930276468702
-0.12792628057555883
-0.034701951008091744
0.13938974825817094
0.010821156101771638
0.14298115675303266
-0.19796490880137285
-0.023650949613529582
-0.08730557366364751
0.11255227124314235
0.28854992126499224
0.027830779902729683
0.015997068665080896
-0.20021730272022092
-0.08249639509076837
-0.22377655143397937
-0.019944458240497707
-0.3655784297305661
0.30361393615696364
0.2824026644287979
0.1976880362683377
0.4530298573409356
0.0956898883880014
0.07201350568201198
-0.10276262547332307
-0.04129916120519156
0.2561556414849883
-0.19872796945209018
-0.048141463528658966
-0.05610246603442622
0.11896288265000221
-0.26564715956219526
-0.040027601576342386
0.14465726860435874
0.036188218610253425
-0.05400444202863469
-0.051309596482461944
