-44.96872507066651
-0.2619715174335163
-7.658248253062846
12.522573010068736
0.21982452082297788
8.519296987771748
-2.0612244402010704
-0.46858283330431616
-0.11067055606709525
-0.565296655200078
-0.12230110230838592
0.09919008882645783
-0.1642185928458186
-0.022758525129891988
-0.35226023295456044
0.19948027909717905
-0.19363418635117158
0.29587422774728334
-0.06385088123028729
0.5524660680387941
-0.3817044767387945
0.24282063283851346
-0.5514653558574858
0.3131108343686698
-0.2640169069999744
-0.007932803332713803
0.017797063187041495
0.021536088812208046
-0.14627645268163125
-0.4461660234214997
-0.3380206674923526
0.12923164256791322
0.30195236621212823
-0.1539612972632448
0.1382079749615117
-0.3075793382689072
0.21525679833865302
-0.037065558494902
-0.5407434156376887
-0.3655806581522074
-0.4223611139002099
-0.2640255210099061
-0.18615474555193218
0.3399239853619454
-0.07886207282570774
0.055615601910656204
0.2351373687006295
0.18985695576504918
-0.18565819404212774
0.22243016523824236
0.39485547533649484
0.1581989336268162
0.1685029222135402
-0.07005146427936164
-0.31977779124438677
-0.35825937367460153
-0.015268060158363315
-0.13100818446476134
0.2628105434126216
0.3949274803800384
0.15934827858348458
0.269659030006302
-0.4296939637156878
-0.28052249669551443
-0.3033230302360773
0.11393687269958602
0.1889955912792244
-0.06294299672564575
-0.3015999658938495
0.13939810574707157
0.3914265010158446
0.10183004399334063
-0.10857855853503134
-0.11447788267612242
-0.030429376940751207
-0.056473326999031306
0.25281304121502174
0.0651537856132042
-0.25349865756665363
0.2744058767729311
0.0529186273324251
0.05141964247884525
-0.15452575376832275
0.5075107360706814
0.11129819125392862
0.11534018856330283
-0.07086899920477563
0.0953553707905034
-0.03991421451198679
-0.050462501486638965
-0.20002368287987693
-0.03926334497851624
0.3749269690684663
-0.21641873126956418
0.22407580686073741
0.14699176307428702
0.2443601574455433
0.2613858065060488
0.20937696451177573
0.061952309572370794
-0.0957704224688444
0.06496270238270033
-0.04936551933428907
0.2578411382954979
-0.001317220449182463
0.20215706347802012
-0.10877472646706263
-0.19371517470091126
0.030606186889911586
-0.362678428013824
-0.08223265282372709
0.049154407723856194
0.09829560902568099
-0.19037878245582898
-0.09818639462685866
-0.17254125776362747
0.1601147966980477
0.27258508757415273
-0.09181996949219462
-0.006863886719926599
0.052151675895662185
0.13986365142182738
0.13671478639139234
-0.258535939765089
-0.14754893490574328
0.1510389418038147
-0.25900299718600617
0.045087112445941095
