48.848585666960176
-28.219215325836878
57.403440378125445
-7.010069925460547
6.515599941729782
5.221830513684674
5.047046843211595
3.8134293884382213
0.7962981274518638
-1.9669323350056056
-1.0673561302211763
-2.2895354986935375
1.6642206444542398
2.457774178237085
-1.823631429655303
0.2705851080008522
0.7637354629186114
-0.8828967312080119
2.2762195445101017
1.3411427030596021
-0.11954526259255682
0.7776268012095247
-1.036629887296821
-0.2841252512926288
-0.523928104515588
1.8895982823425357
-0.2964991415327071
0.4091197399454107
-0.7970797775455508
0.33688910920657855
1.2825032730767854
-0.5953175623865082
1.8345014184422896
0.17316620244405384
0.4932481024593279
0.7397580763527485
-0.8401775126858452
-1.8191561721730896
-1.4239588286091758
-0.17252678776766628
-0.4079105932115176
-0.16952785216375174
-1.657121041482617
0.16277796677558481
-0.31880218747387445
-1.2962745835031235
-0.04509087335401034
-0.7615668476957376
0.001135615033837148
-0.761780752632478
-1.1854192534484531
0.4882825279315177
1.0244562066041336
-0.3998355768873876
0.513997591589036
0.010433641718073816
-0.0532316309334076
0.004952730084308549
-1.1533327490556995
0.1489263932525325
-1.1685275494921634
-0.3829321430050946
0.10529096969788726
-1.237463202833137
0.32320574563845056
0.5049633288400215
-1.1198099464823597
-1.655242252052758
-0.10996727670969816
0.27322245391908184
-0.16086256030536694
0.472373915496614
0.2786006625570385
0.5176586097607307
0.06890288563616173
-0.4081043454040247
0.012678039530689217
0.612042689715164
-0.5905890473130082
-0.318780055253754
-1.2397015936703117
-0.42160559239788264
0.18062013146584754
0.274608940944869
1.1342178486595538
-0.2937097430471719
0.39861107794205863
0.013249186173585614
-0.9396729862875864
-0.8619050453080382
-0.32730745418745594
-0.1850925354975374
-0.8740490962863681
0.6297941039187646
0.0702769367542268
0.34399093520981794
0.014776725638218718
-0.7799146648566737
-0.4424442704306958
-0.3565222183014827
0.22147635513470879
-0.27268137498784584
1.361490621686233
0.27064310298279837
-0.12965751508948165
0.6753951277606489
-0.2434630035933598
-0.8812811072243899
0.03178146847803613
-0.4653628047360921
-0.30982424979474577
-0.5081082182631822
0.78877795598638
-0.4974243880668534
-0.4795608609419372
-0.4657104916045869
0.8334541850602029
-0.2106336930977393
0.270564267123409
-0.4538268889570183
0.4736424984056409
-0.9572932832959881
0.08967435821384183
0.6033602025527366
-0.11911573414939916
-0.5988378363290923
-0.10295589888381679
-0.10177161106229976
