-47.179475689644214
-28.13019910819037
-20.552074648958964
7.534391893685945
-1.361390529576705
3.793120322214275
-0.5835591563477678
-0.14209662436522463
0.5399641754589448
0.1866242114571774
-1.2554399950491906
2.144311397140606
-0.5524821929941919
0.0761908750474114
-0.8975920899550911
1.1725853594616076
0.2942540449133455
0.12147880810915179
1.6785266175287672
0.39674975155071923
1.501071018752823
0.02975612933806758
-0.19436304329437243
0.10846206595560698
0.31538598217186375
0.9713108250100911
0.10700606337440549
0.2479262060697927
-0.3521822862597209
-0.2115455024241647
-0.09959697945052243
0.4561769199014145
-0.41460172087958613
0.6772207146375738
0.1055659317542746
-0.040269261162282494
-0.0865870139004906
-0.33432545464589486
-0.17725524141988408
-0.07938446072623387
0.06709287046891803
0.06046260363328876
-0.08764899575449292
0.07289155605416447
-0.18577631482198853
-0.028949694701409526
0.5062426463745345
-0.1356910606297084
-0.08160429508637862
-0.09949477383644575
0.1651504376404952
-0.1526788099756347
-0.2651442497849149
0.08043795144250214
0.03308894326520487
0.03916453921241503
0.17797294672687305
0.31431541759937665
0.009830871473001202
0.6413819264835062
-0.26050023267867295
-0.01959224359016426
-0.4748535405715809
0.1728162907553354
-0.24921512067207904
-0.14254435624082454
0.16561018768659286
-0.09827461266606599
-0.17971272115781337
0.33643776245430324
0.23918086990246498
0.14404211173819353
-0.12360440840509426
-0.15405827634857977
0.10770880442811999
0.34702944269961544
0.19246728525603124
-0.10658573143552014
-0.17604509162661536
-0.28058205463360825
0.18047248216747
-0.22083807541141903
-0.11079411037801443
-0.1584631186365422
-0.1751719622240712
0.5042873366194781
-0.26168088028625175
0.03268503530621436
0.11095099766005181
0.4261996914525963
-0.25109435911555755
0.14429488908146218
-0.08460876533751403
-0.14324178040954388
-0.04803761943438588
-0.06819292100204068
0.27624468014165643
-0.06696509581765776
-0.09957087620646149
0.051619151495260945
0.11900687317534825
-0.12369115986507152
-0.18437230361558338
-0.17644950560375788
-0.23205394553855943
-0.2227218723775769
0.07078979981710343
0.4263358895536737
0.3030326338185866
0.41063686772291413
0.03099046320787935
0.21763679805743527
0.3825784109561996
0.010366746871734445
0.18397255599612639
0.11771931494664441
-0.02312039899593847
-0.07459512030764168
0.05555378468053837
0.047844572912471614
-0.00012762406548906188
-0.06686971151997217
0.1382146667019119
0.20800201592811512
0.1940805165843275
0.11579134721685026
-0.4705966834560903
0.03953851049555937
