-22.643986857908796
79.55203476149357
-37.20918304893682
8.045015007005263
-3.1698331229650214
-5.784582686241363
5.554217303982182
2.5729108187785754
8.962095282250745
6.533698352261364
0.07730210594569803
-2.4460118794960084
5.385899009460353
0.42306045375226475
-2.5270419808227524
3.7226656512965914
0.17776854517758137
-2.48969387169181
-5.013687334238442
-1.354790408253432
-3.3635587345375324
-3.9086091520149826
-2.694189201580604
4.177229360171885
-0.6892992967374789
-1.0659190024377263
-0.9124127883106159
-2.9893790226773613
-1.6137206614334976
-0.04186710436927552
0.6121691192767414
-2.0104342345264095
3.6404729696912006
-4.493830003055092
3.177686371586445
1.9309001602943683
1.0604489635858692
3.5755243012609386
0.9021195325655555
-0.8609824508487652
0.2918220576122734
1.542059440704868
-5.484953130344899
1.760097912592655
-1.2805753680354157
3.4471517486946714
-2.697571444022955
-2.008020012829043
-1.8771193411030005
0.7900299850780674
5.171866761236206
3.328824993651981
2.2923302154350638
-1.180665189408585
2.5437149002226485
-0.6407561669363158
0.8898506187134838
0.012144615616246218
0.45253847572538847
1.760358701548212
-0.13633373364017612
4.486412679478773
-0.7776677508458407
-3.430573905207613
-2.2518100635464764
2.958206868280262
-3.0688116919283006
-2.3716243101434658
-1.6093027979916597
-0.2340118790062121
-1.1951535072071016
-1.014844318717715
-2.2990391559308794
-0.3700651242332836
-1.4627735576657939
2.2282412761796
-1.8134984021805047
2.324253330619909
4.259411602977026
-0.7018691087222676
0.06937953544502744
-0.5062839225716409
0.9178951915149639
0.5814344401318966
4.312618518565113
-2.077200450846961
3.972246503792196
-0.45355895962499304
-1.132108701896791
-1.5815450888212392
-2.0441459632794436
0.8602077422249025
-2.245476009089033
-0.009046504562238877
1.1140159992283845
0.2029144405035998
0.24233997570462512
0.74442626223353
-0.5693186181402115
-1.0633974799869077
-0.18008622371389166
0.40890559466371795
-2.212642849004381
-0.6899883981466833
-0.3789254400108455
-3.523928897840752
-1.8382758610891785
0.9368629182617076
-1.9755783785877683
-0.30217681222931836
-1.5126761942462201
-1.3424277381680856
-0.9292422502476861
3.9557582428548956
-2.0802720199522122
-2.773782706220785
-0.5117133134329009
-2.814450945635166
0.5683983212246084
-1.273197940973411
-1.3288796105786638
2.13495826942998
0.03737959597557657
-1.1803242527634583
-0.5249067795553181
1.7730343466141492
1.2588081292591533
1.2720805631140268
