-44.728664574958486
-24.320402150489116
-18.47062556485037
-8.327272329858523
-2.834368694487585
-0.5493064689583824
-6.490864093690862
8.34808445787449
-4.2971319496966665
-2.7953963383951144
0.9149286226581689
4.6372933717808085
2.512693135333319
-0.28802623555144435
-0.25599143355826104
-0.2957753785617254
-5.141224637911207
-0.9280386281327243
-2.972885683235291
-4.643635549155252
0.5686257063315918
-2.023487339508937
1.2535277687391186
0.23781161869273595
-1.0001096082871457
2.4174310417284177
-0.046826416390784144
-1.2871533311788712
4.5289846750871074
-1.686637016655518
-2.244601024829442
-1.4700009787332533
1.9232816161192707
1.2042618265095635
-0.7437541837537474
0.5074656587072689
-0.4644260433548315
5.33325697972481
-0.17040775800455688
-5.174985726082136
0.5946563456449618
0.022086803802875254
-1.33633971009332
-1.681295275076311
0.4069163262478061
-0.02611402646574415
-0.27785040212436407
0.1129283301518905
-1.1658394696870353
-4.56740736743663
3.295716806859259
0.3723354403254112
0.18885088845045178
1.819376347966406
-2.5262771025517123
-1.881568189953898
-1.29655521097591
3.3643705727108015
1.0722084210769172
1.167712979987032
-0.6889074005675533
-0.6255238559410615
-0.8672441835222446
-2.5539199645737565
3.0644162744937624
-0.1684921059022378
0.15679243113101513
1.0254289187644956
1.6175554938221124
-0.29723190176740255
1.315930573004769
-1.2135809336168641
1.6126962248467835
0.3712441243036469
0.7653423815545596
-2.427740516705633
-0.00993257273908783
1.4605910590921598
-2.2078569404202013
0.7198676380321901
0.15824802618565015
3.476539231070544
-0.13408378031138307
-0.2547233944710961
-0.3826196271564192
-0.5879832238507064
-1.8778905967190254
-0.1904462663489229
-0.4179167067241631
0.8271303606263674
1.6635663260851954
-2.226834576959681
1.5359034152946311
-0.5519167507045609
0.5355548954521367
-0.5379760484460535
2.397656782800821
1.2125092595205957
0.40474317989939956
-0.41052756794370066
-0.4652637667501443
0.9680869616647321
1.6487670398401786
0.04968214410633842
-2.1306152193385914
0.07990888510258842
-0.8609174422990082
-0.7715621232449695
0.16590315950349874
1.8445926563153916
0.8830782251538951
1.0661282901337277
0.4589674206195769
1.23963361693656
3.361709157809904
-1.0062320038505288
-0.9071006642693595
-0.740132619740626
0.12395416560570213
2.0194968739671704
0.12323287073365756
-0.5018698234107326
0.3910108126865267
1.8319752762472794
-0.7028518839566827
1.74742002311755
-0.40491965655691314
-2.4423076620784085
