-50.85683569850147
-4.362246303593953
44.28224325138126
-7.865519820003926
-0.2200354305527139
3.436694989327845
-1.724804729047936
-0.3405038300827332
1.4579695603811498
-0.17623347181606633
-0.673036660938808
1.6373032842554944
1.0676386793757824
0.06849565358835019
-0.07373002643180332
-0.44739161709566916
-0.16897481765384678
1.0900329461634224
0.8293277051964266
-0.6465387613560081
0.6831812161481021
-0.3916408479319039
0.4371395810004538
-0.6907833548225192
-0.135952310583339
-0.15086573954184462
-0.15313394358310234
0.4019387953323179
-0.4748783585104267
0.19641769388970287
0.36186805916850606
0.09795724890567423
0.4181491155670507
0.11584408123755463
0.006944420991737393
-0.09100650608735217
0.40041250564487774
-0.13004025694111937
-0.012846064956283241
0.2729736967077036
0.04403822070948227
0.14747421066755595
-0.1344139601320476
-0.049908580317909214
-0.2069774125983665
0.15595928565477107
0.17521303604539024
0.1112851877317927
0.20871945107263595
-0.08709514270751972
0.04932046462318402
0.15473581803270023
-0.043758646459693296
-0.059664701768203515
-0.06387419672900055
-0.27646771759054706
0.06995401765425138
0.6921349876943691
-0.06726769338644775
0.20814675840862384
-0.060371433172433354
-0.233043841919981
0.02964637628804887
-0.011993305026358647
0.21360223224462827
0.1213909018205673
0.10394626308460292
-0.18485533655651742
0.13932956722025636
-0.030797408388819475
0.03645818694881897
0.40107080123814187
0.034195228206619306
-0.15170878918933497
-0.10321767595076109
-0.25500977162585947
-0.01823529917995642
0.5048414485902902
0.2420676024412488
0.1433451136453185
-0.10239391068288245
0.07554166963229061
0.05498812650289467
-0.10845385634832069
0.6146148551833437
-0.22622063718873428
0.036968122310257416
-0.050363159253393734
-0.14685063163206474
-0.1605472196467593
-0.25723155885250454
0.1627571950115044
0.22180766738749522
-0.014145218681994143
0.00649131057002791
-0.13781095603392948
0.015944993539372294
-0.014550167135738062
-0.10875356128105963
-0.08442555388567248
-0.21360547096864965
-0.0586675860991302
-0.13005594660926967
-0.3579344973829367
0.07518274397023589
-0.020755891608467886
-0.2010568306889408
-0.4356315643256391
0.06370807537506461
0.13558938276960436
-0.06975276341317097
-0.32326960544594796
0.18358159519428946
-0.1614767246320546
-0.2979087423202456
-0.21937732347757577
0.26991649281435404
0.0827910554218735
-0.04345425939953985
0.057171689992449995
0.26815810736013174
-0.28361795262001627
0.07161639776099095
-0.2495403133562697
0.05591285397462198
-0.009901399320627557
-0.20639398621357047
0.07304914231962677
