-44.25401918514859
-24.11988766976869
-19.028690353480275
4.021388351656189
-7.148218756216215
-3.8181394083833706
-6.228372214542419
-2.3644042355597876
-6.470752834309355
-2.5781918449022396
4.891424388168833
-1.912663724351172
0.8508347753186115
2.751666293118897
2.4341113037289004
0.2542980938293382
1.5293411739626732
-1.7978076337366111
-1.7932782038669837
-0.8998192739223179
0.7704122474074616
-0.1513926627749087
-2.4603417338004903
0.29990842561632236
-0.675026228090719
-0.7103393979262965
-0.013814641334575398
2.1851543598976786
1.003189000705103
-1.5792071962389513
1.2748517758290698
-3.4688343911679484
0.21839014557394326
1.8320606021386048
1.0427922351292445
0.3445640401935914
0.3258219909104815
-3.4858725391992813
2.1288404110311006
1.7519502701211722
-4.25084998674068
0.2055176885827938
-0.9732000723939348
1.1214152377516
0.9897970722920001
-1.6696910478361475
-0.20983711960778706
2.050164461307528
-0.46596732605246255
4.830102705541286
-1.3078404253366938
-4.553785357595066
1.026851326243493
-1.3379558409511794
-0.32652207652454557
-0.8705297578039337
0.2186295768765037
1.8623774367132058
2.5032345464995065
0.6569247487808536
-0.27087670042693035
-0.06855559871658502
-2.524384143955494
1.0095507998913948
0.7969366507564715
2.0327788518397583
-1.9140020750663458
-3.0437718381503154
2.1387567451798764
-2.04630045881349
-1.8254360749096004
2.8044366629343465
1.5854257936847873
-2.2374800616712753
0.23835943232147766
-4.310669611587788
1.362418354842323
-3.960599989250703
2.297037206025268
0.9314552139760051
3.1277854826764564
-0.31761205105244317
-0.23453093885392723
1.0838138461707632
2.7146354615111528
0.3955581246504251
-0.6801337858643987
-2.4947892622790353
-1.3177275679557865
-2.7480975394013685
-0.5400870298643027
1.3091731932068214
-0.8119492965563292
1.0329932107406758
-1.6915291962113912
-0.06077081305398985
-1.1545386784408613
-1.7977605586470593
2.4566538858544935
2.529014789204579
-1.0574482325509038
0.9306093075720281
-0.555552335421895
-0.35694411499012785
-0.7199181368555254
0.5011886030911543
-0.22567466454441779
-0.8238946382295532
-0.6096051317374859
2.267335866152077
-0.19891179809917905
0.2033560342704655
-1.0314342613394891
2.0887982145351116
0.5475201362404811
0.021045187009657053
-0.05811344850035342
-0.16975189038354283
0.28617547907913643
-0.8368978951445225
1.6217385519630843
1.653068239776736
1.9027263010759878
0.5624241349886231
1.481102222861522
2.282642980948604
1.5292069408681184
-1.0099213266764244
