-40.67801741930476
-1.4095985756642557
-3.2163147288952176
15.595525955489858
-0.8555834571941409
-9.665194386475031
-0.019410069372054195
-1.1495550400698815
-0.3109656233732579
-0.17972996801723684
-0.05786274350757252
-0.29603819100419493
-0.13782757534215018
-0.15728042028672393
0.11922117653937717
0.7154979085772473
0.231288013721493
-0.18235301383290586
-0.2225763280733037
-0.051722352305447875
0.4299430668715895
0.024531323296428632
0.25420135124437404
0.19695489553560752
0.16867463637237612
-0.07067956933528523
0.10358964136523413
-0.320812245517304
0.07728641892657323
0.11188705069236296
-0.004634245181624086
0.1158851854492931
-0.25679387230447803
0.25249295709379266
-0.3388325207955115
-0.10525176373197456
-0.2229935774789754
0.04898754390639471
-0.31255179194963745
0.6391712840873336
-0.4801886336705763
-0.45265119950790766
-0.04730495555488527
-0.1041660665348026
-0.01214231231515955
-0.3510068544908258
-0.12163856523903202
0.2894592994991235
-0.004860345589357297
0.22778023736693587
-0.05765549506618161
0.26254726484741253
0.09045404961662784
0.013112620543584044
0.07961244891320157
0.2857530597604094
0.42756798027
-0.20306465598982834
-0.2762919171331827
0.10727319313062006
0.15558520029976863
-0.21306123604328928
-0.06343265559014118
0.12332483781185703
-0.06330061418650115
-0.15927862791368969
0.4275483014994234
0.24141436618279705
0.049158512571532836
-0.07448372297830674
-0.08286024093754957
0.017865503248869388
-0.3328675332103263
0.23204860710314426
0.20310846721467055
-0.02539548849668525
0.2381194703067393
-0.28359068864878334
-0.10043603362530223
-0.30081512595428206
0.2805824604843601
0.04660258739042537
-0.3333881692002263
0.19029296843469715
0.07337189747332078
0.04016112822998846
0.10364709982370744
-0.054048582594244235
0.32517328802986667
-0.3307792301644973
0.08482588094233025
-0.581815710444118
0.06914354140504218
-0.2579104332976605
-0.1162660710875739
0.7094074790716212
-0.07097516255722174
-0.0709977269522168
0.2328828876059681
-0.29059278515032744
0.033538001845550725
0.10062288915813175
-0.14358074665726528
0.15645915148595851
-0.13808457366038776
-0.23128670719746738
-0.052970766450410926
0.058663184709892735
0.06348748594855688
-0.009164335028923616
0.039407433068380654
0.06509029364980329
0.1436266223680956
-0.11755478508539437
-0.38476745181117344
0.2730334434991869
-0.308616270081717
0.02372795742148167
0.28300482750635436
0.3036656569965796
0.5120405817545289
0.29651113015398584
0.046302878844629795
-0.266728474851402
0.1778226840221317
0.21278478962930902
0.03523167905290268
-0.385495651261851
