-17.256691566512774
63.14815077147537
-53.09747221084924
-8.273327162226902
-8.93348550133735
1.1335390880533365
9.591223619625012
-3.273789130199924
-1.3123390835804187
-0.3044191949969086
2.3801631577802738
0.006373238214701926
0.2310073481999526
0.7398531642272806
-0.7679981829258279
-1.2028850663999182
2.2627265644183745
5.200813985572881
1.1984063788195702
-1.518662963554065
-0.3968604558113611
-1.4641381243752685
1.4451227953965415
-1.95597638578608
-0.9646813856128706
-0.9941160762643415
1.5169762343625959
0.8443339836053327
0.4725905475116898
0.15324864721394854
-0.900212887169874
0.8547500746802995
-0.21900024037385946
-0.9479128229306706
2.194105667787071
1.1440472657793943
0.9557640307668005
1.921664321702348
-0.032061123523695834
-3.530144396571447
-0.6018125750368293
-0.6625724467421861
0.6737995216843866
0.14224840530861915
0.1739851482568112
-0.008463860803101686
-0.7219524447598255
1.8205399778690436
-1.2486614459459824
0.1142095131439756
1.4037230628077682
0.9803200529772413
1.7169148526706512
-0.5796629257914986
0.2771087482913661
-0.49945412624794594
-0.20489549271178495
1.1872541240621997
0.3021765007752363
1.4142268301279364
1.6376544934754973
0.06461713070687791
-0.5268591187913803
-1.2550598477837427
-0.1591355411295723
-1.6932104456889583
0.4593352888591925
-0.27179176144659367
-0.7917284067834847
1.264229823916145
0.6051705754950636
-0.5085821084625348
1.2410349294210035
0.1524978717025289
0.012885835323676709
-0.09941209354668794
-0.22456735626813198
0.4996777757543195
-1.0304659215659644
-0.5613216991981836
1.884597039494221
0.21309462105655114
-0.2397692943111778
-1.5564298086564299
-0.927083824433049
1.409542919762497
0.30866645239116997
-1.2493848044898832
0.5767520777266386
-0.9729202949454661
0.4575652983549889
0.10830805429155498
0.30011858230702537
0.448823445435405
-0.21679336524116258
1.8494512468735367
-1.1165117927043886
-0.9903412276559158
0.21669304355656843
0.4092234365434616
0.0655430964436749
0.3923675913223619
-0.5620515770034148
-0.15983730998392964
-0.7129154203788215
0.0672911479611594
-1.3316278284984526
1.0780699732890489
-0.20910897974551843
0.26403517621351497
-0.15065506061458717
-0.8258835513265097
-0.41339915953339
-0.40812595902897286
-0.7095654906493547
-1.2009006742138089
-0.34603178585931144
-0.3108771413362141
-0.4418781794932672
0.3194019761227281
0.7743960904105573
-0.8684106176529929
-0.15927144486777373
0.39378980388000806
-0.730504925039198
-0.8914826513148086
-0.6396010087441203
0.10960239783384325
