14.888319541637857
-54.41427048036981
-23.31774465088814
10.143085690976545
-1.6011078076056906
-9.333286819579797
-2.0943626902810557
-0.48744840300477976
0.46391799980351683
-0.2897807947406291
-0.0586004107667798
-0.09712708287619218
0.39601152837242204
-0.15893701065261115
-0.09416117896742157
-0.2460443426150286
0.3548673623481221
0.2278186808255556
-0.7526725127912779
0.10847063792721101
-0.6427899399693427
0.11555765829890885
-0.33347666381862057
0.7678962508409625
0.0645828789472615
-0.43761434875142535
0.5687870508510011
1.1540505149265254
-0.31549489128495806
0.3329697658798684
0.3833508308615962
-0.6800978633385074
-0.26272127896229236
0.34236383496061096
-0.46300440717531427
-0.2672533264526033
-0.6219426352056675
0.23369142689963818
-0.07668661211100898
0.1734816710266553
0.2919902666335193
0.2508333417123906
0.41883379124410114
-0.5840244278430629
-0.02411679340021884
0.32223973665658007
0.31454347992090753
-0.40476833604115825
0.062498675116986924
-0.06220165040385414
0.04995543685703002
-0.16799950803851552
-0.619126273466719
0.21823980215409533
0.03538260567793222
-0.38782805194747993
-0.3287772621932185
-0.3388825320971006
-0.11800028406833515
0.329702814897613
0.515244822928017
-0.7592705260154442
0.014129441331591136
0.4082865177903994
0.7697626753523279
-0.37393361778879675
0.11007457121383796
0.6979566173506031
-0.27595330117351413
-0.22897259672984432
-0.034679866458198025
-0.24967815014585146
-0.17645757620112845
-0.0862303261438159
0.157747969815561
-0.4466868392334649
-0.1779463414849191
-0.08377133495562016
0.1266850771304292
0.27166943271638433
0.6041592534299554
0.1687393493770615
-0.4744443440088333
-0.2788202064765214
0.44030517126754726
0.41881965731607596
-0.06671946585599252
-0.26479039374497937
-0.3816249424847964
-0.11734956095615376
0.31436957794087417
0.42803831456724073
-0.6817512266394726
0.8364041128164472
-0.1144363205351219
-0.0672438534458061
-0.5624062224104758
-0.23027296386854218
0.21926744513070973
0.4422667342662011
0.1136738854903699
-0.32851064495481413
-0.22631586671001452
0.13346341607565068
0.34443618354184624
-0.05980377299243443
-0.0791699649396104
-0.1695064648451035
0.05005421147828599
0.5511748096026635
-0.07299065866317395
-0.04964727016909197
-0.027341673979373274
-0.004991318629082003
-0.06499229465586233
0.18762586512263504
0.6239886227487887
0.02185356041510975
0.4096897659714543
-0.2828260484570668
0.032523847205731864
-0.5232939719227743
0.04366920322761487
0.33190629103642577
0.12113837126996893
0.06640028825798872
0.17869992923933842
0.05406327816830861
