-3.617021601410619
91.02722775052702
23.043879023657556
10.312922779248265
-1.8231309547728634
-7.348133282985739
2.58715717280618
3.1838535432039414
-9.35232257246028
0.3462967241705568
9.158320905505516
0.5249847035673516
-8.250382643335481
1.2356119911082275
0.8831792936661862
1.3556964028434266
-4.8893740593078086
-0.8112739375696565
2.443130602128576
-7.175509905169731
2.4760860744906035
2.8793369642134965
0.49039153642682054
-3.7081822948025915
-3.2589159866616453
1.1780852862372695
-2.808610301362082
-0.4598591392461875
-1.7198145509598184
0.7596816120779584
1.5310841344322537
-1.1862120981825677
0.7818413007869401
0.7299616958149777
0.06015959323096394
2.943391950044943
1.753811088381804
0.12630486947708586
-2.2387737234024865
0.025990690490560464
1.7499201119089207
-2.3605727101848832
-0.337838807850068
2.0287976766733458
-6.379470252166561
1.351242185351602
-2.364719826986343
-2.318947050438606
-0.9620508705101707
-0.5804799472671642
0.2944379806886925
-2.9010678065081636
-2.538370400964518
4.366801181557189
-1.1054481088601538
1.8269827036906128
-1.049106003095614
2.353238095726406
-2.1760836021040437
2.330056559031711
2.605998151840068
-0.97837510428132
2.364652829305937
-1.8988085115921811
-2.936469200095411
1.8649565044319651
0.31297261962653183
0.3755970151134489
1.910349337336731
-2.3791165814895456
-0.2527156852607584
2.2390543088300525
-0.20217353947703387
-5.209781927505931
0.7575441972953347
-0.9334231520698839
-0.5068881860931915
0.3459952956944664
0.8480338519250087
-3.3600540690848257
-3.1514325413375324
0.35661810516191794
0.2668078690689265
2.117458067622355
-1.9551713405874829
1.9181728647776684
0.7193362453400733
0.7569178736477106
-1.7880458781213235
3.4642188539514316
5.2164285781308415
-1.0436836196569657
0.8287900211031706
0.012928216882820504
-0.6990202903001019
-2.502939588936174
-3.764417666184792
-1.2301597801068656
1.3648686283428035
0.15774038625852327
-1.1700198761597376
-2.7304317832499505
-1.715726564544014
3.3907542666086057
-1.577697090083379
-0.7682590246459621
-3.5401840754726543
-2.0367588875118767
2.4166833316984637
0.5102879083441536
-1.3997720311200073
0.5331782400006809
0.5892622449630482
-0.31189098216864825
0.5289397551051461
-0.014342357958795737
2.114549421361922
-3.0857799144775706
-3.8437895979853947
-0.39342785232562155
-0.1748230449168799
-2.2017619989381587
-2.0277982774100702
-2.0388586962569892
0.11202459831725292
-2.5490161144637824
-2.1589017222588067
0.16133584527979355
