-45.56760179291268
1.0890186457418305
-6.430044093772554
11.33201898279462
0.21029879489463676
6.229765151205388
-2.14971409346301
-0.6257117207545427
0.10219570345283907
-0.3972331869849347
-0.3623068021521276
0.3269255630638863
0.47665086056058753
0.17271771958990947
-0.4828499729049071
-0.0566212440616817
-0.4379943874433128
0.2888440277864578
-0.11805825433999084
0.356790220904412
-0.9675506008582456
-0.06949280577252831
-0.015585132769293776
0.6901721696305614
-0.8422500328060097
-0.024934730760793042
0.7299421613748067
-0.5508821855893733
0.7276245972455238
-0.5303855733392797
0.0009242908979106446
0.09231411696983251
0.18577380727848636
0.4114105884027409
-0.04221979160442196
0.06314213521260834
-0.3187961528816575
0.5629879345365515
-0.7321943292212596
0.3573457820589253
0.2163238647651849
-0.2863527707586645
-0.7035270093091466
0.33636669866319124
-0.3895124292736908
-0.16849406167406464
-0.14253619485160857
-0.29538688531403345
0.2546947712950085
0.3034265879315443
0.037014188145247956
-0.3513434734148555
-0.11147328068816428
-0.11374603694659727
0.08221394566447375
-0.4902054258651789
-0.20102844719258892
-0.12547140768048842
0.2789247621817935
0.5601124370297519
0.3289012134572816
0.4314082521142649
-0.3476213285388412
0.24157690844994326
0.5327456910136649
-0.155590994317444
0.46027075023305347
-0.6911132644718269
0.04661139063807293
-0.16759204470543376
0.4965147620321396
0.2801086989623032
0.1539567497743941
-0.19661915681898914
-0.13772428273865125
-0.05981263211898488
-0.14415707234597183
-0.14137120841466222
0.21673021729209774
0.3878432624939706
-0.14732552162391038
-0.2478042514002909
0.3656678078210101
0.14728443922867795
-0.09772903686394559
-0.3178002381641712
-0.23053646115420098
-0.5961836965806886
-0.08399597322167036
0.48664846676997187
-0.09323931141560085
0.2515672627176375
-0.516529445087807
0.04997513203068041
-0.20718631548226207
-0.24216874188122356
0.18179756453044077
0.13915480173130784
-0.602652071242289
0.6184577301503803
-0.16248464018198927
0.6144499191262691
0.4476914880864843
0.708464829947399
-0.28817898186974733
-0.3322099342245097
0.009345409105371731
-0.3265699633264847
0.4727063784952806
0.2167798491084455
-0.595147028558342
0.031546309577241916
0.05992353046621296
0.02136880963277206
-0.07081588377569839
-0.15894623651565068
-0.21841207732224174
0.37902031612729475
-0.27580090490019626
0.0015488807760933934
0.2855748927686079
0.25510326637799263
0.3161987698137253
-0.37758703413855554
0.2234395763693408
-0.08175033465442429
-0.32767163397301763
0.11655389251247895
