33.76778818945519
-39.47047933597112
39.169284713734875
7.7837225854389045
-1.5320146209072323
-6.2119677805056845
2.835800370293855
-5.051585437937015
-1.7023365482856272
-2.5553621119437793
2.078394425897221
3.8624332812242685
3.3952017410087256
5.319997073113577
1.0909217614212021
-0.22376626030319308
-3.3780716626862928
-0.6137771056059508
1.0890393442126123
1.0423174645438607
1.4753452851622813
1.7047159105149678
-2.361457232668833
-0.38578493022302646
1.3822396232516014
-1.9736070455371315
0.06018075291272082
-1.371289527728935
-5.53923718927157
3.2132724876651237
-3.301659726389788
2.9217574067269068
-1.4187344994053457
-1.0576467295256706
-3.3057115666355283
-1.9802659198366437
1.9544941843252648
-2.2674098195291053
-0.9187888997006753
-0.9249763935733172
2.9548412888985083
-2.212792613019895
1.2469781769980963
2.978990447534961
-1.1255474493591622
0.9102006282972493
-1.0718561085391267
1.41188175120021
-0.8325572630850239
-1.532598900161978
1.2847006993974655
0.8409132245559927
1.7965847400745796
-2.7952623073294154
-1.103213748268057
-2.135769106851885
1.536218418846138
-2.1633666066602806
0.47002960347939976
-2.9516073521810897
-0.04755474010776717
1.8578530596528047
0.8977510424787987
-0.09121694276008241
0.7435366822126735
-0.39550321083720974
2.2417294284107414
0.05522808444104345
1.5175817751350196
-2.6660304124643828
-1.4688574587927559
0.16642381564315376
-3.7532182508440024
0.09758530470797178
0.5407901337877271
-0.19932343736924626
1.1697881259501643
-0.046741494054250765
1.9231757693081066
-2.3362919389975003
0.13173733343117386
-2.486756898115616
1.542110289191049
-0.5200406735353265
-0.3516047854364528
-3.2952344777627554
-0.4316270338018906
0.39305533265262443
1.5891371236975944
0.43999783435474843
3.3240436077826385
2.1790987339182104
2.0216303498021992
2.4112232891304206
-4.372393317527383
-1.5134371037493346
-0.577526651471615
2.036719980009307
-2.6580120826484883
1.4460193130072978
-1.9755959252347626
1.4058596147572606
-0.43587306081092847
1.8077029562855
2.6992543838138516
-1.5806982546760513
-2.0569254639546797
1.1398817925422386
0.9372001233628843
1.3820562733598012
-0.8342566448130201
-0.5676838116656653
1.292341064428185
5.698837558380311
-1.6095260714826074
1.1690511786085132
-3.2485230978660984
1.4666629122340968
0.6165418293277167
0.4329508840729059
1.1694981788616945
-0.20276170146654388
-2.3667350917196006
2.3296244566071094
2.742093392504745
0.5562433395251952
1.301067656533204
1.3546727190099634
