15.65572345693919
-51.28260895434662
-25.20164298863768
-10.839549837830582
12.71505854553251
-1.4013604561477493
3.7836028449978283
-3.867579695110983
-7.587982604412211
1.8291278143372915
-3.2468063068367297
-3.5941480775094785
-2.296405862205745
3.7268731090288196
-2.9253977714722783
-0.829838679017892
-0.4230643605434276
1.0627270709658274
-0.7110338239815625
2.3886664291968724
-1.4683781763282533
-0.009992700044489572
-0.4677277245919439
0.46453243384418696
0.8419593457149064
1.9675613123634392
-2.014367541894183
0.10853817942636755
0.8714845949511624
-0.5088407176796762
-0.6389140512883257
-0.6368568833656736
0.34738755725335085
0.7234391063385304
0.3091262335614827
0.2236613750196586
0.7473197419776789
-1.325010246528097
-0.28039372342862773
0.5670615376595387
0.2030116480206531
2.3994622439589857
0.18860302624372907
0.7863206935385754
1.1441607071532094
-0.6056614312491888
0.766721910033108
-0.10673523851209321
-0.6523262825482496
0.03505985233446633
-0.629193047019143
0.4745679412369705
-0.40723315325715237
0.3801910801082446
0.828898317755593
0.2968896224670037
0.25629171988546434
-1.3214956771020736
0.904856913431563
0.785243322086814
-1.7758257689253947
0.41045662358437446
-0.09258213917280966
0.0024682363200949214
-2.252929457271005
0.539366138066955
0.4961887538802888
-0.5673875367514065
-0.38764747893376006
0.1857044265806488
-0.3088363695554633
0.32548306282767536
0.6022599925809735
-0.19211494593285397
0.31197727066545183
0.4292997155414475
-0.690920862765304
-0.3757707934131929
0.4496790067560147
0.13034845633325193
1.6529527013584675
-1.2102211639848084
0.34254323622639626
-0.5221725151049922
0.19815383822081062
-1.8953209043851942
0.3785902994621918
0.10874309769849629
-0.2609826807633559
-0.08870582404082027
-0.7762746781408697
-0.60842513211909
-0.0751070616116436
-0.31003010937947434
-0.7528872962012075
0.18605116699276514
-0.7202477486194105
0.019388884492169578
0.6197169858791076
-0.5207275493119713
-1.3334328003224805
0.7874574719955357
0.4869215968408808
0.7981036735730065
-0.3335221447367833
-0.7900331107358856
0.46555413014493874
0.7781444011829348
-0.24325925972400744
0.2717872466344703
0.5369586967037528
0.7337321814059741
0.9923711166836049
-0.6053671695824893
-0.5072431332192012
-0.06749676702077004
-0.057292940579755175
0.17877159659516922
0.12879253366365068
-0.34372162768652004
-0.1934290009197924
-0.014960977830966893
-1.063111542594372
-0.09746789698425952
-0.8234730046959218
-0.1827769381787146
-0.22552402098553076
-1.3122209823660975
