51.957088094945874
-47.282654622599445
-4.562392714346718
-5.137311037176272
-0.21955854692738777
3.6923127739834487
-4.990143370393494
4.881341296288648
2.01388511642032
-1.6417481847391038
-0.2371454865769822
-6.216804965954047
0.8598228446153086
-2.9309626010057297
-3.1123152777129834
-1.107964518399877
-0.8717083289240626
1.9869165724880982
-2.2071352802270416
0.6618818013939964
-0.47799650986683145
-5.11841709809188
4.345077794807699
1.8541689075077337
2.6125623876186763
-1.33240170674924
1.9098755777909664
0.06011927320644617
-1.2543875213444073
1.0622277147039396
2.0315231065042996
-0.5777110298187587
-0.6436534499131008
1.7442123966829197
0.40506550825879156
1.284489910674493
1.6939874146520455
0.2825218291377186
-3.065672655235331
0.37199557094939306
0.5267054279670299
0.7168580602893367
2.7219768412524448
2.3471701289378046
-3.4208016052025174
-5.118787247516199
2.866205763269471
-1.2497510303306782
1.1540761969088063
-1.8403397418148297
-0.47472186081252665
1.2533751499751813
-4.114782667401757
-3.48510866975978
-1.6827416289941761
-0.7835605612458723
0.04665794630565451
-1.2506870619008987
-2.106307710175924
-2.300217012008227
1.2779058591220196
-0.36299751449772694
-5.839313020271612
-0.9502479086873477
0.8456931725819934
-1.0518495633406464
-1.0048574288032452
-0.5115486817582341
-0.5446571547398465
-0.49120280661380356
-1.212183439753882
-0.26798200896154417
-1.7558102649075378
-0.5442965054774874
0.18032090030875916
1.4816590583307667
1.4597973213705957
0.005629248888728691
-0.6635560420721902
2.038631060264572
-0.8820127999519395
-3.63669384705251
0.6182953331017615
2.388667773542461
0.2878514526292566
1.1343782351359757
0.9255924854773534
-1.480044398461426
-0.6337905881245265
-1.3537524154450806
0.8631854158759029
2.8026701032293158
1.0446768040575882
1.0436613023506134
0.14512375076553122
-0.8616602126368658
-0.28831711412167815
1.5249658507491626
0.3535817247723334
-1.7545759744632532
2.7860324177371827
0.23077773134022822
-1.3515312463240299
-1.4550174599239512
-0.529217174163561
-2.1538555835241553
1.5282495687187603
-2.2945171547400482
-0.6618089577400895
0.2910308501361628
-0.040530369636177094
-1.238217767301547
-1.1982751438060713
-1.8340682239822415
-1.9694039334349573
-1.0528543693469312
-1.2181397909928897
0.8622945873714627
-0.05723156773807686
-0.8215855074115599
-4.23623725943487
-0.8068388356342459
0.7602911883595462
0.3406673851751458
0.22273051770518615
0.8709190799783727
-1.0396020150690217
3.153651609904442
