49.17196966717433
-47.98055820811625
-4.0453733694749605
-9.171806515463185
-2.05785579932615
0.3521410834072905
0.383843670203896
6.557464687871759
3.663018204885264
7.920287237093422
-5.306663350684774
-1.800886689537816
-5.70229211575989
6.744008187399168
1.165882460880769
1.0245267863513456
3.422017117150694
-4.229924351898662
-0.10874040451432197
1.1411117112954616
2.5076441943320154
-1.2543105695226504
2.6515766620635217
0.7054993864919852
-1.1275513727969362
-2.2108412283497616
-5.035854130976345
-0.9746317481477957
0.3750881097350996
-3.7761174805077466
1.269892605184194
-2.5981347776175188
-0.27449332876607946
-2.787573174702442
1.3888172731979063
1.1666418544856776
-0.2108289816606846
-1.8160203260906382
5.962645885247448
-0.6529976597416051
-0.18426213098188188
3.890087984974862
0.37268985491995976
1.9347036510978073
-1.611428500917788
2.5764870793614523
-1.0150244315034054
1.4306462248102636
-4.306018336248908
-1.0368716744004682
-0.5361331953279809
-1.610793152297738
-1.860318372937405
-2.903439442666732
1.102056720506234
0.7850291313613423
0.4153496597844972
-0.5509113928606799
0.16121706756610427
-0.20920811130989914
-3.051232572420744
-2.5198041314328727
-3.5631060219608575
-0.1950683852214002
1.727725945226204
-0.3000477546538549
-0.4740668547016
1.3820594691759975
0.4348714338980129
1.9956609134003838
0.9969998402577381
-0.5178061394671675
-2.2372803163021286
-1.173516552453688
-0.07825756346418422
-0.9448521075408394
1.507985498558292
1.0020265855770267
-1.1549724507420207
0.4755985053922702
-1.168575281832931
-1.0333503774722699
0.7546283398131817
2.4255947495020083
1.4675215750447457
-3.880497137449563
-0.648821328911174
-0.4308599754613304
1.0532831812794146
-0.5559506786905044
1.704775960408734
-0.09148046981501273
1.3135160781269692
1.0967714470169687
-0.7999829209704037
-2.503613945344537
-0.7264412563378493
0.28779320357271443
-2.3086473737084883
1.041154664100561
0.23861062683516876
3.461584705963584
0.8135996235195797
1.1137648728664442
4.021548022623581
1.4386729720306923
1.3215830439587086
0.6176275871932745
-0.02748052775997767
-1.016455751264984
0.20737000125332655
-0.6147590598836006
-1.4979757315494062
-2.1814013166901387
-2.4156417741633818
-1.5700671288504875
-0.42117314759790314
2.040054775453855
0.3282135431730661
-2.5220917357723236
-0.9112568330648012
1.2920583352397246
-1.9152056070123291
0.21555373742727807
-0.9855340165459187
-2.0235072503394456
-0.2090805966317812
-0.5702135126976695
