-40.45405301332444
-1.5286865222823545
-3.1976726608887347
15.722794334730105
-0.9612422008099469
-9.198802977831479
-0.317366954754958
-1.0571591175940014
-0.2380879568586436
-0.11001295551738446
-0.20748291948443479
-0.36071650321162535
-0.1719904803941611
0.3499450928031643
0.14208929778105406
0.27410619074557385
0.5379657721495231
-0.6059384050011474
0.054686115128788154
0.6105501527211555
0.3464085011920931
-0.643609926741635
-0.04733518599055406
0.6856915025699969
0.22061461859158013
0.07319221994103664
0.5788013868337523
-0.3760736515069717
0.1518132848273749
0.7029370728136674
-0.15747313400019652
-0.8941560455081169
0.1520305235182785
0.2386717233457712
-1.128805813586724
-1.0435087266538718
-0.7635065285013724
-0.17384450141840346
0.1232107671049641
0.9315771668971808
-0.6525862106535124
-0.01411838140210589
-0.04657840106175874
0.12670741630613297
0.20544017965447717
-0.1033207419451024
-0.41419745804272096
1.1087525088503127
0.07637007470350483
-0.29380788223742865
-0.4113768351280343
-0.1030297376099513
-0.10538838175630351
0.35599089402638845
0.31071244198250003
0.32019238760141455
-0.2182954602509291
-0.05750672319095887
0.2166922063307951
-0.3184899313418114
-0.1789307084925173
0.1366692062018498
-0.7635026711103691
-0.0900516854947559
-0.19358436799754092
-0.4492255910534631
-0.21945783640351652
-0.056884323202767983
-0.06232644342241072
-0.2780392319737547
-0.0036499397144497264
0.6229013792922424
-0.040129392740130186
-0.2282488670689143
-0.2312545969596781
-0.4883206270310401
0.12181520470783141
0.15763410716401352
0.07564860721869661
0.17317925624539257
-0.36145631188757066
0.40122199590159313
0.46667945980441455
-0.2777028608798083
0.025572378057297826
-1.095539622436133
-0.5992699924360227
0.06241392396131293
-0.1711315565954948
-0.17822402678805893
-0.28671129456412825
0.11157296492492039
-1.3295605880099588
0.28340292325916
0.4621367176678363
-0.056807983912082485
-0.8082896261579308
0.13394724230106386
-0.14709237444695153
0.028027365305878123
-0.11910010343012457
-0.2226002383853812
-0.9594208652072715
-0.1218083534702104
0.9118108933483994
-0.022527235669294987
0.3594773281879594
0.5514364030029804
-0.7542150647117277
0.18855803914401936
-0.08401231694206393
-0.517604652971521
-0.31495459339332776
-0.22681957992692084
0.17414158437611976
-0.14423871097673552
-0.11846283931579561
-0.4713248854153406
0.4782721054509216
-0.4365192531231199
0.07373819876660323
0.005500839890667214
-0.1892879732092132
-0.37002640309196355
0.31026693632385133
0.09143153681398394
0.007653079750013021
0.05620131487483886
