39.30569072680114
-60.844314182321604
-17.290062390273285
-9.645106686901805
-8.559609915943431
1.0535872150123433
-0.30841109634953934
-0.4214768898612113
1.2306587223203298
3.6563137278876017
2.520671294070354
-3.1084123113693063
0.33043674468970724
-1.3354399614476937
1.7161470987086573
3.0142314138908826
3.863956071470509
-1.7806609340281945
-4.777710192097437
-1.2036148494608099
4.766958614495558
-4.034704296670649
-1.62844291533034
-1.0551244422961938
-1.7985625567584689
-2.17583422348381
1.5608848204967158
-2.7052343882993966
-0.34373209843621183
2.1157569388220625
-2.2451079948136647
2.873691568428594
-4.15083800068548
-1.5552154108383305
0.6808371010399543
3.118455215395415
0.10816943010551669
-0.998036090757388
-0.5898219406889939
0.11309644864636745
1.8102617349129286
0.37946234801021933
0.053534630794674076
-0.49630378141741677
2.024124003056694
0.17657943802251236
1.1813310208663461
0.08752581156789976
1.055018505661682
-0.7434995249244736
-0.5540882953104305
3.352113304214503
1.9864212992657109
-0.28685220837555286
-0.7478660703103546
1.3575637603414268
3.353579822731557
-4.040017370809843
2.0492517404488733
-0.46085809344753015
1.0523431139445878
-0.3276086405478397
0.902933704151375
2.269429444432852
-0.7518056101282831
-0.1464899899170763
-0.22172754824459176
-2.590816288852589
1.975515701347168
-0.8986525727658862
0.6108754691424068
-0.20759445470229068
-0.6176439664874506
2.976940740299359
2.4849297714922494
0.3956548255213342
4.31513719038099
-1.6621494232985567
-1.5149042792693865
-1.3862088851313692
0.5398569999133809
0.6131286421779063
-2.680789059750241
1.2436279779413861
-0.8144023564044888
-1.0882780528083051
2.778369927596444
-0.286588838160837
-0.4504785928793373
-0.6714870597031631
-1.4564179947426688
0.4782533329752934
-0.27574664756524825
2.1300078602550743
0.27224460410655343
2.9762696865166998
-1.5485941906242382
-0.09210974815102829
1.1229491011027002
3.7394918984284033
-1.3964849654862581
-1.2409141003159403
3.0809167485774798
-0.23509383757352367
-1.3591078939026748
-0.21586975863855432
-4.254936379578805
0.6706655411461878
2.2756602136793593
-0.5474454259063716
-1.0367586975980223
0.550754186381745
1.1262591603030774
2.2960078061543854
-0.4182794453391324
-1.957346450324351
0.4934580585392804
-0.6510708965564693
0.4242001876138218
-2.5351902550702476
0.5600699649196733
-1.5301400642138379
1.380501702905639
0.15941411535591682
-2.155374140793893
0.8944403028396728
-0.01772673889745921
-0.2475223278821194
