-40.50841218049375
-0.6151766285825284
-2.3347763071778256
-15.291602554483331
9.824203423715947
-0.8344523189157916
-0.40999654262149166
-0.82519001535052
-0.2746293384895057
-0.11817291987399955
0.28735122161269405
-0.025434366689098854
0.2250668347489861
-0.21860881823587447
-0.12594367722116112
-0.23011911457761663
-0.3703086905120727
0.4006511179170358
0.10764651872534758
-0.02643324648939102
-0.11720228811775135
-0.40219479936110475
-0.12782557957530874
0.015889560591463722
-0.03228990289815497
-0.238256134498983
0.36062398331111395
-0.09030065264696467
-0.12340005289801012
-0.022458992915831234
-0.28290180439789553
-0.41305886075734644
-0.05804607534158272
-0.5062229067433266
0.17797934666427073
-0.1641295261934645
0.18431704269085192
-0.15241516995121074
0.15794485838533745
-0.3677592909516908
0.10853371233354653
-0.04142202140951751
0.31158362661714406
0.3025532845796718
0.4278535552339995
0.584484090040327
0.3439721900627295
-0.0264222341684822
0.1530257277666789
0.11947238311667938
-0.11540433027159597
0.29032839121633613
0.16017117912227202
-0.43693089769248283
0.1653614859699464
0.04080156289042047
0.2697065367562839
-0.33571886714249755
0.23821355600634905
0.1044278744598919
-0.288668326889486
-0.2102663082058152
0.3949716390098177
-0.09380276577947952
0.05503427581355738
-0.4697406647106951
0.02684188022233002
-0.26258066574516603
-0.11707370809259135
0.29189294974914193
0.24208131574760686
-0.20226206256613027
0.23428414519607993
0.2123824925264391
-0.03175962460531147
-0.41610021742489395
0.08718305962837838
0.11873378750539483
-0.3135708024789668
0.09857238789952692
-0.015796788920403856
0.1338361253696489
0.32714603073160453
-0.07612862572382802
-0.06355449772394711
0.05736260673984966
0.12010591817585975
0.26860840991828855
-0.5401094199446498
-0.13032987454059106
-0.12238262011243599
-0.3490681802420845
-0.2665450024576551
-0.07518446089298125
-0.3069388653736534
0.18532154392438377
-0.2125122548952815
-0.11270763290544371
0.3315231557889742
-0.3467172035747966
-0.13076857647750695
0.2829890705586131
-0.02236434426652706
-0.35123198835223657
-0.09634425823615596
-0.15080758202658803
-0.062360409805582696
0.21418695502678228
-0.19740387557454625
-0.22098365855416227
-0.02997014282525845
0.22150852003733956
0.23214697786194527
0.27384793450272255
-0.09466198363660723
0.028608204696650985
0.143641275797615
-0.007486283480525432
0.037675539817439006
0.3943470909504813
-0.21919446911939383
-0.12453443281856719
-0.14973240570497084
-0.11709080046876136
0.6340330836720957
-0.18518980621156453
-0.19649964421939164
-0.03874699734803994
