50.29283756368287
-64.01526492998345
36.84205624062887
-11.967648419902275
9.25267392208862
0.06658535248109786
-3.314304905670838
-2.2737428576293346
2.488767666063553
-1.0600147518820062
1.0270494573517825
1.462040177932618
-1.244195949216788
-0.44198827995178924
0.5704706845975231
-1.084968347183925
0.23244874168939134
-0.3060641996911675
1.1066433378610365
-0.293542860709648
0.9159320100291856
3.5066350224304976
-0.7041633236566825
-1.8876217775241668
-0.3314680420001941
1.4290428935243131
1.1565071848245134
-0.9876357164464021
0.15195310511660137
1.067480884144729
1.6691809781445186
1.1183888777239128
0.4026011774237259
0.9390329410166496
0.23299057555124292
-0.5150760753302766
-2.7844557281525573
0.26338863148982244
-1.201080319824265
0.8650519631885484
1.0630699277436466
-0.18193392759545257
-0.2418185160735862
0.6818013758729271
-1.6359165419369586
0.43064814744727536
0.7446691850248633
-1.3113831466367043
1.8070399647452295
-1.6136198598168607
-1.9891135145151067
-0.23295866357212833
-0.03644356615794399
0.05818582505341585
0.2088851805504245
1.7469021060338876
0.28361026804925604
-0.3273900000696901
1.2466581827071512
0.012465896057674099
-0.1048323477622515
0.27367077071716756
-0.9951982584536141
0.6195737935400502
0.9195036143086863
0.9761459733302016
0.2393770241857765
0.5742331096105795
0.3437727262449348
-0.998848582254172
0.29104161752040714
-1.1952551998159595
-0.7807896134424727
0.29382726779177737
-0.8380218129457578
-0.8893055642370451
-1.2174645677768225
-0.4061393284116769
0.2725834444620978
-0.06120403006924292
0.9750648144808752
0.4845738617184011
0.42769514185996627
-0.022914116223297226
0.7028073201094309
0.10124219196088186
0.9444400295394225
-0.7243549730491508
-2.084952578903678
-0.7268350313796096
0.3267395586620306
0.23666265647641765
1.771465922728661
1.716762655810747
-0.9858811565371146
-0.493803780691755
-1.625570430076563
1.2890967605158257
-0.35013407454916956
-0.003717769017414052
-0.2914790244254104
-0.0863812286538663
-0.8524635700621372
-0.6609975588006409
-0.4283692796268788
-0.16328801109611188
-0.4758299567683205
-0.3756409977981408
-0.028048462034749644
-0.849282251743383
0.37816214136467885
-1.1243186758831318
0.8629830700872753
-0.9887926781405285
-0.8873605040918179
-1.5206521958250134
0.5624145150737404
-0.12822674500262446
0.34712071098611874
1.2081691021905105
-0.2688294330352168
0.6966272529256194
-0.4583632217333914
0.8167959741212045
-1.770846466323528
-0.5027647869701719
-1.4193964013276972
-0.8733210759521034
