45.64855818715118
-24.727093508471683
59.53848826425618
-8.532017633028698
6.092897375324477
4.3944847323685385
4.463725426632058
2.7194056444221824
3.024064198664138
0.6334770947106569
1.5701130168725093
-4.715648615717986
-0.8513633890356387
-0.6830149821165835
-1.230041364416949
-1.878793094794815
2.397605124368089
-2.4011570185154776
-0.9044414078884835
2.9151213702079715
0.31387059062126604
0.7389328695967419
-1.5053349242670744
0.33736811069502515
-0.658404084626297
2.268445842888056
-1.552105932694752
-1.3835105591724932
-2.224058631421682
-0.9038633713916961
-0.1201100761211521
-1.0348196266945875
0.6359994989208642
0.3923234964561908
-0.3424779414386415
-1.4150031439506665
-0.9093378450551001
-0.20633345036067655
0.9886575917338389
-0.009778237925099242
1.49015395549923
-1.1782047985589905
0.7214746021458129
0.2368142246672473
-0.7708392771454342
0.44806220700769256
-0.6306257912388334
-0.15539765346736528
0.5869730462428784
-0.3778488130630924
0.6733915905115614
-0.6516262812486557
-0.09537595609271385
-0.5644822849169947
-0.3206702035773935
-0.8232470075177335
-0.8445419271855337
-0.6924151463391055
-0.1917770562989337
-0.6712197194677821
-0.5091052405816354
-0.16974972447596817
-0.2867115773833432
-0.08302293159332644
-0.21795353409537407
0.3291167333844034
0.2202619655499041
0.8743853494464666
-0.22076100742888993
0.2379714177644201
-0.41096090910091454
-1.1528318018915573
-0.42119020545600006
-0.6053796456135296
-0.3713521262363908
0.08581850521992283
0.48122531381074074
0.3724396478199627
-0.5936878924865469
0.35225117253948257
-0.4365038523506537
0.49761058183194495
0.04530276054789367
-0.2337673168356481
-0.2774715303143095
1.1281361794898483
0.023086440072727074
-0.2876371953785004
0.06309285174709116
-0.7057982169729421
-0.48775609498821615
0.003300449504751529
-0.7740886410600649
1.2103495427482074
-0.7063197189670842
0.7423282879157308
0.739577971683486
1.000077671164292
0.7633896392281398
-0.4744504637037399
-0.42638669573006177
-1.0056715085638934
0.07442574192760061
-0.6855024515103746
0.24287731263607656
0.7239691248503437
-0.36111686668083176
0.3161244725285923
-0.29719594875777017
0.3475042761730726
-0.25798253317303643
1.1735919066486873
0.9385193862017855
-0.45085542788026106
-0.7574551975110554
-0.1585824555823608
0.8955720434139846
-0.08623165058592444
0.33190997342663114
-0.400118590407748
0.6859935002714992
-1.673900581044047
0.23736349752841285
0.1894318874472528
0.14615124100289528
-0.8506613201946688
-0.03005839095014473
-0.4606581250210283
