-40.172983318035975
-1.2070622632340624
-9.55097542933334
-8.541705698088846
7.300834940207795
-0.2739500493351779
6.5264348090607145
-2.9520258166530713
-0.8368754601825185
-10.468896628784053
-1.188212103354585
1.5883789028594426
-2.0862034464241783
0.45247973101867206
1.6448813884252425
0.3280445982270579
-0.6107818962338372
2.6808238382735428
0.30879971424556296
9.906266609202154
5.152247031974749
3.363049223316125
-2.1015929158048006
-3.9671638022260387
6.154088678806151
1.3938310768778055
2.1840126051600492
1.9283621647313787
-2.697780394368023
-0.5617615428529849
5.601506225783915
-2.9662020354201033
3.67878192005608
4.0854508739799655
0.7759631445591161
-1.1686095913898913
1.3303618968846032
0.01852712855374039
2.4802908453085033
-1.0877940155898629
-3.068542806957163
2.0197457427754095
0.9761108272207347
-0.027026599255020718
1.867700173386057
1.561615013724775
0.0526025296924534
-0.39831647592782193
1.785550544099411
0.6510849471715078
2.1159490313615823
1.0672982874209473
1.1091338731624005
0.8901894918908099
1.7178169938144976
-1.206028593869738
3.550922440505683
-0.34742333566201067
1.8961512006417471
-3.5145277838490303
0.27104437309387885
0.9202837893291202
2.3608460235989424
0.3209702152405225
2.8917898488107743
1.1218869014370256
1.6714966869490693
-3.7141427889397454
0.9982038796601638
-1.393518064091628
-3.680741693399748
1.3901373133039157
0.973811600268352
0.26169923293205
-1.8810868033620822
-0.20596683083526462
0.5730866534780379
-0.6627350553467799
-2.42600899950217
-2.9386025356850385
-3.1852726756576546
-0.8272968069322583
-0.5880666652702335
-0.47384546963276125
0.2618581498950118
-0.05504207956778581
-2.1131329040515574
-1.2741128578994354
-3.827971281341629
-1.0922904531179218
-1.7885436078883503
1.9592333326760514
1.9361226435946464
0.36129854475770795
1.6857996316059376
1.3214980630911064
-2.8370393880073177
-0.6304283149949674
-1.1162362212620098
-2.6710491709088195
0.5086028104653193
-2.0082765653383765
0.35945055818718463
2.1193341525498153
1.2426734873318723
1.0882653259250514
-3.5052544186488825
-0.6945079615674856
1.550075046127468
3.2018686899881077
-0.5431490440162509
-2.2824189876939944
1.477591540080657
2.0111730272046344
0.9897678108017108
-0.22005985437139652
-0.1332784604038466
0.506903831715619
1.8238730855417336
-0.7225480103704973
1.0055391207011393
0.7728815208307643
-0.975603633700435
1.1878844030396414
0.5137074278610376
-0.13878410095980903
1.1912374816332907
-2.6221365596548267
