-37.1631055285445
-4.494067135458625
-5.970358060217926
14.975993563639035
-0.039327479328381224
-8.739307604375487
12.356248213824975
1.8061942689080113
4.393094808865195
-1.0760506741922289
1.2123595639602511
-1.6528505182990472
-0.7107673700647251
2.5801371195295695
-1.510757013736294
-3.0610007726958055
0.9868958107795153
-0.5907247118246861
-0.4616190019036538
-2.175908607067644
-0.014717933863903965
-0.9451656098902582
-1.0645417654990867
0.5016331264338968
0.6349270268417706
1.7878694464104927
-0.12325315357206892
2.0866019252111876
0.2481597301348598
1.392197220041009
-3.0193190351802017
-0.21363688299387437
0.9679086474980068
0.9053916961403408
0.7924483738497416
-1.8356422679508442
0.5585015515844172
-0.25879614592567113
0.47244822771427336
1.9563765356278353
-0.5468124640321191
0.5516739406374753
0.47675341878355104
0.4725112164850142
-1.6143617988089944
-2.113941899234673
1.6004830624107818
-0.5058985982976659
-0.04294475466326862
-0.3076286292659611
0.8927227636738997
-0.18169174457347825
1.035396650680596
0.11588717636257609
-1.0401495812628954
-1.063306926176354
-0.9837367472601795
-0.46450329287245784
-0.2889800603770684
-0.7577782114210548
0.6366008211099256
-2.0942718701110845
-0.23367445029714934
0.01725232454424959
-1.1117609110163402
0.619299293532146
0.1502950958363436
0.6173090582224775
0.07660551955217501
0.37017660089773385
-0.05001963199418791
-0.1133629336623116
-0.7910847531813442
1.4133624081750034
0.02932071924386237
0.0004589259451783789
-0.6637191279010346
-1.0756668414183599
-1.9278139563577597
-0.6980528457315923
1.618709551118089
-0.3078181690849242
0.23537962672698565
-0.1176888753105535
0.034005387084711354
-0.6715532582655911
0.6152390165428839
0.9020298524911002
-1.1439928413955116
0.40719348966574426
0.9017265575918901
1.4341808458610963
0.2889580740358967
-0.6772548131598647
0.09079341925060921
-0.02239885491022351
0.7742293527331298
-0.2139380693938171
-0.19219321089765962
-2.158811371017621
-0.423439522311295
0.1358588313700544
0.7528130866441035
-1.4695470641539947
-3.0089807796945065
-0.07300015330878167
0.26670511870634994
-0.9572735563543466
0.822416210056726
-1.4300094192228143
1.5683954377290554
0.660692552068015
0.7956675766108308
-0.5242373911333049
0.6662561697848397
-2.2326249148937487
0.5774881978467086
-0.9651712652618204
-0.7265560008212988
1.1028198377375709
-0.03284637944925942
-0.006265470176902543
-1.6040758827083725
0.35493569789312773
0.3467856128746375
-0.5318082757064749
1.2619318106338304
0.8435804846310513
