-41.554528626309725
0.46284094246434654
-2.4987114024420087
14.801111696762133
-0.696326884905655
-8.897060260642588
-0.1795155092474435
-0.9217179572883581
-0.26886985227948984
-0.257478896285229
0.2184161500949434
-0.06605202192430036
-0.23946978886538423
-0.2971517384069049
0.39769017168773535
0.47176361296304403
-0.23230160870018085
0.4798488109967292
-0.24319997750828345
-0.6882578971761065
-1.3118194585342309
0.9985063418776212
0.8212773233220281
-0.26299532600464764
-0.8902395598244996
0.11326648708909907
-0.5525965392781056
0.8101217452419744
-0.7613686931252877
-0.7942172082754028
0.6153541128086312
0.6975065289034629
0.017817404176020207
0.27438412586422617
1.1709296830790004
0.45633364951111804
0.7912758137229892
0.1703661477316446
0.16383003899972068
-1.0401744047210193
0.8789042304840293
-0.29483211200038023
-0.2002473208940756
0.05365508625414554
0.014277882005814077
0.7971589276520626
-0.3903182210240613
-0.7426481065714674
-0.594496444951768
0.18378684213778387
0.5282183317406702
-0.340675963270999
-0.47784368891356344
0.3067466990325256
-0.6874274642466762
-0.7429503573333697
-0.31367741174476643
-0.1617735415354605
0.07488364576669711
-0.09763818113935878
-0.41747503374713335
0.4196512499533637
0.2676433195377647
0.20539009384206203
0.3548601923530589
0.4488967210211629
-0.585453293465112
0.272583572030312
-0.08434666186715625
0.03902644029435862
-0.09305654413658063
-0.8386469098739554
-0.2098958900634572
-0.02325649040754374
-0.38119845874740205
0.12901935881793333
0.19309899346653986
0.05102005764029181
0.4555598081272279
0.46514803140843936
-0.12960862548440016
0.13869661795279684
0.22621627749147222
0.08464626784535906
0.39613501840489473
0.480325537403949
-0.1059036780026994
-0.18723554926545974
0.13607218345646055
-0.48757724144592607
-0.2620697539820744
-0.018545476593861944
0.09736249587362665
0.19941893480016337
0.14401061361659448
-0.3443366691088638
-0.11244248694784563
-0.9098134776676718
0.23744468452893264
0.9435698949828265
0.6643583393230025
-0.09377829111818213
0.4237027510809167
-0.23161308248544765
0.2735402646102223
-0.2649889497825671
0.1477525920147024
0.1592927251152389
-0.4343992750537591
-0.01675714459269417
-0.0782518894601188
-0.14287115684777366
0.013289486628260364
-0.061684938598721914
0.0320643663639315
0.015558920257105806
-0.3194604965329518
-0.06742021731117909
0.13215461228706452
-0.2517956438267874
-0.6575920634774284
-0.3511877883678471
0.20097616155691878
0.29737614600729506
0.08825784986225696
-0.19978682492575744
0.25481227072131996
0.49512534986167656
