-44.807060605202366
-0.22214379248271646
-7.529826980568681
-12.620350735660645
-6.8091721762139406
-0.0010567557868820972
-0.8983727558297223
-0.7512108961176595
-0.3243058901129864
-0.37424542026489505
-0.2575915781749776
0.36832019459012894
-0.20502760145790916
-0.41215102744891907
-0.5940213858400524
0.24215899290377257
0.2309598039712931
-0.1721440324852951
-0.06612176487642424
-1.004164244401663
-0.03189056151247216
-0.25956211813607016
0.1337613645667618
-0.6594526101141611
-0.13280604048764308
0.508288817547812
0.08091454062227901
0.08819039552192857
0.703128539480589
-0.08247722027537643
-0.419259370267587
0.410516728993912
0.7602357971352324
-0.021330657637940675
0.24786123791437462
0.2498048589079132
-0.38670034777682005
0.4866962152342461
-0.041005487819259334
0.709362257909921
0.20349737502041432
-0.09076442409380214
-0.22684210380157732
0.25607445176922705
-0.16328574265595977
-0.19728748913254374
0.18344506769897106
0.041210367752953496
0.531194901717929
-0.01197607845318266
-0.015707608580760563
-0.2966341182418203
0.12226920467644824
-0.16472728666098418
0.20063204208918417
-0.3347857349020714
-0.052766383064373965
0.8595954901288408
-0.22869492630366103
0.25700072695201
0.08331557795336607
0.47521990803787223
0.27920025928670644
0.7638658587722693
-0.42329545378316724
0.250923951983999
0.3582979621539338
-0.20195262932940536
0.4277353296163372
-0.39976694273596725
-0.43640994278638534
0.08959933476018037
-0.029061401366672533
0.22028286647075196
-0.4435862671802422
-0.48174114148680663
-0.12284427694634074
-0.30651981318237653
0.44520479594388535
-0.09676465682012493
0.12959629226439018
-0.06581499199835684
0.39639568979807516
0.29347578632431315
0.6647612930053561
0.48645189638191993
0.5290097655710535
-0.5099200849150455
-0.6869638852158682
0.02307006469525024
-0.6984577412952742
-0.4049206011319438
-0.023847381032703924
0.17840053046972132
-0.2591866436023714
-0.2341292085899355
-0.08339709452336747
-0.1616960345265373
-0.31642357919743813
0.024027972343965656
-0.3643151883270642
0.34884781774279655
0.3093029407295389
-0.25620614357555493
0.6345021342463215
-0.28051082616253553
-0.15321236499078106
0.07662818489550116
0.2062738024572078
-0.35481834266249107
-0.103489631557923
-0.24580602876884292
-0.5526102060761169
-0.08808816891602107
0.4214452598377671
0.4247526087629445
-0.05685328877165055
-0.058273196203172284
-0.1307059537678798
0.5011293575565122
0.1827795087500622
-0.20561830205919546
0.16719118838483685
-0.3258231365065394
-0.1587281080140221
0.02052308373056945
-0.11975491656397724
-0.6540202847180232
