106.94555125266474
12.440626210859293
24.225578185568676
11.03681976181098
-0.7438446039046356
-5.223645845357893
2.1901103168028824
-1.8457406574212092
-3.416206144871441
-8.608922326905486
0.5295750527190284
2.4150398130088013
0.7060215804170981
-0.4558387464517434
-0.027756295340324998
2.3243974053404237
6.179339957483392
1.2991404503499813
-4.4877920705432
-0.6765291212741211
-3.614077106389758
-0.3114091374803018
-2.3923347418515286
0.3288048367275327
1.6190029719198409
1.7340269236431491
-4.3993927535958415
-3.352285556627615
0.3010326067515659
3.0559504684726844
-0.15183960087493673
1.8514657922283373
-2.4378977391603023
-0.17013265844724063
-0.0747822678269052
3.4697328200537605
-2.2828518309295722
-0.4665919059431194
-1.8680159228265663
1.1714143921480629
-3.657334515926938
1.2630089225138181
-2.1003664363863925
0.6892108998749865
5.531328210364423
-0.10466891582330257
-1.246609798467397
1.5618583953121545
-0.8651704810782407
-0.34161013296466386
-1.7572354611809122
-0.8846496639721337
-2.228994957975888
0.7571530564068805
-0.7175425665305591
-0.1651289591683408
-0.37681056922801504
-3.251555754153792
-1.0266855230299483
0.59460778163768
-0.5729467138558165
0.7408479862694772
0.1275868498849806
0.889436598423551
-0.6635554434542248
2.083804787358684
-4.483420446524167
-3.940278717139089
0.02914042545246531
0.2467482836669032
2.960959587840337
0.8356085515501795
2.5305442388451556
-1.057006204512407
0.472291189819983
0.3909951863305653
-0.3745905271026886
2.1454919448833776
0.5442205529433638
0.64801175641632
0.038903113533352636
-1.1555379864480482
0.764182364247619
1.038311902541958
0.16219041265526934
1.4709706865558614
-1.8157165272250064
1.9105092359720033
0.6832206367454824
-2.432588099836231
1.901347372509785
-0.9186644461339654
0.1379343831859705
1.448015022566054
0.8027841051582366
1.1252927623431428
-2.1092606687698345
1.0213306207992103
-0.9226562785864196
-1.2809392172895693
-0.7287306928355586
1.6145617645249446
-2.253295371918856
-2.4665986388399643
0.566492140590523
-0.31190686091012065
1.8961657386477515
3.2102529702031526
1.2987679612516332
0.2947964547369053
-0.8573804562058656
-1.347246169930226
-0.9561193220885348
2.9533936210475624
-4.444105286173899
-0.5761788667266601
-0.30776843038516977
-0.16094634558037774
-0.934637394742623
-0.29095850192373146
0.36956488491031886
3.7579250857895947
-1.1996769666316447
-4.3796659093288435
1.6606490227498254
-0.6781436198537105
0.5067915223607118
0.2824717007348509
