-21.645563197010723
89.63971315256728
8.993531560819061
-7.01634187566212
-0.5346221371550752
5.072654111443529
-1.3232077979864163
0.5818587617777744
2.009738257929056
-1.019889474783852
-0.9857304777955704
1.3415999116353534
-0.598081090811162
1.1076090829636818
0.1886589384401931
0.8343711117119637
1.1868187008723776
0.05661373715523238
0.3720405476563404
-0.06673981306106325
0.6792780290342468
0.2505073163889968
-0.18930305689879084
-0.16177118878920904
0.13499012629714996
0.7821626449324729
0.12548962086472865
-0.5189711979093714
-0.3114691780695066
-0.03993219998633191
0.444717509570967
0.44109199767225205
0.3313840703393006
0.27092068864086316
-0.10264782064919895
-0.22185691211287914
0.4197648489351834
0.07663467873290897
0.4868109424306441
-0.04249748537759056
0.2159193852823123
0.3148454777053763
0.47837883648356266
0.12799193949719603
-0.23589852786782634
0.40082717529239953
0.2682384652208592
-0.19947189590989564
0.19134812925780093
-0.3940495538685508
-0.6832973953664863
-0.3477562075196453
0.11278242231617033
-0.0907692670655964
-0.3461712424851762
-0.25239363339022863
-0.050953473475540856
0.05894048423166118
0.04789594368228842
-0.0170553851292483
-0.18405409002441966
0.11647467779608164
0.08731622076444395
-0.14039945375398805
-0.46970146071932567
0.1911416141872121
0.07780611127379497
0.03329097537620268
0.062203350291253824
0.03726363780775784
-0.20999927827169093
0.3683972155434724
-0.30430629884114724
-0.18479380117972832
-0.05373800113607219
-0.10789412937233181
-0.04372259588142206
-0.12847061497164902
0.369764909105779
0.38742971572632784
-0.5015621566909254
0.04756863275149184
0.11435758985592909
-0.04163945556313883
0.08809386869876033
-0.17177463004842858
0.054907359962274284
0.2371107487344874
0.09580051243497714
0.2522121236215468
0.0496778294361157
0.04478227772165311
-0.03438524633381762
-0.07074105747022726
0.0004236258357942224
0.03835171701536247
0.15039520362513162
0.008373247214947477
0.02571709127854374
-0.2850612312562399
0.19006223036061975
-0.2432230856799884
-0.024166328369880266
-0.5121871083315637
-0.05235291060636872
-0.14186317579098687
-0.31360729565985074
0.05060028598336225
-0.044207944020425265
0.18558953569885833
-0.010876537861984253
0.22661196269988929
-0.08490751263357375
-0.026175332260106057
0.01786989791423307
0.04904814855607589
0.2542623919201548
-0.33799885035881394
0.1186709035423803
0.3465895142538925
-0.02831451651899631
-0.01561379539466251
0.0625287047212036
-0.10393416937824584
-0.07564679315124949
-0.007590038206651117
-0.18003841757265426
-0.04482637406893078
