7.729883181851656
72.95564687657149
-37.84370437456882
8.674142528803497
-1.323070318507354
5.93935477998495
-5.823495092757077
-2.6955370616377916
-17.006645410644975
-7.537802386277684
-5.561937540192295
-0.055201925150306475
-1.7662550594317392
1.9882832481404935
-3.4371483099379203
4.6586617029314095
3.420993833814494
-2.3277723929638783
1.5111133442332736
-1.6752583032247563
-4.5817040845226185
1.6922893364175076
-1.4077097816002355
-6.2053423910388235
2.8329467476084957
3.2873863412735553
2.9021349758282833
0.04531379991134291
-1.0466824260692804
2.1189850309288913
0.1374168460900266
-1.9333773959332325
-1.7171205011456645
-1.0415784182036647
-2.3184898700021046
0.6848074935161288
-0.1737301227076195
-1.5857954851857177
0.24276453483623905
-0.31708021478512544
-1.8235691532203955
-2.03336396630526
3.020527171219273
-0.5006873399145519
-1.4383811830020996
-0.5161764890137501
-1.46326947897917
-1.4098151550888172
4.001207609466803
1.185289851884395
-3.003288715810858
-1.0715483928534981
-1.575572102562037
2.8872996670470537
-2.016220290984062
-0.06456263662016543
-0.466246645950262
-2.562599424292014
1.6798198236520998
-1.6501908544979136
-0.5173423123644596
0.7038116780803235
-0.05801212777892367
-2.7682646191942357
-0.8976809558195151
2.0932309666757605
-0.7278053791700837
-0.8286517552532962
-2.3634451295176837
-1.1782532797661753
-0.46926787492755073
-0.7274713795622679
-1.697544601081308
-0.6460320742449706
-0.33042423691817857
-1.6441085229882848
-4.093505890722358
-2.2727579780291003
-2.0562543740625854
-0.7569349073787883
-1.980352707976634
-2.655203269281324
-0.9448951409106263
0.005392054277729735
-2.836555576943735
0.7114421164316842
-0.24543685550824876
0.2497291195999749
0.6574496247364463
-2.371481385399964
2.172344720583512
1.9004718862681902
-0.5389961747827853
-4.4524462012564054
-1.1602690083167073
1.0888527116529845
0.05452873076689868
-3.014150091765955
-3.4157453512596248
0.8552949395908234
2.3238470320033944
0.9694578535874291
-0.7290868384994752
0.7658171481984368
-3.1335425943968667
-1.802928477246292
-0.32512739371642074
0.5369631673732906
0.19787199296838792
1.2202458369481195
-3.2278704199124717
-2.6460398588871628
1.028627404108029
0.48364890720441317
1.6362538308106023
0.14365422629663044
-3.0411929828832864
1.1865181927679096
-1.9760609498291601
-1.3634034722996735
-0.866810180360688
0.8740872256603742
1.3221982935581607
-0.6312417501331501
0.34636732494940436
1.1376313103350109
6.415989473570317
-0.46324689710745803
