-45.014864712213594
-0.12385716194886848
-7.456307050814934
12.540555572359004
0.064931428796213
-8.004970153953156
-2.0675230660711197
-0.8447377693224114
-0.039836291724534546
0.1981121268765372
-0.4489951610484735
0.49425988679966515
0.3465148929211018
0.37771363922341566
-0.5260542234241735
-0.06413572924621985
-0.5848170046922521
0.43173585268751274
-0.19703328108992965
0.28101316589449954
-0.2760423651038693
-0.055405485598574986
-0.081687181073597
0.2590582232523768
-0.001846016658152011
-0.24195819853119005
0.2705959653797655
0.16518958365466602
-0.14710615614696557
-0.18084386523663132
-0.21277345421021293
-0.2457680536995604
-0.1978291508677919
-0.057828650842977176
0.11897612046394887
-0.2627454081604741
0.14248050929102984
-0.1532501515642121
-0.3098266460371505
-0.029059292846173618
0.27591148989613123
0.25110699872424314
-0.04356892294398694
-0.28716234996539464
-0.17335511076690965
-0.17445085683846967
0.2279997140962904
-0.0673456262172712
0.2207976032300431
0.2533675949371341
0.06118076282746627
-0.19423217334166515
0.26650072154592563
-0.03067444756478964
-0.0003309291705197101
-0.03422857693978776
0.26365663098313885
0.13071887746332297
0.06531777910338946
-0.11674788037876305
0.0536364423320914
-0.1326497702508711
0.298544995305349
-0.34584952445720496
0.014547436090041603
0.09690177400039293
0.000995474944631869
0.18179156471370028
0.08668315497312813
-0.031076630065624215
-0.11670984536879735
-0.4085620896422484
-0.12092952122423045
-0.17335187703880922
0.023312119932062336
0.32749364533302794
-0.01339062248098892
0.03825640521047281
-0.025406149290428275
0.019729953412458836
-0.09461840766818327
0.15761201838522038
0.1482640096152228
-0.2147872081918169
-0.20574153006041562
-0.205081706049096
-0.1680534049209275
-0.0012858339474124715
0.01973147535365147
-0.1717596309907177
-0.007681896792587434
-0.33437531521764424
-0.21129345201444621
0.262839936490971
-0.08836320120522055
0.05124221225692727
0.14994329567648634
0.04689125244286073
-0.44441330131184803
-0.1230067031090328
0.26687233038791447
-0.013369429064999216
0.055189675330575734
0.10749407075153743
-0.05122337493818355
-0.07518404762589931
0.016387653732767293
-0.04865233639491051
0.02165615096822958
0.010393882093505682
0.23382690298407238
0.11800525038018737
-0.12619526110026294
-0.019270923422222114
-0.11374168144347824
-0.009639240356312164
0.17181582200869613
-0.1692642079696524
-0.08773238076848479
0.011658551762389516
-0.23069757421864046
-0.0006656412245161156
-0.2615838825424645
-0.12145710226320458
0.06047634413429904
0.1359752294817619
-0.030930847707110354
-0.11337996369465408
