34.610244424075965
-36.62081884901272
39.103866878953234
-7.196854510896267
8.939263645383766
-0.72152986331366
5.265173418887075
-4.458581821542297
-2.910166341108223
1.936963089619262
0.645352912957914
6.1805540103632355
0.574876408299529
-7.033738197072992
1.270852460910431
-3.422021044263067
-1.3038512020746293
1.5771358420935988
2.8976093353950434
2.5010206216161617
3.6418702654150223
-3.8575528843888702
-3.3912073545155645
0.6599534894223968
2.150946802210547
0.5505269802487195
4.262805051001483
1.2372689216257613
1.0297311463611067
-5.558310346468669
9.80731215252965
-3.561748136149004
3.3445318108161164
6.763073063439707
1.387367110921748
-6.856360249294522
1.0369910625872831
3.422503389046341
-3.047084979249188
-1.944329620588267
6.134358907167199
-1.398481899148117
0.3784409656679202
-1.1747253639128465
-1.1930233763975013
4.883799796389008
0.8838125152563054
-0.568337706610575
-4.755073796118155
-2.114014235604727
1.2155056952053767
-2.2347142591505347
3.496815732969083
-3.229887399665439
-2.50456038146721
-1.3605668053461957
2.0212773595416773
2.6066520669106135
2.14320850250998
-1.2630892839691301
0.6819149319039087
0.8941127931598866
2.1875841657229174
0.08867807436051221
2.334575147400974
3.390614257240877
-1.7079365555392452
1.23008682150109
1.5220081546703512
2.2271906427163306
-2.9538427343275284
-0.7349698227114974
1.809419425649183
-1.1621692771500154
2.878056096534156
0.905286351607104
1.2248286666286818
-1.2039991488027304
-1.8449053461228
-0.7981357232349179
-2.3078838008751754
-0.4497236944054964
3.0894206745336175
0.5763675587665588
-0.887181699694756
-1.58856584886963
-1.3508304601731884
-2.966011452887349
-0.5447290581504396
0.5341028360433691
3.0603569029840223
4.433313057186091
-0.5920834446029715
1.3338637702526064
2.3200710057805405
2.073067809230875
4.295148266862947
2.2388041791748168
-2.251969289143784
3.8493958641956776
0.5423369388965866
-1.1645498192136765
-0.8124516574298379
0.9968148657978161
-0.14848994690177766
0.14559725318159614
0.565687184489483
-1.6731915769458738
-1.7287992230102085
-0.9286754991582334
-0.38851280475851113
4.183885183364837
-0.2983471368552684
-1.2192333414152898
-0.46723292866984656
2.2040578774264112
0.2726890987402927
-1.5195406303261632
0.8334207712817967
-0.5422251699402374
-1.0337865081812234
2.3351581052800885
0.4042174866545597
2.358189365499861
-0.6249133554112685
0.39289429742163073
0.05940631522152852
0.2520650367903566
