106.99719444668524
11.460854937658892
22.927513379959187
-8.256911320066221
-5.595112755111634
-0.3530612366318297
1.3924596401009421
2.0054972239736766
-0.5621984900955015
-5.275064960142921
-5.524713766489675
1.9576113163288906
-0.7256286537414196
-0.13900204181895365
0.23534769196876906
2.6105231451941777
-2.988336379313207
-1.623175842205915
2.620401671986373
2.4600525067872745
3.3131580302463983
6.029943866041369
-7.369180003216456
-1.415721438180271
7.6106822308028805
-4.862312275014144
4.561444293404002
-1.8562363165447255
-2.7834529221889914
-0.25366463010333806
2.1812676032967624
3.3988800427307484
1.813269307736904
-0.26370624825218814
1.4651542456685038
2.483176854307592
0.17674282486927856
-1.0689375071713072
1.0212438578596428
-1.7037547834062234
3.5923254430015725
-0.2300547157861445
-5.137914526261412
1.2427232958241583
2.4204830645409268
-0.646177033751397
1.971312184627432
-1.3631396731205259
3.098345985826153
0.7194872683920411
0.4628198259290053
-1.8581758138914588
3.1265546828656974
-3.743910330952896
2.410384590766641
2.6674326392547236
0.09746564128669122
3.82922259794378
3.0730301012404047
2.747305828989686
-2.249180614390609
4.112829671698981
2.727261243838516
-0.5901714073504284
0.20120001120776476
-0.8246759581464764
0.46400902394537746
-0.760023232067762
-2.465521062800699
1.4680383719303642
0.899688418440825
-2.85864774053376
1.2915514737920808
2.150874004583752
2.604796697449043
-1.4954231752096447
-0.1744713178519337
0.626668871066483
0.007705203766231877
-3.9219692732850326
2.516463369512353
3.3400676551088266
-0.5307160447006727
-0.744546728785557
-3.0763651634799936
3.448820404926031
-0.22471747803814646
0.8002543658114971
3.7951041199941895
0.9934038562138174
0.03840398724644098
-4.164323966786637
1.63472211790621
0.9926180273815222
0.16963517006767134
-0.11503945313601632
-0.16461180701568792
4.340393688021449
-1.834543647570526
2.7193978562139964
-1.392591199074474
3.608916998192957
-4.376406751731304
-0.7187244354468552
-1.2491826353028332
-0.7241909796123042
0.23033781909250883
-0.8366455054491457
-2.875720043087552
-0.1855597549449839
-2.1054419951197287
-3.48471126811795
0.06530282451686464
-0.9249657634331767
1.4731070308023502
-1.249431412411198
1.7238986565655634
-0.7715075544863441
-0.8959564628243044
-0.547226521760838
1.5569488670394789
-1.0671940972162657
-0.09771799532538411
0.8925805888949909
0.7324786369810286
0.5242529602413017
-1.1439862981794704
-0.7955989373366127
