-48.24606225599454
-4.86637684517884
-9.512202618624029
9.836009054938547
1.5547805371297279
-2.1938333372192274
-0.2907208749074879
-0.8221935649198876
0.15450031180563903
-0.8221244434951641
2.6678043887164424
2.677145592414892
-0.8407634966627013
1.2585813057723094
2.3871142288092706
-0.288793684619882
-0.07425121369292975
0.3862084970757508
0.6729353390404063
-0.5190041087071583
0.8882531971992453
-0.3869166031684835
-0.6006559878834036
-0.41906193268444514
-0.45427651922308543
-0.6204841366246139
0.579579378064661
-0.6629841044521492
-0.2793946665342615
0.8010385106084927
0.04340489006543588
0.13237840448943045
0.37670904082183787
-0.03953824517436952
-0.04399553886467361
0.7709542990891165
-0.2534787681649435
-0.04042741150131169
0.22857713215097858
-0.05901475286573815
-0.4510575483036814
-0.15656984378839486
-0.11915981492300534
0.17759822929980312
-0.359176006166033
0.1772325130685474
-0.2757386898822489
-0.0635297296725846
-0.2549486077848487
-0.12220012688527121
0.24599417668707063
0.004610664891856914
-0.03378545375369181
0.16520764894658402
0.42387618661417314
0.14886665184752768
0.2789741617630467
0.11157115429719291
0.24266821795360077
0.20404369400946085
-0.1677200348332355
-0.01964314359038244
0.10993665697849733
0.1691001715694008
-0.007424640605210694
0.2720904142801932
0.2459177933429155
0.19239454873151815
0.04716099496389624
-0.1217454357644096
0.3756100064493538
-0.17391816761196563
-0.09995968335481492
0.3139864166119839
0.016380889043143606
0.1983709206704004
0.09746060339719731
0.00922496849060346
-0.03093758140262981
-0.25403949193157954
-0.007373912519342787
0.25349220006833895
0.08180213403663522
0.16216186861739695
0.006911633154240244
-0.11706979874260336
-0.13547650161086056
0.006209475756981608
0.08197525117505677
-0.03521519911614468
-0.08214954790855974
0.20739563297131147
-0.04510889365604005
0.10976064293474021
-0.035035819406651944
0.045055025913264365
0.3853468497898736
0.342967286077596
-0.016775821769404717
-0.18494026337390754
-0.06072044653104747
0.3176921386559239
0.24457941290098234
-0.11936004710733586
0.37199494601321004
-0.00619678501027069
0.0616297411598657
-0.12663667345272217
-0.09152055328866916
0.01494819003514157
-0.3817904332057971
0.08425302268768091
0.1031071946459386
0.002077597046694808
0.2440002179936987
-0.31433040988776795
-0.26982851069640157
0.09621426707289576
-0.05507934975016341
0.06650071289906728
-0.04353505827810866
0.06884081307374809
0.4718468957208189
-0.20977144085680663
-0.00435559439539121
-0.0139752335352379
-0.2115478655481582
-0.037429374386217115
