-3.874061871945884
92.31122517566723
22.521234649915755
-2.2403881620385593
7.655380761576824
-0.9051375589835986
4.592320275077484
-4.705688122929848
4.840538855253474
-9.845986073189462
-0.3078954114649525
-1.832606647360077
-4.451740400382191
0.02893557356432236
-0.06084158059618183
-2.159924369744995
3.5651295038185906
-0.6828132163891513
2.9068354121573554
-9.315608747972576
-2.531330410199617
-2.198973819648246
-1.7339058718296505
-0.824782157507868
-6.0927795324909955
-5.3383030480323415
0.1003354691186444
-2.7433173269536844
2.6960001601484573
2.9522969858611665
0.22407989606323536
-2.533210742000704
4.5862766571386215
-2.361705835070576
-1.6900046221362666
0.34047509616670163
0.5660786867549427
0.2767844614998451
1.7124892540947954
-1.0961278059117041
-1.2850072437782427
1.9403741932787566
-2.7489126138470166
-1.1065760741538282
1.254399495183287
-4.970374562861437
1.8991607973007303
-2.1248479730262417
1.746889593056073
2.2407186071891076
-0.23809222290989063
-1.1439981688177518
-4.729068046194891
0.695347992710788
-0.9695513158306749
-2.1600289096808245
-0.14997083191192856
-1.849601735893872
-2.595806554273773
-1.6168456365452082
5.249879463178187
-4.119883073308825
-1.3434449489830802
-2.0369231661014346
0.7693357963541583
0.9513762491408021
-1.2518789079079953
-3.6309325089955626
-3.874845337423365
-1.013454606297822
1.2449269875416515
0.518051785528788
-1.999489851485699
0.3771840962020157
-0.3815532565875394
-1.7024206378122997
0.5117491220318768
-1.6128899996940003
0.4778934943526395
-0.6416052593594748
1.1913530655881817
-2.6708476596910145
1.045269908394679
0.144602359981102
1.7543323240413389
-3.3370687196222297
0.11915087212072942
1.767038088741832
1.2366472322052562
-0.898279639438264
-3.734275081371524
-0.39897176175965327
-0.1663450527120274
1.4757536128589437
0.20136646721845242
1.7338327973714414
-2.654538921346025
0.8637375309219812
0.2630216014378535
2.057882575553779
-1.0825726073731428
0.8952249357043949
1.4356942997113944
-0.1350270652140177
0.022056005171837506
-3.0963041911182723
-3.3695417415352784
0.05518325882214471
-0.822311456169128
-2.0058360950114813
-0.5411014747868075
4.083746965679375
-1.2611742633462535
-2.694016413695748
0.7295504787516827
3.3270242771949654
0.157294060565041
-0.7522949460157609
0.30983130628221855
-0.821905036458584
1.0146122825502983
-0.20019573207587074
2.0764929149473623
2.1751700787198915
-0.8900664864018437
2.259787175069714
-1.253577901921215
0.3860207328137174
