47.10285069575243
-61.53391132714792
39.61252856616437
5.833484613521142
-0.652858799437979
-4.175907968757684
4.784438224236409
3.9616789236012817
-3.5466394938415924
-0.09665384910348422
2.2431401170765004
-1.4747596965780134
1.281767169653885
1.187967188494812
-0.5511687299856566
-2.152620730404462
-0.06529353404439883
-5.7284155540087225
-2.2724353977505487
-3.9162425076729823
4.635995448889304
2.7956029059002656
1.4161681563846311
-0.6700633484627353
-2.1782408172344563
-1.9643678856061213
-3.1992995539808824
0.48463718101690734
1.8584983061698241
3.199369816831946
0.07883663465805076
-4.970898111679945
2.4628740720306666
1.4023807866902842
-1.340474716745522
-6.067160543230997
-0.255507842149539
4.675255912178759
0.49510120123256807
-3.940332289363052
-2.366534519898252
-0.5606516814551705
0.7833397416070254
4.736683145429737
0.31570684941643967
-0.8472766284395319
0.6153734471660912
-2.9462679636411235
-3.285379844660727
0.40417744095611774
4.537432346247747
2.5680186790213333
5.0493411993592465
2.6997900858380284
3.5858447688209356
-4.005598694289972
-4.17063102570196
2.067693008323873
3.6580670876830284
0.43402004048996246
-1.7440120991659105
-2.3157082933862942
0.5050305413201285
0.4167219966350113
-0.42182526424665195
-2.8735582040111285
0.8132314784146072
-0.8937062346697284
-1.3103997206337
-2.9396830885471754
1.9302919397641287
-2.819200651109602
0.944943641677124
-0.6675849292406328
0.3695364997825952
0.7223858913364994
4.372803956376757
-5.543121332169405
-3.091389368695622
1.9042573397704872
-0.24979424398982814
-1.7727665065342908
3.043529749547635
-1.7450049284037437
1.6499773846615156
0.09011262724839361
-0.11246793419249354
2.8794750973156136
2.059863448580488
0.15299169386986844
-1.0831621276722079
1.4913281765089967
0.46049394919731707
1.1728244934769347
2.2334979615913824
1.2255664486009044
0.34266285036827404
1.4192288457199767
0.8752033946198687
0.7596799292880936
1.9655611676931841
0.9951690991165878
-2.3814838520541586
-3.4220836137737254
-0.5332847949281752
1.2633676339481277
0.4702876630438832
1.5328576064163861
0.034612519150867965
-3.5670773798044877
-0.5070423090512427
1.70514882998777
1.5738574570631765
-0.4224754905374245
0.47007793708813195
1.6390314482579957
0.1742590451488923
-1.1063040804495214
-0.40793855754202996
-1.3019276749966684
3.8047803311014436
2.083004556711079
-2.417871455451565
0.4222825446926336
2.584973074270014
-2.046349858802009
0.575491601166166
-0.603499927399021
