75.55321345502712
42.391008140714405
6.1647436479509725
7.638436928808418
0.49698086559004095
9.473765216262061
3.0564583176139375
-1.5115761230238747
10.044437732087918
-2.503897933284816
-0.6820235528688463
-5.588984872425501
-0.3214837278304911
1.3989369530530058
1.5449205074624937
-4.866122347789513
1.214682497329589
7.2381451078251535
10.55314035939253
-0.3004362113455786
-8.967662876342791
3.1749319682747696
3.5558452677799117
-1.2775286279065208
-0.22925491308517199
0.43044789348200674
-3.339829517991095
-3.553159813359853
0.942107587834635
-2.2945464702677643
-3.254953715089576
-0.03652037219466869
2.375236538705858
2.9237087402730895
3.1884051823740305
-0.589994715147548
-2.027924988973068
4.893851801086126
-4.799213766252862
-2.673440561983153
3.426491445098298
-2.8617065749703707
4.295004713991763
-0.03299615214835913
3.187283809190676
1.9461578725421997
1.8133472603338583
2.294150859500949
1.3781693751280502
1.1189741800166617
-0.33631294240796783
0.24673385106107498
-4.481106646793259
2.9842712218102716
0.6137863819471863
2.184610952775782
-0.608389082758479
1.1478744499029594
-1.0344105812736024
0.9729077853403296
1.1458736659933637
-3.8712154403806025
3.177913105307014
-4.275178849273081
2.4923184497268336
1.0001959742932016
2.83006032161475
2.2516297302306705
0.7225421687023579
0.6251505876131346
1.821187666715434
0.5731618808155227
-0.7601760764772247
4.506267633496233
-1.627546167758572
-1.5646760080821753
2.767627802434537
1.344543668087922
2.3872331519675076
-4.450726041563938
1.1139190204395846
-2.5017069576032007
1.792332710290879
-1.1606667351634132
0.45129581458740464
-2.452146028985294
-3.401737799013742
0.22579413209828386
0.9918370853440736
-0.23557562405244242
-1.002383705031762
-0.8329821052694495
-2.9608412723694326
-0.19558044962641719
-0.9803640985722661
0.4072000602511302
4.148303881908661
-2.4693651679501243
-0.8208780124826243
1.024705977669944
-0.6189262727074453
-4.016474001885006
1.8479723148304856
2.125077968769459
2.1401859530064278
-2.6070254542236464
-0.6749478265504079
-1.5415538575080308
1.7594588354388951
1.24219310945205
-0.5500183691988436
1.7943993958507818
0.7984660562848833
1.067641375896852
-1.731704563338651
-1.7597624133599346
-0.4368472296123823
-1.4584050594835887
-1.2281801160553831
0.311331106327582
-0.36889740719175834
0.06597241025199901
-0.5768292065368061
-1.8356926423736015
-0.6854858331072897
0.006269135046412022
-0.2629839367396399
0.5810648943671959
