41.76154496514318
-56.10965519468044
-12.965820290502245
11.508296694472655
3.3030972212796144
-4.7852540541087185
-1.124487814281693
-0.32367584968924945
1.0055868158044907
-0.8979387867195423
-2.132072365187187
-0.9278726933468251
2.1474757341826605
-1.5788988973893623
-1.6955127309557771
2.00391973567747
-0.23611993310959845
-1.0720787885249998
0.6861936185806622
0.44255387979676497
0.5805259450416994
1.7149300223352566
0.6061248202197947
0.25562663260058727
0.771286158336046
-0.06422853759546149
-0.5252507932758579
0.3061812411283807
0.2701730213400914
0.5285401785497799
-0.0032583114235694155
0.4255673070652738
0.1121962089875079
0.15829781788798722
0.587660871593382
0.5205423448728144
0.5787689165726975
0.44033863848941124
0.03363052028347953
-0.48865789898893675
0.5885786853928568
1.0350032254656059
0.2739418218563306
1.1574576233253766
0.1158739973090654
-0.5427059253044692
0.3705980181409547
0.5551119084204521
-0.31069765989531756
0.6107895403669512
-0.20625382922634958
-0.6569136518584713
-0.06656396863051539
-0.11897005877996047
-0.16092604823916035
-1.4450455919749663
-0.15150862855671482
-0.18768635279187573
0.3896303355055768
0.2673289966898938
0.12022614256954722
-0.014793115777346252
0.47545323122306987
0.6237605989200705
-0.2680169740949534
0.47180770933907273
0.10201305251599618
1.1629575159844066
-0.3041362340452584
-0.18647111020991416
0.33247866624171285
0.2922373361919023
-0.4371272141594509
-0.29830967150335475
-0.36084702460167245
0.039634096407239805
0.445152695577984
-0.30922873827608877
-0.16960225145396662
0.7531548197670439
-0.5448998051404436
-0.10419453133094793
0.23500989568860756
-0.7339263687207346
-0.5903859620346048
-0.7678565654242979
-0.2564028078170132
-0.6622565980965427
0.16709069554379155
-0.07672930846104464
0.45450893209600235
-0.056763080066968674
-0.4122230603166432
0.0251031662142017
0.3058689503438713
-0.6009467779733723
0.20827301715092172
0.3988673517492184
0.716431659216602
0.07841421567493442
0.263862041113939
-0.6979353753828368
0.07176214442499934
0.10520880932461563
0.08804907210898394
0.7190755359271382
0.3194928275385296
-0.21200383267986633
0.01602982252151352
0.8254565897860301
-0.590691518220952
-0.04346748362484984
1.0719941830254376
-0.4522341805064884
0.5515490153689584
-0.3281672620677211
0.2560076845030934
0.9725016941892437
-0.1796806943008437
-0.2033871768170982
0.08995983142834349
-0.12932446106038903
-0.07143067162920204
-0.038028660205242676
0.3751427433818947
0.5204524145582039
-0.07315942359710734
-0.12824836551501884
