-47.625533723707036
-27.74711765653475
-19.738927183197738
7.49367666653363
-1.1447662544264154
3.603516894388313
-0.7430165936813049
-0.46952265236688717
1.089859922185858
0.6009027981029607
-1.0340283711334355
1.5364953513895347
2.1193266634847605
1.5794519972852252
1.6388541283015148
1.4959643253827781
0.9253538526330796
0.6053629787174833
-0.8418982274978782
-0.7876556697974977
0.019626462074300854
-0.5713083648506592
0.5252510257391534
-0.2752939409975056
0.3123493619625809
0.9198992732221901
-0.1876690938105392
-0.0041900204762138765
-0.27668034058948376
0.001507613159691723
0.02124321231279444
0.1771595784628985
-0.01316844765581665
-0.2112926041992981
-0.07834203454584335
-0.018342203367781362
-0.34675498994315235
-0.38757566032647617
-0.1018431963234503
-0.36878505719829835
-0.1364203175168202
-0.02575208549231863
0.25209692110513987
0.5232377922021143
-0.06909263871089971
-0.3550488435741417
0.0705974505628797
-0.09578446239470564
-0.17246924835057872
0.3948546405318807
-0.0903358064666297
-0.09776900929025983
-0.08322688343221568
0.025465896952811075
0.42090530887924643
0.06580130754020069
-0.014451115818441773
-0.05902874095811683
0.13226358714419817
0.4074877511482739
-0.1969009943140222
-0.024683585636475047
-0.4626691641361223
0.11800140537247238
-0.14440989942246518
0.18163169302036816
0.5249827501585667
0.14074724435577435
-0.3846848009486983
-0.2535992339190639
-0.32005825661993326
0.21444718372943955
-0.2732272862357655
-0.0534867148895769
0.23749477349212708
0.456560030094006
0.2437728148811259
0.04394048142011303
0.12680206787476692
-0.15320063512426954
0.16558178676521068
0.008294639415366067
-0.2171924328137724
-0.10660013337379881
-0.029177957134610064
0.5102882251830063
0.08068616236364878
0.07973940484976834
-0.2568302207710094
0.3545307087378833
-0.3247604099093749
0.5734968479812189
-0.10698021463954162
0.24371989396110544
0.10329397724228315
-0.23486369134081006
0.0419903950199432
0.20446777578646894
0.09244840825082831
-0.10627958533770804
-0.057697020386396604
-0.25376631757735446
-0.08687328925356037
-0.04304652194614714
-0.0833554758712898
-0.04753094240463884
0.1347744058780715
0.1281860828791583
0.19468578259522068
0.060895324080156195
0.030501053831188216
0.290349890847818
0.1856903710879822
0.31375977758362295
0.2765855048128556
0.5488017499008312
-0.19158418099136174
-0.06305666489115577
0.30352003708595787
-0.08432164808652134
-0.577582111218532
0.10168880589859891
-0.05622383514504149
-0.2438005367649446
0.42303009924253343
0.12567694932745777
-0.14239556636726758
0.17719191134214896
