-44.93935242251127
-0.3407576220107884
-7.689890529082534
-13.186358259960107
-6.929953578244248
0.09338417133822609
-1.4988373781611186
-0.20652734993258978
-0.6827088102138
-0.04178078704283134
-0.16987308120985153
0.12174547811883306
0.1563421007188814
-0.39645776305196045
-0.34662369503562585
0.37571840602738726
0.4044887719095554
-0.20946103173403202
-0.3087004742184078
-0.6327085127009623
0.29091698403678584
-0.19531805701875818
0.24481155152306772
-0.21759390571239662
0.16819079802541792
0.2121515350694526
-0.2429529092244202
0.08564817313267253
0.19050586363100908
-0.25900914477600584
-0.1960627964851298
0.12682198654095034
0.2469340476646037
0.15418729697096933
0.18891634344480965
0.11490010446555665
-0.27844748370384975
-0.04162930059814757
0.07796697849156545
0.40904762118871907
-0.10653309823980713
0.27805177899557304
0.04931079262928394
0.3450645377400794
0.11788902041188531
-0.2791448073488806
-0.081847299761074
-0.06685376495068497
0.06367656396650614
0.11776546009365388
0.00993086927534928
0.11132680800554105
0.454712539940762
0.13130001567982794
0.11446382356101517
0.17764005780992576
0.3454319402663803
-0.014203546153117474
0.027188659883872368
-0.057438779940156434
-0.21459591698908045
-0.233000959029042
0.1356511551809682
0.5021318308181287
0.28391730314657065
0.3244139451325469
0.03907317253761518
-0.08163400540611081
-0.12792831352696316
-0.13298759636472124
0.09883249235366989
-0.18172140594897265
0.07988342834678437
0.11474701836713296
0.04779437454153807
-0.027857963308336148
-0.19522532350664545
-0.25227949214929457
0.13808786083150815
0.016516564669824527
-0.14491607446151905
0.5785624268532861
0.02690897897064304
0.05950315815771713
0.2859401061771738
0.059808647212339056
0.3199243857547182
-0.5054604725998001
-0.1605350666030805
0.1409208168072105
-0.2911469758555867
0.012446329939317404
-0.19859153498094803
0.3276083699068312
0.23284161038228549
-0.007891146525317555
0.07928273390142174
0.10450717695448829
-0.024642721821971372
0.292017615349798
-0.3736969452145437
0.09995011115102106
0.06969701538329631
0.09560744811174232
0.17352498692923135
-0.05526210115099939
-0.07796753852814833
0.3878134226103779
-0.06706313730983517
-0.3531438893973088
-0.06322670136306088
-0.48154460720300135
-0.129732053635994
0.03990318882198103
-0.06130152046831584
0.40966255738463275
0.17878768010829005
-0.2291433182040965
-0.17040692636159732
-0.04229404372697468
0.18759793402137306
0.10060611229744872
0.008021485375873164
-0.17079754426265437
0.07460297814464707
0.019635711901947007
-0.189442584084142
-0.05638439170925766
