-45.003906056104135
-24.690740696556357
-18.658609986735
-2.8432113158710495
-1.9116486846732559
-3.2749512708834776
-2.3604177848593526
-3.919687469230284
-8.549254102728565
-3.833240978229458
4.958606903735197
0.2502530987752681
-1.4741591491326327
1.4292750015031057
2.0044528152512964
-1.826492431823207
3.049059378869873
1.8457629884216575
-3.0800830487827215
-1.9951098100865912
3.525832932005694
-1.0300078260885601
-0.29312871912914584
-1.9593820278398242
-2.5483127417402387
0.6379383387508686
0.7762001565719349
0.7154802184549652
-1.33951283073263
-3.937045320717865
1.9257881488033204
-0.15371806426884663
-1.536024946933129
0.1337601163581672
1.75529015387327
-2.3990751871109035
-0.8959278769638545
-1.242021890326873
1.0297149281591371
1.9534293860010028
-1.2120943778027844
1.0440196308663148
-3.545720283266389
-0.006929943684793993
-1.0256209076903005
-0.7074697333816641
0.0190759480057216
2.803637762426156
-0.7202074333363209
-0.5210335049431942
0.7499724158765029
-3.1759953562497945
1.1891651847809144
0.14383348527142176
-1.6204131650047147
0.7983957785879789
0.7153480937965404
1.7280181871892846
-0.592415411366387
1.5852725769329379
0.1594701767768803
2.240982112544636
-0.27100046243774845
-0.8537001973473706
-0.5954209242496525
1.3847846163580924
0.11570340839909944
1.4441250565379082
0.10790876865740825
0.7993287033677243
0.3776630586675501
-1.5548521608538437
-0.12664191042420964
0.7538099228651514
-0.012708564686579063
-0.5746916210263902
0.3698994828421662
-0.18334511318717037
0.48387518974905197
-2.4484475025183823
0.13516377648336186
-1.7626066623391605
-0.0714124343579475
0.8731411092589227
1.3091284366332274
-2.2343879950877192
0.7671758727273481
-0.8548274204479877
2.3939456939012143
0.6088490571182651
0.09271056085140611
0.31706396938610254
0.23549213708560968
1.757589086488612
-2.4999950241625033
-0.15859631820399772
-1.542796266370043
2.9487411642221852
1.2052555019447935
0.4152708041254607
-0.47880809387402856
-1.2818027694514034
0.6475119855606081
0.07786122899892067
-1.1294245512184093
-1.3819263099779244
0.8709466488542986
-0.36147650041360146
-0.40404490655408243
-1.464296542032121
0.6231626504833448
-2.480496115769917
1.4249683534126663
0.12326243952366907
1.2884053718889907
0.2587399735389427
-2.2150400161577233
0.7709079891234016
-2.8097704265173142
0.6445246850584893
-0.5446490352306607
0.45029760291982135
-2.619347944148988
-0.5915481529621115
-1.2996370976999376
-0.7348696778976053
-2.1740241864119203
-1.8384069136496957
