37.47374802290623
-52.977154175788776
-8.67043026539842
-6.482467760615695
-3.904300652939286
-1.2012401775571677
1.1805103666615449
0.6688644017287474
9.495058989843026
-4.2232402533995295
3.0543252536534005
-3.5626859335281607
5.142506114482644
-0.5515092191515616
-3.465190130864307
2.45961703223937
3.745306679438917
7.045950362177101
0.7066111854009426
-8.140313943539784
-3.2605394365249847
2.505700750236693
-3.5023139409459176
-5.610674734312284
-1.1049573368144645
5.882448923560572
6.123401572965688
2.113927347237004
3.0855699525024
-6.967458905667866
1.546878619894073
-1.047712208739592
4.402722831003244
1.8856659759721173
-4.1475877424773735
5.630798264034839
-5.664868125239148
4.4762991010536695
-1.1872913245208003
-2.0468925319233264
3.2072536561271137
1.2165423922086198
3.74153523218939
-1.7628599071290922
0.27551909757456444
4.93656498851484
-3.3065756055229447
3.5041664809089204
-1.7864879205260846
0.9481050263935994
3.594843200931165
7.248186486636
2.6766837150377336
4.9639831277777295
-1.4200548037134808
0.43692257401309775
-0.8370721448930777
0.25000592122385745
-3.8882160967078954
0.6900971616992821
-2.207060135799022
1.5057165172134723
-2.4678333223702733
2.2196673975792445
-4.595177392133132
1.8580243891711525
-3.5085070896946524
-1.1479509131886991
-2.4038360604135574
-1.0358015468547914
-0.9111536350741698
1.8938349027995414
0.6841673946686032
-0.19005963749912008
0.02754085789649391
-0.7480443848746825
0.3973867694376448
2.0658724245755513
-2.9597773556339906
0.14265408176977015
-3.529538981337434
-0.20432051364696407
-4.055557864549443
2.0179023830875003
3.4926234930996203
-1.976850572275669
-1.359077491631758
0.5063864642491754
-0.7168751379420883
-2.8267085594296497
-0.6242769663771929
0.3145582107228323
-3.045243369799437
3.619833714432852
-0.18627951294470388
2.2507067627818875
-2.626703847445394
-0.8614274787055335
-0.23962442327862815
1.6439894405886277
-0.43897251622941375
2.5737231048085776
-1.9533530260056082
-2.2230542072141617
0.22648317865298406
2.0116965299530625
-2.18633070116938
-2.5519101477875155
-0.6809485419982781
1.223224807884886
-0.46388773964412083
-0.4128387814293761
-1.406253709879199
-1.1482341650659793
1.4054978548509052
-1.242419027577765
0.7870623844788566
-2.130695868177298
-1.563187923650934
-1.234702017980986
0.36474267302068963
1.3926155457307479
0.11110119576234423
-0.1096304239921922
3.5914778221470383
-0.631295896386011
0.7465610473521579
3.0689290803080045
