-44.85120702923254
-26.0419455092998
-19.768625856232852
-8.598885967491347
7.159498197736302
2.926624983224117
3.59368794926292
0.8811909180685447
1.4817992430421956
-2.7543292442094303
-0.554004076817132
0.34083654101265903
-1.938513693629693
-0.4322738722977728
4.124827191716322
1.1062400190542712
4.636452335154572
-1.8825559796906908
-1.1296739791946158
2.6621926132426736
0.29897971959831454
0.7487751155890218
-0.7703346542310233
3.754520542610951
-0.4828910588374926
-0.09837281185878066
-0.8605782009074119
3.1262564724522663
0.8879306278328247
1.158535805933254
-0.7849006459111241
0.0668473075750406
-1.1604844724320729
0.6377316049684257
1.4577398593103073
-0.8432762606530941
-0.27623874234515816
1.0255073083772483
-2.088001560326756
0.4394420868248935
0.4901254488536536
0.39431695525284016
1.5686811909698017
0.2683692387871878
1.5724215593823319
2.696338083367508
-1.5200001215388026
-1.325483214554345
0.9157903479392755
-1.3711858434619464
2.994435770760679
-0.46377404395366645
-0.09024325109108962
2.26211633321578
0.7740725178447361
0.9156549191729674
-1.1222380784279193
-0.16769964072182017
0.6824417062418393
-0.9617899350525139
-0.15497258327916016
0.57923313179988
0.13514310252885514
0.78275744187342
-2.066613430699566
0.3058381702546932
0.7999748353206079
0.10787555866449389
2.6508105209049626
0.504104985834918
0.9399244170336997
1.003797163468194
-0.6384552716444133
-1.6233761461692335
0.5157470603408493
0.12404563329250069
0.5280912287377233
-2.27549501242897
1.2906872859747054
0.18328522327149585
0.6171750788918944
0.6280337109136872
-0.725050811493161
0.42494669733189533
-1.0368112837477705
0.8868322181749786
-0.807846334881055
0.32125614114530937
-1.3181581170779177
-0.6138822797542812
0.8766963571620716
-0.9013025858990642
-0.2607185887209236
-0.7701505524083225
-0.45798988478025204
-0.12836083524112382
0.12312056699874391
0.11772281980626668
2.278232896466069
1.8326573236996926
-0.08170803980555826
1.2398694276794213
-0.986932023878716
0.31168476533887407
0.5476047773923978
-0.0687296894210106
-0.6738248841900786
-0.7459374003621645
-0.07371362992578231
0.7071085115700516
-1.9860385824105744
-0.16312864212992845
0.14273777520127645
-1.3609675349897534
1.093078470597472
0.13112731361808544
-0.8101665965080203
0.6846865928191409
-0.6884923308992105
-0.47558808151709836
1.8902880893586298
-0.7292974159884488
-0.01938140897581809
-0.4122771372656916
0.4265602431706555
-0.6991143173648374
-0.7154224064382259
-1.5097856901727944
