49.12735794415698
-61.574349265254064
-17.338515203104315
-15.726238820390602
-9.89122136742446
2.277931436543738
-1.0378202886769894
-2.0697312508255075
-0.05838025582520456
0.5657500989424583
-0.4028795010224051
0.051614627762399175
0.08739686540652897
-0.05577823195573
-0.4942180928142977
-0.4524750327314313
-0.5354360324982371
0.7580403782760511
0.20985536698389512
0.050960874408745194
0.11593443986592677
0.5928692095243606
-0.34226762560411833
-0.3343173749783811
0.44645890160118223
-0.44675551434549504
-0.16433340441704475
0.15948101544714482
0.12303798161673973
0.09686810909945245
0.5744181331158467
0.17392145274444215
0.4682869252563214
0.7482319760006894
-0.053330690539338935
-0.5675824269167246
0.14837851654746084
-0.21677474707767383
0.24354646550951467
0.11395415527958862
0.8760555138775952
0.5039533048105611
0.18873939098597708
-0.6044295526410773
0.33045377812744336
-0.31350791701011965
0.12129038763675468
0.22528457018130968
0.30979919889853025
-0.35182228707214136
-0.07754216309007579
0.14811387031160786
-0.30076037493248864
0.1767952496154232
-0.1448069161390977
0.5246709589321201
-0.24233255193451028
-0.4759870874158256
0.26383025655435044
0.14667197467853893
0.3030837117722604
-0.15021596502284693
-0.009882977197605919
-0.053213767294265676
-0.22269939401868283
-0.3483893942959263
0.18696480319236716
-0.4771519183049944
0.3444347598796574
0.448381240146031
0.10603539495719974
0.6555815901077022
-0.6313783050877795
-0.1204432068085548
-0.07029693126034581
-0.04734827852843727
-0.050145472873056984
-0.22435610873757694
0.35722330067892427
0.2899365821165064
-0.09973210396514004
0.3600614121276837
0.07568181676459103
-0.2973257813266719
-0.34351755319469895
0.3947272546042768
-0.32645669025972335
-0.4556089728724792
0.3934130963730316
0.2555145615953906
0.25841177999956205
0.121835008177068
0.030995334150073245
-0.6369202311440869
-0.13505915276236727
0.3006623688529605
0.5882715335776633
0.07948519712987732
0.1535607284458883
-0.08897785529832383
0.23818948105949667
0.1696187955982948
0.2896342842053021
-0.2041446178232198
0.1296652250505964
-0.3832380974520559
0.14442268463605823
-0.14776744229373448
-0.024677771031654534
0.2285776540512312
0.3523929484843547
0.34295571393771884
-0.24511440426658107
0.551925360702322
0.31378932911105906
0.08199194386749753
-0.11433510404447399
-0.3235923671947327
0.29585124583636185
0.4747369320039462
-0.16109161418446272
0.006005403195727052
0.33723530017747483
0.5652604321263742
0.3959852793155425
-0.20033325486228484
0.07698516356080609
-0.06738906869470311
