-44.79277761329504
0.7209359853636078
-6.954157034517882
-12.502140478592064
-6.389237072253703
0.2050072111857328
-1.1436324693477324
0.24129431583455851
-0.14054185531806968
0.0019156333767257755
0.42204036716538085
0.25892215976421007
0.00866885877090573
0.8136502382369568
-1.04525151579899
-0.19663202408109282
1.790897689263046
-0.7330329609572075
-0.4012356352397707
-0.19517405791360426
0.4170710109844937
-0.15896266449344806
-0.2800215608061791
-0.5438090658676972
0.05665069920910415
0.44885405348496454
-0.21458306641553426
-0.9408819281640539
0.6232576526636323
-0.0033686063231114782
-0.08530139844578025
0.2855119860472519
0.10993452905298245
-0.0920549238258269
-0.9148128391373683
0.5106035761337208
-0.38180399050274544
-0.6019766290053693
0.07806737914116056
0.580990677170062
0.0959871560803214
0.0912599720688296
0.15205787381382155
0.08753366846672564
0.3063769280801349
-0.027712094851699776
0.24233086546814406
0.5953253619733784
-0.15636005819215332
-0.5904899274541417
0.05950415465101754
-0.10935320489393366
-0.44883689299202634
-0.40494334968937273
0.6097123856846183
-0.49930011399181895
0.407202092405204
0.3927500942007035
-0.7642131340595149
0.5809642329943772
-0.09677769164717362
0.3539268416908528
0.2309367297580303
0.34952346806954626
0.18299102851209703
0.34131991098416614
0.10782358099373204
0.3544716269689179
-0.5587732146108838
0.07454123773501345
0.43176992620001703
0.4157036663643968
-0.05980620368220765
0.1883261449934191
0.396365679318911
-0.5516186954688325
0.08488409071976402
-0.4828211392312574
-0.7633452493040506
0.6932410830805411
-0.113865955214542
-0.018803078124737554
0.5240669325722372
0.3301736596428689
0.36132957210073463
-0.6603825800777581
-0.1831710614116668
-0.18585322767230608
-0.12285229045441287
0.504207970429134
-0.16885509032108859
-0.1542147222301244
-0.404233709835104
-0.14226267173142965
0.09201138012862425
-0.2247486092139404
-0.562370380025921
-0.28833919553452153
-0.3755609140570795
0.18811422239591918
0.003245217888232007
-0.08657976274047013
0.3096462221321439
-0.18454178079811243
-0.04291766822021461
-0.21613917971574223
-0.48250349234521406
0.3543791689578005
0.8075293374544038
-0.14285549683042348
-0.1228777150166675
0.23831752013849297
-1.279946555500677
0.048548014492337074
-0.6677012277358348
-1.0373084539517636
-0.5055914809211145
0.2635917874133943
-0.20871486214343624
0.8316467443538209
0.17751315837808168
0.26501025895128466
-0.16492958060942234
-0.33225771035820467
0.07399779874218607
-0.4800103362973418
0.849425050552972
-0.2661565900426391
