-48.57010686979276
-4.6876352859141255
-9.655175193231623
-9.277318613997192
0.8464858771502171
-2.526834752777155
-0.2451619780444348
-0.2547865579381767
-0.6907680906228488
-0.6123667547483855
1.8230461879864248
0.0686081128466498
0.705201508606262
-3.442313341772417
1.4901937625414157
-0.024441649169528623
0.36112910025890077
0.47464897204047585
-0.7173821194363158
-0.6196334892339594
-0.005429653589491476
-0.7518100609239231
-0.15763302364321513
-1.1007125272607838
-0.08925692471724239
-0.6415690155192684
0.4087519646540494
-0.35244479482288005
-0.45821844439578974
0.27010832504751964
-0.43273484204951845
-0.05715733022092101
-0.16904449792666326
-0.019059964941726557
0.0022675650365030497
0.12786474169976772
0.07672669088584867
0.11420813664097539
-0.13249637796215907
-0.09621059999169632
0.13192394582088335
-0.29057693619136854
-0.16440119665082806
-0.6929966633196839
0.07146618542500405
-0.378349871163005
-0.29557322473043185
-0.3547254872409037
0.26485912385822574
0.07547646373000338
0.01767930172447256
-0.1048131141286372
-0.0460664098910711
-0.5355430432661461
0.09199493671293524
0.0980308928913668
0.0770689791231254
0.009625988685593695
0.40957672746280116
0.06679755338309323
0.5083489248255304
0.563813757729879
0.07258455121805127
-0.07498767800340157
-0.12945601061486758
-0.08425816050247925
-0.47878353741854945
-0.24237593822457743
-0.06222407750538017
-0.3269086232377674
0.049060530192134924
-0.21046003413871034
0.48204168340351755
-0.47598098056488236
0.31684672398509206
0.19259369818482863
-0.3079910308154936
0.06266308026298877
0.10836180840525537
0.050254568524135707
0.0042647874809798245
0.12442089807816403
0.12770901819087466
0.2940275203554364
-0.2226536096509207
0.051260312500009515
0.19782543286732893
-0.014373104444403179
0.12174224090930029
0.23296532030009579
0.05148220608576834
-0.04960617631804676
-0.07309603585675581
0.02476653765769548
0.04970681382413576
-0.2403670652104392
0.39340733199982736
-0.028195809289930426
-0.15980905520838973
-0.28531499853688197
-0.4268089175621323
0.023672254185426317
-0.12075158736427324
0.11900653575672611
0.010660744724882348
0.07319328819812429
0.017112698964490684
0.11813152590122593
0.12289042753393083
0.12277415144236277
-0.12380930914884164
-0.18169962571341428
-0.3119771723623823
-0.03529665515531202
-0.23435751260059529
0.29165929157436865
0.1108457926875054
-0.522603129465474
0.05349070945319144
-0.2115572732608644
0.028546950455075687
-0.09137352714749027
0.15826344371164872
0.06401487897585892
0.036894077118918706
0.2038891664067008
-0.07502306354043545
-0.054665463558819155
