-41.64972332851967
-2.1250898143792547
-9.382201398994894
6.061717363332786
-4.50338584650324
8.905941575328335
0.9921398673780475
-2.338327317667206
2.2990445309329246
3.9775357650978025
-0.2947402321789223
-4.678200322592029
1.6948881657462047
0.3892776544495116
-2.0664402739130106
-0.6221233538977853
1.508750591453923
1.2710987984242148
-3.995917533042797
-1.7649418246814044
5.354102599445525
2.1615333358475963
-4.71504691468901
0.05396840871794718
8.997563083980532
-0.30375929518115113
0.17899975879864913
-0.867662316159167
-1.022192595555592
1.5865493669458264
2.9199888936105487
1.6834935096896355
3.7594144984365263
2.534960975645147
-2.942779693701007
-0.3583140274477148
-1.9095655230052968
-6.205256723880593
2.6959155897212597
0.14452602983752938
-3.8971136868048624
2.4678989595086986
-7.664375468561198
1.5128794871293136
-2.04089070203375
-4.913370366384133
1.407324213185679
0.2390702225635314
9.611080366788782
-0.5712995478084415
8.840537903177513
-4.043715591000352
-0.797683921193022
-4.311866166570409
-0.09326475225382053
1.5832804193195764
-1.6862794605222484
3.2034392675035095
-3.4720572411026547
-1.348373049591538
-2.1283382743114503
0.5328751653297763
-3.4500378933067726
-3.1203739222363036
0.5106879370790136
1.8878274041917926
5.849227557816672
-2.355420816353473
-4.944187758604581
2.736502060879578
-2.1524286146448435
2.984906534840274
-0.6070386645429144
-0.23038556533286494
-3.3290188776429557
-2.8321480048400454
-0.42473545108661537
1.0249331114447477
-0.2131243477720267
-2.604311185970779
0.1540037228825091
-0.9189951490232201
-0.9568319400258153
1.2390046123138534
2.764927173415474
1.5793968968592023
-2.6499765711515963
4.280420851101431
-2.7546382313207007
-3.3271877902902256
-0.4848081067074813
-1.7942466121644545
-2.337378580977302
0.6951408012189814
2.6231144712780945
-3.9881984661333147
0.8092347704172315
-1.8039670789144826
-1.7746705339414035
-3.8193202922431793
-4.823497715038812
-1.4989834548702063
0.6387178074569375
0.33996978789670745
0.48589320610997255
1.4681982768525892
-1.418767842483474
0.6507612085264597
-1.0489636291674989
0.2507912966940129
-0.22114491936757785
-2.201750157990188
0.8877127232229619
-1.010842300538017
-0.4583216258536693
0.006357307846754451
-1.7770103081828925
-2.795163766757927
1.160692914864826
0.5315351575729624
-1.6059465628083722
-0.8022196474492024
0.6431278511830979
-0.35588094087173383
-2.2709207411150047
-0.7040294404378588
-0.46447363739409525
0.4599533773261083
