28.919632121983568
80.27926598574619
42.66453987929972
-5.104177888402123
-4.535645719357419
-1.3650499435264827
4.921185750610801
5.041863635739373
-3.275496750811902
0.27028738310135003
5.638272832616506
-1.913902885361002
-3.5339820741855243
4.024106912620664
-1.6332788370002753
2.71745392036089
-2.290835592827142
1.480438576879248
-0.051520809037541054
-2.6991209717569813
-1.7184398521355602
-2.0591033890304224
1.8808045821098474
-1.9229183213161425
-2.6754268712098903
-1.3986462362873866
-2.9737852460912286
-3.568878607698754
-2.717759767753549
4.950005648842819
-4.6851851341845405
3.140693886656313
-0.4248796203230363
0.752052688717102
-5.8805385900716
-2.2812365236851777
1.4059056809381618
2.9094745865664593
2.6720496104681395
-0.9761389798404347
-1.4048118336652298
-0.12540306264376547
3.9151570020835376
0.597170314199917
-0.3716744514421585
2.4623868820218524
1.7510664874883755
-5.839674667821046
-0.7499802181778272
-1.7274156728024381
-3.716882500015304
0.4004487609562903
-2.2554639895501767
-2.091981888519858
-1.5463768961631426
0.7722054780552952
-1.7762865356346829
2.9664876312977086
1.2323691704400743
-3.517563549284412
-0.9551363270031437
0.5892683807913923
-0.6415195377876783
-0.05879164017250872
0.2014602047476295
-1.1078252864291374
3.4315713335619695
-0.7166044404807388
2.3725489802430952
2.127490635140739
4.305096951531089
1.404091132257561
2.793285310289367
1.3873946313679422
-2.4645835580301445
-0.8332902931202866
-1.0197946599552605
2.707485879959224
1.1747006567576446
2.1220535067140975
2.528719178125033
-1.2412231851698696
0.2556987266654849
-1.1922335389324605
0.7158388931148125
0.8558430756008476
-1.4513015050799443
0.42250103853219834
0.04783924292530614
0.5198052810020375
2.343786750212724
-0.6633027083859775
-1.7698824022931883
2.5536185033363856
1.4192820234601538
2.006659814550723
2.1206675691441133
-2.0443788518029513
1.0947139533267711
0.1413835389588597
-0.10496836468486467
-2.445482085309033
-1.2479619518900644
1.6897830880700646
-1.0479381059484578
-0.6428066704810215
0.746466818857936
0.03478005061826153
-0.9509662127572786
-1.493050029055499
-2.155126213567556
0.15806270539529788
-0.1488669708603277
-1.2038312174962364
1.7581968380697175
2.415396840047475
-1.6064089499682934
-1.6993593116038337
0.5761623083495347
0.9144012636020471
0.30290860557455174
-2.6234711144836207
0.5026869633994113
0.563600380606422
-0.7067426376834027
1.647075806150447
0.24011629366887097
-0.723124222339761
