-40.35974436471475
-0.9725561373104092
-2.514639259663763
-15.13320337494848
10.047218000102685
-0.8793993594020513
-0.3392738445056731
-0.8595381338954683
-0.4742446099603428
-0.10995322164835272
0.46956962505996863
-0.03132583783466993
0.406149207917967
-0.13317784907643782
-0.1455539827788715
-0.1477250442720442
-0.4763129933637647
0.6447704235233472
0.15783898343894195
-0.24808134208270194
-0.03385759936038524
-0.6515067021692437
-0.2650247920234131
0.22304346247595702
0.30365070441899306
-0.2682343656854789
0.40643141507868435
-0.2945476075838385
-0.08892067648635361
-0.22985032393838234
-0.1570789270717391
-0.5749193340776442
0.38871707217941115
-0.4096391948778809
0.11073998071428723
0.024633728915170808
0.11866070842961142
-0.09669446306438521
0.4906690917562423
-0.2667469971559398
0.007966638912593145
0.03149195362389863
0.381654893006778
0.480642803864622
0.07183964520757372
0.6000476995937659
0.1622021863387553
0.15696873740032863
-0.1357450537403414
0.16909383465375802
-0.17311291373090743
0.07350892567075405
0.21531694270316243
-0.5343523885872035
0.08382405984219508
-0.08046640256488968
-0.09734815990985672
-0.33612604099661014
0.0060044795141032566
0.005962180050675253
-0.2055427896220694
-0.3476938626135998
0.5801759755135191
0.1253011674402591
0.010117571569665926
-0.47045687546876586
-0.022669708291185198
-0.35407574837708267
-0.5380201244075198
0.3416980748596983
-0.022876213121436804
-0.01648895855180399
-0.010488992205060943
0.28796984852920027
0.030716024266377852
-0.6287380141376554
0.2269913998964585
0.3705812323154416
0.10419724137170769
-0.19080829117442627
0.0026871490825937094
0.24990439606388232
0.7725107748350329
-0.28421609603618136
-0.332849239429783
-0.06352714882452827
0.11142055884595493
0.15420231181330357
-0.42452357769447163
-0.1157100374311248
-0.010514306019105385
-0.04988871295992936
0.14145701476809663
0.06293127947305205
-0.05384614561006615
-0.02024107673569425
-0.5070811812015158
0.08768269219374478
0.008948619091201364
-0.3245595012514774
-0.15705838881464096
-0.056292602055116166
-0.08378861074758133
0.025766011092030673
-0.37908060982795466
-0.4713367944145368
0.12256001824047816
0.27210384725655085
-0.4343794737993097
-0.8625078529432524
-0.10640618457372594
-0.33656371711874955
0.10229689294438457
0.2972329614230865
0.4558520190447823
-0.3247204100596019
0.0896896915522466
0.2085681851461744
0.13834058876372163
0.021156458783116013
-0.06369517561874576
-0.037589789205665365
-0.008936031222359399
-0.09288153937671184
0.1153031251589594
0.04382446742476814
-0.05305713943989364
-0.19153238670118342
