-44.45698127988923
-2.9081681988322883
-9.842056684273736
11.946967630721364
4.6764669862786175
0.7436229016864414
1.973574476386684
0.5556503118820526
2.8129008823619532
-1.4856220591829845
0.03342884440667315
3.171225930076284
2.0148500714613964
1.758713839798863
2.6220061691335537
2.248312301338559
-2.711820196238161
-1.1328291161098925
1.6070864385772023
-0.3032705263204482
2.8488951114004024
0.22041069451690004
-0.30965498343560527
0.27441660917654825
0.8661550319313654
-2.8079615162159204
1.8667079061605196
-0.08025930655539396
-0.17427486567212047
1.476265853811629
0.8683654487211094
1.7427898040457233
-0.7278544511954352
2.0772231053520422
0.21605122204871807
-1.034597885580779
-0.1964025253743365
0.5225466410705921
-0.7286702008963646
-0.45553636362525074
-2.5244660279481623
-0.4492431370931945
1.239595785853095
-0.04532373344611529
0.4988093576864067
1.6180627793358873
-1.896198103591392
-0.5660970401775393
-0.42695498569019796
-3.6193788518005663
-0.0036246719333889454
-1.904837302412077
1.4477619501357812
-0.4774321219107739
0.47520359578789495
0.6387327475604574
0.1380258960598215
-0.22792251962761967
-1.4031261801137895
-0.24178480811328185
0.5013038726786951
-1.7533123884896125
0.09016361941544263
0.22071288771350603
-2.319291135995349
-2.8328514285860265
-0.5290571569014579
1.5255529611692236
0.5899621005032317
-1.310327445295531
0.5120286286099416
0.0884159188843231
0.5029426155276667
0.2913568836434675
-0.07697212515880153
-0.7283958887185685
3.432022394530957
-1.638401783313432
-0.013885613750457465
-1.3046547996611626
0.7244127391550591
-0.1472050471273701
-0.9852090214070393
-1.0181773162291765
1.1605761212880799
-0.9303418117223144
0.8615303905036971
-1.182532058828493
0.4284076408757058
0.819688018028552
1.0288530234941755
0.35353551193409194
1.2193886648179844
-1.9226869834775768
-1.3597866183615916
0.7470968201595537
-0.8416957741261202
-0.2596712123271915
0.26374614405186453
-0.1902200452194832
0.9918135882290148
1.393667540408396
-1.505728702770923
0.010430972587716525
2.1454164224168206
0.23001485787897288
-0.7458138775207127
-0.7038113783984822
-3.295590304443746
0.6723311899053056
1.2408770485129825
-1.4959226706634126
-1.3581001911370139
0.051891202643362895
-0.004335936501890153
-1.3634531658936928
-0.7739325215631244
0.7850359203762107
1.2256587262644996
-0.09306307051468639
0.48207932789192126
-0.3986800923612844
-0.3140053270378355
0.7507299181144459
-0.5626177932628145
-0.5468865150487094
0.7284030344426004
-0.7643568055173242
