18.82526323721657
73.55644800115385
-27.676547173493393
12.71318538472657
-0.2586329701324805
8.23312834981609
-0.13807238524661547
-5.21265529712231
7.443673988417485
-1.5058287020158463
4.326311738637389
0.7108164901757937
-2.7524736343811576
-1.9622862205888607
0.5849340198885628
-0.7762677742816761
-0.5008975215854252
-1.2965150302892552
0.6092540703970893
-0.3075061533501916
-1.666291895984108
0.23348946559854955
-0.28590985926355167
-0.5282603074300866
-0.47521824705757554
0.5809820964408708
0.6315205171025349
1.2353710332499552
-1.1268526160104653
-1.606734652073155
-1.2515951547723898
-0.048099830648841886
0.6814322819369579
-2.1878662509633973
-0.3602618356302456
0.292790004341189
1.4613747511258386
-1.1029426720654976
1.4290347504208007
-1.7809342095427418
-0.3651282798354253
-0.37790017932433595
-0.24815363845168806
-0.25980703689798446
0.16007622587872383
0.04002727863333194
0.797379530220675
-1.7920852539943102
1.2534428452866304
-0.048549630209073824
1.1688956796164809
1.6919216178650471
-0.09945377643700096
1.604295797580873
0.46006499813368257
0.6978418258169969
-1.6708093492146336
-0.6207376760709234
-0.2740071518214157
-0.33059753977066875
0.15196647929474294
-0.9682350171816473
0.4732178273647273
-0.8130947188255702
-0.45481703213863056
0.5922042063285742
-1.3619207133639524
0.03356127595641752
-0.799733729341472
0.12662750703976458
0.08408060490469477
-0.8510496527036672
-0.44460756659198847
-0.4582210401738665
-0.8339143967861897
-0.32378156847772865
0.8867688854648472
0.6803665378803174
-0.04634723209791285
-0.11837288719598671
0.0842724219983062
-0.5221355587344567
-1.1291195195520443
0.9609572498942368
-0.5929060119234802
0.051593878964843964
-0.3322094236613722
-0.1608893446740699
-0.18007508257871122
9.80587956536938e-05
-0.9117129387223075
-0.19169901070152984
-0.022699755658896148
-0.563791266548651
-0.5768498597040667
0.7234473076080498
-0.41054045080114043
0.46088001354377234
0.23966306705158202
-0.8373204291449359
1.0976823689557582
0.406155203918879
0.39248215310140916
-0.19722433107115311
-0.29119462836915644
-0.366221992693299
1.4054080776940974
0.9159157132994039
0.6928852488058556
-0.7982168316567702
-1.3964379638805997
-0.6068688332939625
-0.09691412807741139
-0.05500659833413171
0.48168383553167105
0.6829706852389387
0.27112597690092965
0.27042047584675005
-0.41437157893973514
0.4767257218690348
0.3713953630731317
0.45161388208784414
0.6840765825646447
0.35479723049431494
-0.8401087263976474
-1.0033286730739133
-0.5123238736881724
0.20247457407213348
