-24.87410698536173
-0.29482296872632757
54.197997685640715
-10.244244128059174
7.911388387459455
1.0110496514256284
5.544662522902389
5.147743946523286
-1.816100924765272
8.040377018246373
5.1191832826427
1.8088173828266707
6.195200311116955
-5.84179141933485
-4.6479843172789925
-5.429345853376662
0.38160259906509963
6.35726352713767
-0.38461708160490504
3.1331962966210765
0.4562397481260915
-2.42129704398726
-2.442325009819062
-0.037084337757632285
-3.116613234255025
1.0812830821828767
4.100338561946501
2.7719290637073986
4.263799329238766
0.6504194704294827
-1.7323145986016582
3.0262457624623984
0.5273653269165679
-3.3616931401279095
-0.7464979496405334
0.25450198784107797
-1.9705491634393113
-0.1828416167460651
0.3973498430533852
-0.2962545186305531
-2.55617797163285
0.6242328222263694
-0.5379216838591706
2.6843274756405338
-0.9160786369377167
0.7568980055317037
0.9609862987739779
-1.217329236239488
0.06514364218524936
-5.740279221691822
-1.5287481636750242
1.4008439407967181
1.2811655492093736
-2.595876944879527
1.2308159675146835
0.4642055048267944
-3.3841549005687424
-2.162138473660302
0.22638690103969727
-1.749515901986319
2.270892614948491
-2.3475752633034683
-2.6207387083859803
-0.30338385502812426
1.0660718961659579
3.3282286152967724
2.764332715497731
-1.297422813877065
2.4635225398628426
0.9799141671337877
1.3868345198029017
0.40657683065762856
2.1249535630862257
5.048692803148453
2.0461365415290653
-1.1470011873014327
2.5199372432000082
0.3853846339441564
-1.5409966200105725
0.626801020490655
0.7676560979844725
0.6977538760493539
2.2865899855485017
2.249543517118524
-0.4559021347541496
2.482400963489534
-0.9092564119078529
3.2226705726135445
0.4693776983341008
-0.10092730778121028
-2.3641273324926733
-1.5322538595102444
-1.3244716203248763
-2.2093189790763557
2.847526320685151
-2.4440450366762576
-1.45751433655058
-2.333176771618483
-0.17693922712258717
-2.547363356048604
-0.3491221048401323
-0.6398227894935834
-1.9331588752025635
0.48063522555725474
3.334397216321939
-3.2709387565560806
-0.14524397046630966
0.30855253039186925
0.10051366672465334
2.9629999611437405
0.33224223775412215
0.27798518196698185
0.14626089853326288
0.43259639279855955
4.908206701355196
-2.083764248094069
1.3386134129436018
-1.0959105446055257
1.2522596445449885
-1.8415833735974132
-1.680247474189953
1.6704460324595443
-0.8502656929042579
-0.6905617606501909
1.210640951005364
0.9897013583861164
-0.28952897700535596
-1.1580172724899749
