-47.468429915920005
-27.874840821142513
-19.983771063130188
7.402237754754818
-1.1501361808114847
3.607259376436397
-0.7177455319235594
-0.44526873007076073
1.134044013125922
0.6189899464795565
-1.0677163007834776
1.525574611991361
2.0743236430414695
1.6129608402442277
1.684390943245414
1.6402461377983757
0.9744442706906601
0.5563772917533436
-0.8842644211742197
-0.719848007290332
0.06667893863700947
-0.5115848491460544
0.4884504834460578
-0.3225761964075915
0.367647496089073
0.9610016603381784
-0.18241117811111202
-0.03195849214416767
-0.3478423647032597
-0.000957265810492075
-0.07583566827891142
0.14210145934588408
-0.035591138449350496
-0.19995546190093275
-0.044306976445719015
0.0059138940790975925
-0.36845346479533836
-0.5418099297599249
-0.11466773972467645
-0.40726462914260636
-0.15966506197911529
-0.04853361480903015
0.3040327191933207
0.5206143501950331
-0.059130027112646685
-0.3821887589277012
0.08774217469960756
-0.09999605611395385
-0.16725504939960828
0.31949170798785664
-0.015662184412513686
-0.07560515237812615
-0.02123137765668051
-0.02032147968909573
0.43573107919415344
0.03313943396845048
0.0076683991709857735
-0.09339129283608652
0.13867112625567354
0.4097889817051726
-0.1432665731729944
-0.044560428508982286
-0.40947811849994636
0.09482947043762188
-0.18624853048519632
0.21009832052943408
0.48931492214837946
0.16807853244051169
-0.48709933296531915
-0.23629796269936054
-0.3016496055681369
0.16903771020261263
-0.27313640658857113
-0.07960448822404687
0.29347251915373807
0.4654893678711281
0.2799506934922934
0.011332789661647656
0.052948797009412074
-0.15697375220583876
0.18131873815919697
-0.016375932045758483
-0.2196721323909835
-0.10531556467717351
-0.11164565108948964
0.5126090714499288
0.005897544806942018
0.03386350987068042
-0.2979489139076812
0.28247822008023254
-0.33152773405283364
0.6064600027143264
-0.160413046575759
0.24228017680028394
0.16063545434261503
-0.2770256708840964
0.014640958256023358
0.31260098964439526
0.12076388800608204
-0.09389625839449214
-0.09946885578909215
-0.19648554268587337
-0.12506578714348787
-0.040173610354543254
-0.14284612349398115
-0.033992994816862424
0.1920997533222817
0.1308149690263064
0.23999994893989204
0.06668751062072474
0.12495471044805147
0.303469792731342
0.17982720128594426
0.28227237539473626
0.35265543054652815
0.5312776273645942
-0.20516741620827927
-0.11093284157401351
0.30682072227962426
-0.1260395773502079
-0.5379360354497107
0.17816553399292884
-0.05308458800662776
-0.2434429101642684
0.42341466531614513
0.06465073209548801
-0.12195215020029546
0.18765502365261794
