-49.11448578480657
-4.042130457134512
43.265969331592295
-9.520731815437562
-10.116599872513493
0.5922837189470627
7.254065307533734
-2.651971650388784
-0.11674655033953213
-1.1691656156775552
0.25558019404524
0.9114312440027631
-0.5552660331477463
1.7998284701063145
-1.3542842781013174
1.2410292178287405
1.7380742864299028
0.2298172504465023
-0.9844038359717622
0.6547854449445627
-0.793489143764423
1.5125955704142249
-0.9876951171214985
-1.0169414582490766
1.9062499772887065
0.6412358890093893
0.1823853017244668
0.5700644569217046
-0.4132444418500699
-0.33836400852197307
-1.029987410684611
1.215814113056628
-0.9197060101130203
-0.4743426137758434
0.05106558304476483
-0.20959547408481466
-0.3334977350857108
-1.2607240618322622
-0.24572010502044794
0.5405141719952345
0.6837867114265271
0.5118652500202285
0.8553471841497293
0.6724027687257722
-0.20200351286047655
-0.1807426079435721
1.012346443113921
0.360289790197296
-0.18269030804227476
0.2947661546542377
-0.9246912657035292
-0.2477839062833186
-1.1765554753758767
-0.10563405711832555
-0.06488575227539828
-1.416527813883874
0.3535239642768122
0.27796598021850727
-0.6366127147726928
0.25820659609148666
-0.45103367714741327
0.9514093954005385
0.25535796849906206
1.4122631610688814
-0.16898500390760535
0.7286875456220003
0.1271380104515809
0.5535827489535337
0.002463871156151598
0.06908207176952563
0.436374347361542
0.06327275606666198
-0.77707542854651
-0.9687122971585325
0.1503718882202637
0.0701179953303612
-0.3481213826839992
-0.4284566041546778
-0.3552258758406964
0.9359904369935739
0.38236442940501514
-0.053708295040070936
0.17185977586336898
0.7913666976076132
-0.6644406321167691
-0.8031264079408958
0.18602667512533055
-0.2437694907584364
0.49707745712110524
-0.004837647259953309
0.881951291951701
-0.6802839871752798
-0.6294834953822761
-0.5571491446087621
-0.045942923843819
-0.4169910962256408
0.12948232415559208
0.3352372801222726
0.2530313293143923
-0.23828656294502076
0.12219355481567507
-0.40444399574610906
-0.11728253078051491
0.5618898228828589
-0.4367163529199233
-0.1779289494053763
-1.0195214287954995
-0.0334217300955408
-0.3567140321912929
-0.6270494344319004
-1.0117053739563397
0.22368068922271833
0.26017009078768666
0.1517765675068507
-0.10663909909026756
-0.4524615331398677
-0.9960586869712637
0.8773879291463239
-0.4015508236041456
0.13952949162032927
0.4537263753562548
-0.38554342619127957
-0.051863330450824086
0.0982212864821691
-0.13874426909442567
-0.06330083249577254
-0.6290673598950326
-0.38901675532842583
