-43.58073616271583
-25.462597985378107
-23.873220514291
8.015385098009896
-5.155841380771331
0.8993951339233448
-0.06699310850101509
0.26584645617644687
2.7116804790701163
1.9855375538734636
5.846954651015145
-1.376907465314566
-0.9421539964854746
-3.770135509462562
-0.32469885823297023
1.8258689654087765
-3.3607690827792718
-1.37715417799068
0.9719454322858784
0.9638532865986665
1.190412886875471
2.8339818792266174
2.7813799456584363
0.3095075756005814
-0.11163654823767849
1.343305506005108
0.2695958865319782
-0.02381993007903388
-0.7534147496888167
-1.4078445088024225
0.4877575719536262
0.9524515126503438
0.3430905122846288
-0.8986466382200479
0.7201846318157092
0.48275266902569436
0.46567683042693636
-0.09191694992366195
-2.449365962246021
1.3231896292015635
-4.107574337655256
-0.9833547864499536
2.773389275294056
-0.04891188326784762
1.7053705278757638
0.32301730112425797
1.2013275801167513
-2.326019966682452
0.27351756327194043
-0.3488292495146111
0.8324235335793506
0.19875042083000644
-0.39190524340973304
0.7373457917481175
-0.9431233337260009
0.23072322981723686
1.653520234094914
0.7864975725887804
0.5265874136497418
1.2119269302391846
-1.1721533449578927
-0.5643836449807211
0.6350089647016662
-1.2521081789582182
0.008015754476743187
-0.10636932181903225
-0.8035958243771268
-0.1118152391481374
0.2472494419609565
0.17281913001098703
1.0847802646649454
0.24490865179792928
-0.19181184942707707
0.6905722290102736
-0.35772104552490896
0.6546626920631254
-0.574977021953014
-0.8096019178112637
0.5870263297210179
-0.08427943314558126
-1.194187217351133
0.4764576095406681
0.4215358640561554
-0.6333045688075988
-0.8098087487923735
-0.34262152874484164
-1.3131512105325556
1.5083888693517755
0.3826801572637216
-0.24797059405785526
0.0922240891709155
-0.4748412322836697
-0.06720879110541426
-1.0225610293070508
-1.3582294641230872
1.8930332841276019
0.3609892544439731
-0.32374668209374347
0.2423207814257916
1.728604216713556
0.06219458681773159
0.1825635717675227
-0.14930286362380404
-0.5681203142421478
-0.3801005754371857
-0.8269676405840158
0.32849159018046087
0.6202481310770127
-0.09978373427516313
0.6841546636209146
0.7172671889306768
-0.47493768299931455
-1.175722752387535
0.48361381845755935
-0.24503435408918783
1.2136877228813414
-0.421971456601285
-1.2088734357995101
0.02055660817919165
-0.5766931700179261
0.533438677159304
-0.19072550919950454
0.7611265503303912
0.4996333474365334
-0.3712569725843991
-1.1704807861923134
-0.8662876731164224
-0.40606618677548634
