-47.3864639567222
0.00977056090388758
42.71145633798259
-7.190062328619499
-0.7510441354670064
-4.912817604929868
-1.9221114553526641
-1.6716785057880816
4.372993582817036
0.7309890647903932
-0.724761237467743
-0.9935322938217036
-4.673069220159453
1.1879013373747234
2.236666608550016
-0.049566359091743006
-4.204718543877377
1.287626897875508
1.2538208366883177
2.588894918681874
-0.159591886047613
4.207450056904369
-1.6143680483564546
3.3683688559683307
-0.8260469853660551
1.8726702619460993
-0.04816282805802358
-3.9461696645207964
-1.750059154401815
-2.210042735391424
-4.086555655510251
-0.23197660100365675
4.96949935428115
-0.49874300779137193
-4.009998285070981
-1.169840627162578
-1.9538935093461056
1.164988439910473
2.7203081925317454
-0.5792130176857713
-2.35661992382002
1.9635722978186887
-1.511626166870391
-1.6952597065590878
-1.0989887790382675
-1.8195742377541488
-0.3322122684160676
-2.2600525312262874
-3.208519727425154
-0.9300896653572022
-2.7945496039760944
1.2082493879608538
0.2975977878503185
2.6126609561440786
-3.123101513338387
0.599800704675221
1.2182381839907677
-0.5738221958039365
-2.8480627145494357
-1.6939964496703341
0.17037322774780567
1.4432560029990058
-0.3506115600711318
0.6579526612619245
2.4703776993364652
0.20160775608639156
-1.8232880398585718
0.617690463263161
0.2461397070745329
-0.424131606318248
2.381042176101256
-0.9656082367021778
-2.316575396757715
-0.9286462020246633
0.4452253084928175
3.3465399684087505
1.4468549141612965
-2.0568439216587877
0.8876305991392591
4.1736602168620855
1.502893676403123
0.07235945398537935
2.584849059134884
0.9134360246219042
0.12393440412386865
1.2650290761287395
-0.6607550860884851
-2.9294328554868154
-2.3584343607162612
-0.6124177567880614
1.8696976859799088
-0.6384798752161793
1.1327852277197883
1.2857802579867181
0.2921305679129287
0.5972386836682217
3.550943987769227
1.0253764381013752
-0.2755305256496515
-0.8016223675035219
-0.7665450271721257
0.10534964869395001
2.2470237321357036
-1.0214641180064639
1.4929313948617642
-0.26834509687620145
-2.495807475635508
0.5760498451275469
0.7913863028182521
-0.003298409043438047
-2.4086969081467537
0.20700695590634122
1.4693813651632763
-0.32395172807643324
-1.5568548891140488
1.1556294054535983
-3.233345981907038
-1.3571561749691043
-1.07774195959039
2.0197382520934704
-3.43146177467883
2.7829593363720058
-1.0513498341342347
1.733997846253415
0.8081725312401933
-0.9684318454183182
-0.3333988233009563
1.0638623809546692
