-70.42873223768383
-2.751094859094815
-4.268495834975553
10.591438829225709
0.23088481252070325
8.027192559076454
-1.4826305897682819
-0.5999602710519365
1.4965639448388317
0.042881769537489955
0.9301031271725541
-0.709671737168483
1.2243657244542157
0.16312448779615685
-0.2941217435744161
1.2275483924422215
-1.4537690247306663
0.10169700561269618
0.11108986336233495
-0.022900739756042638
-1.0404759968151716
-0.13188127442833478
0.14877946888328292
-0.467977484757843
0.22146458291535093
0.27623935600051225
-0.02474008686737239
0.3139292534708842
0.14388715480081593
-0.6330835740849021
0.1557430219859986
-0.32809411569378427
0.593340847590692
0.11423132350935052
-0.03089526975111062
-0.4575929479811398
-0.16007872001451579
-0.6044272653864184
0.6196175142798512
-0.386450320023652
0.3165298792714676
-0.15480687905535234
0.6870571937445437
0.5248206360114653
0.33980137665169124
0.04644580827218168
-0.05610955894144633
0.1258440414830876
0.5993528627391889
-0.2531133421325237
-0.8829398789936314
0.10908188648302657
0.5034588034927366
-0.05968422127435999
-0.18331801250426782
-0.22719328316961457
-0.06732152496460231
0.0189532126316133
0.4279000654478259
-0.4133419861336689
-0.26545155028865713
0.3512236907606662
-0.1367683152025655
-0.02115803957024487
-0.1985923604022292
0.3740997807833032
-0.06821654455957143
-0.2471978847010966
-0.20643646198067322
0.0019541107171201777
0.2090901094465369
0.3888560164939506
-0.2255712942490547
0.17576261740923357
0.04476479275980435
-0.02228906968217329
0.11024098663418087
-0.37229592306037484
-0.5000692277194597
-0.39721230347776826
-0.05235296272935014
-0.3577654264040747
0.4171460829536441
-0.5134953840544967
-0.3297437197908141
0.8371994006953192
0.29588821860604153
-0.3094435948289973
-0.019867378245076464
0.1882602753297041
-0.4795684426748302
0.37275593307400534
0.3785612786784348
-0.4345543668988163
-0.4981953027356234
0.36592822520586143
0.20409021075793948
0.2048383644200299
-0.10353705679175854
-0.27938984434425623
-0.07584120345583822
0.9758898824862673
0.35892643775801236
0.18714858209714358
0.47311143930172267
0.32039821869689705
0.12559558819885167
0.3449669242049165
-0.13163767591328013
0.12664777004791605
0.11677948830106362
0.4414406542098876
-0.4601443026673716
0.13605296715661816
-0.42457042606355505
0.4926700308242408
-0.16181605303617203
0.06286919601473918
-0.39053871035352583
-0.04335891657428735
-0.1951439280169559
-0.0862848530870699
-0.6966594211757107
-0.377828227659185
-0.2867422161052021
0.4266490646739733
-0.40712349264630415
-0.755423428844205
