-42.50742202029301
-22.614346215643437
-19.259720333549943
8.504332809728758
0.9232369271901129
-5.928477075017177
10.691947448046045
6.125989683965608
0.5683895646251392
0.7141930691180276
-0.9164995612530292
6.027145224231669
-5.932832978157716
-4.850450015605826
-4.482198740547377
-2.0832671290153923
2.2059985182742916
3.229689199748147
-2.505164563331021
0.7547464690123133
-1.4788275255565864
-0.32683408665206126
0.007398726789463739
2.5904638921314773
0.856494041849007
0.3000253449865421
-3.5873216427415895
-1.813422743695335
0.03442623978613113
-2.080339861171497
1.209426133203427
-0.11260407845491723
-2.1496040964513417
0.8863050987001099
0.10739262681987305
-5.545401233445344
-1.3367824281385279
3.4427363656110614
-2.8074718237249003
-1.0663321220621633
-2.7626842210975937
5.7857152595628945
1.057235198349771
-1.589680742185077
2.3604447499796612
4.218224463429141
-0.39047287112840307
-0.028594362166971588
2.0882738933552063
-1.2482652313784215
0.5625468320678836
1.8522449379738795
-2.492925461878406
-2.549053988160114
0.5060565062092185
1.0703584734508422
2.3521105565132587
-0.12068032735619268
2.6438103641327344
3.7923038248523673
0.3636829236789427
-3.861015346225523
-0.23805575563942313
0.624561979076584
4.667738602997631
0.24314299263846387
1.4559826569407275
1.6010883512211491
-0.5979695215837857
-5.128153698025378
-1.594831291209255
0.5725796926882132
1.9171119636613814
0.3313812608950928
-1.3696292410262088
-0.48801124866920725
-3.6984717100441156
0.7919699612839708
-3.4022061731946738
0.8535932599678783
0.05555027087376169
-2.1152737230826486
0.10837872189085855
0.0653472804795224
2.9444873196487182
1.9083003421499096
0.4210583980047347
1.9770361679531074
1.1147077522149937
1.3928076448770343
-2.9603129125656724
-1.0634141795266703
2.4499263441037873
4.003728103630562
1.523359436163707
0.7919405375861662
-1.709683334961147
-1.6834146713643516
2.3733107665122213
-1.7412910005174969
0.12697086797584317
4.307044095470013
0.10451572068469317
1.45940869009545
-2.7975410855323197
-0.5854245758970843
1.3372786542038808
-0.9898013665181109
1.2231144151413482
0.5085531231636805
0.5253234176087963
-0.9894760158334057
-0.5527454190523626
3.382218236185954
-0.19507302370511997
-1.667944837937421
-2.0731544175781695
3.265056661269719
1.0535876111074416
-1.251855378683284
-2.841791747109288
-0.9654845993382655
2.093884884985948
0.009284182153589532
-4.400163423950197
-0.8162983929647829
0.6019742264206123
-1.1152759103661924
