-42.91651927768266
-27.424559316132473
-17.240493112978918
7.111145970007596
1.2853600981756332
-6.410985894321308
-0.9179651785709978
-4.594183360810663
9.039002209326831
-1.8911364678466285
-6.963929023127933
-2.5683318408165166
1.5297928888190369
1.0985651219848385
3.5541359246990543
0.763006808025751
-5.121214837353519
2.2211149596647974
-2.759562457413227
-3.292018139388995
-1.7239205327980804
3.4948716671454463
-1.5886125021547346
-2.9050652712579947
-0.7288460498681082
0.4534129128081147
-0.9463831484213441
-4.090494302529231
1.709448296542076
-1.819515341399242
-3.140635292662077
0.2458212216811511
-2.351147409239554
-0.3873984744701041
1.6512363298761226
-0.9408147498898309
0.3376971873890689
0.19930132145271928
2.409543030427592
-0.7037068605627378
0.2985024374087817
-2.44614132995604
0.7331027967564127
2.0942951538045307
-3.9296889480425277
-1.5164646998275724
-1.1133282070807224
0.538701895445925
-0.31615648587485407
-0.20567998936181983
-1.8521818603555498
1.0773731724051538
0.048501457555682775
1.6074952878801512
-2.2636616895332162
1.041241711882602
-0.16976438509310987
-0.8813973832797798
0.3311915514719327
-1.1757307098833591
1.0548730141564515
1.0202800378562906
0.12778952033464805
1.8505950044759596
-2.7489722682540556
-0.7240443049701464
-0.3099975883404521
-1.7542948859984417
0.711257267258726
-0.3228601145566137
1.649253947541763
0.7630137527106458
1.7071140512923824
-0.5344655464386124
-2.2789588520348354
3.195270297524475
0.6939540376626013
1.1868458775011863
-1.1033353879930448
0.3692531079928694
-1.6101746603976772
-0.3956104748434855
-0.8309045315428925
1.801234320713736
-1.1229972962011425
-0.9965820207517677
0.22650494210714944
0.5955180189154046
-0.9251123400576374
-1.090274541982777
0.4117506830926418
-0.09815723730045026
0.29983308078345305
-0.5768491980286271
0.04797273615862205
-0.4495088730179373
-3.391248334068794
-1.569251933617853
1.1977240791860118
-1.0448636054681657
1.1491380432943379
-1.0163439896529745
-2.221883409280227
3.195240712812224
2.0368204369883305
0.4264157941875395
0.03957998892494641
-0.19252715418542418
-0.8411456427931758
1.4865066755299456
0.22401038926791947
-2.2760132694980615
0.005551102969053451
1.8571528935637183
-1.184933942733383
-2.339142193742515
-0.26983779130979835
0.6042841767025957
-1.2332839270288536
-1.59050438180562
-0.21957753533154034
0.22045977128621103
1.0722382951418954
2.050779966541354
3.225125889610085
0.8842216568297786
0.8039782193999311
-0.1738467507706276
