-48.502412212494214
-5.144943928420085
-10.086887655281416
-8.808691370978153
0.9843188572264598
-2.6003203756145004
-0.14946312047006416
-0.8602993069603404
-0.015814108338602778
-0.7745085929869056
0.8278009562435145
-0.12966274189119742
-1.7964454276811124
2.2484061241975364
-1.195129650122488
-1.0141935444524657
0.12945705101204302
-0.41979824148939016
-0.3801535462464386
0.5754699391738394
-0.44797166572645747
-0.425151076045214
0.1306225838652183
-0.1472537836301998
-0.37737407679445273
0.028656717758744094
-0.09730397829697712
0.11200805098165817
-0.31201740846120485
-0.2391129923382846
0.35027567950840127
0.2268002697679618
-0.35233719858623624
-0.06794341764854948
0.16568052287827417
-0.2646842877326677
-0.030698315345502297
-0.25046650047272445
-0.09732744366235663
0.13607499285142868
0.030326143121942012
-0.1819976631372036
-0.06777029641237747
0.0295630216266132
0.1088543473482513
0.4290306848235061
0.3212969664349552
-0.07215422752599754
0.17693627884000002
-0.08416796990395262
0.14121556304121044
-0.02387306026945523
-0.16069712383945997
0.08874570201535117
0.22263801740385897
0.3724334341795519
-0.11478632850863706
0.033691517086019765
0.24840120060265555
0.12120587039455122
-0.25187331383439193
0.1530319203604208
-0.07073633171369759
0.1539955584485051
-0.14077296168051442
0.04753856703382295
-0.0455455077209905
-0.020432264637655826
0.06902605999688263
-0.07713288357460421
-0.5046552641761938
0.31296612060754647
-0.23666523607273612
0.030146113588477547
-0.03679267432428758
-0.2986118704429947
0.3731886056987261
0.1401145035204428
-0.25552694826789113
0.24315399750332556
-0.03290971022144179
0.31320549472746995
-0.04518632286935527
0.3780277051051269
0.21669948841585418
-0.21415806540081347
-0.13030363348770505
0.26818842508628393
-0.2387590588233592
0.020931712517862966
-0.06973396707437748
-0.017278987414780955
0.11858673904217859
0.3823532016240384
0.1532202897639936
0.2686104111521122
-0.23691208638390981
-0.12407301863970382
-0.20437562083853764
-0.12141433119154679
0.09501789030844685
0.2667105653299623
0.10450097113931
0.03536225255882114
-0.11183250987264118
0.2196908943329432
0.3304153269192048
0.45685066490967186
-0.03909492578129851
-0.03733330919320555
-0.28882672682871263
0.09876537612256246
-0.016596102892785985
0.09901808001068527
0.007494338221464357
-0.07332083578528951
0.19942404314035922
0.31489033136356065
0.11305958174386341
-0.1304861407351857
0.06799339033135343
-0.21656395068083756
0.15993144003205678
-0.2150918387924862
0.18271404195232566
-0.0745498429870531
0.00017651651928973777
0.00110856466039988
