-2.9361405551836834
92.550210241693
24.292376771914487
-14.760590802248919
-12.432680700281773
2.4122286405887565
-7.68981681243319
-1.8199919325590634
-1.4161813987586596
0.8348106802211592
-0.3582149643086506
0.6713407828462988
0.5299034047896501
0.3162797068298103
-4.0134176911254915
-1.881567614757356
3.002954896622397
0.7801010072471056
-0.42673366764890674
0.09982318974966412
0.9558914382728791
-2.9767445242303463
0.4487898713987964
-1.9082984277982484
-0.8009383765522613
-0.9145192673614484
-1.978397685896398
0.8297911505777114
1.7397831919036244
-2.0658255682094815
-1.2812362738803889
-1.628708461167563
-1.0764090752930129
-0.6484052125870918
-1.018267021453053
0.9144998922955849
3.224981242549397
1.3966247308159772
-0.8108322169636066
1.5153055335078998
2.3716893741546503
0.606716662905403
0.9450400245707453
-0.7124698665649328
-1.129918657071879
0.3144171751879432
-1.9086076098232017
0.3072480778053631
1.4752460101729719
-2.606596257406686
-0.883597511752024
1.537963987258535
0.5146181991223695
0.23551563091549912
-1.8308026718358943
-0.8058612741483676
1.8962227524685122
-1.0463097086450008
-0.7474100971917893
-1.1940108704568944
0.8172554204306175
1.058504094351942
-0.15725106448715992
-0.5540800570540692
1.3227438618781286
0.6069174942658204
1.7177203765681075
-0.027250739325631712
-1.0614698573168835
-0.07517285144723318
-0.8181189307403085
-1.7205186621088369
-0.2325978502831305
-0.13635651866469176
-1.6913348065676468
1.115958070976685
-0.6748664554983528
0.6879394763831916
-0.05003592166370313
1.373957850713929
-0.06040612889526448
0.34364913420897514
-0.8113642931657048
0.8179176405228077
-0.38374838453139654
-0.05597994834462844
-0.45371538624841423
0.22146657677386133
1.2596862648318403
-0.2719173211976262
0.6851478357616494
-0.023563301216300736
0.175726527697417
0.6840777897612104
0.12874192627272502
0.3836312035901881
-0.14891657212517673
-0.803073001623227
0.8284509483026137
0.31784042680454805
-0.1562654253667024
-0.605540814812652
0.5891222781727962
0.07549015418133996
-0.27160676281724677
-0.3419114736385539
-0.22724460302374092
-0.17839827779963008
-0.002016952137798858
-0.9566185194877955
0.5831999012854103
-0.20700319881128781
0.7947347792044158
0.5820626342291815
0.5921947661384845
-0.5576015884451644
-0.689632683687459
-0.12756064816738455
0.6162491040329942
-0.5836564226056755
-0.29300414332416613
-0.49655134959384967
0.8910946819699972
-0.3337849568566817
-0.43760484829620966
-0.552860669108331
0.37726406689371517
-0.28230305106547676
