-44.84484891120633
-0.5697366625923177
-7.934294095821365
-13.34360882491401
-7.503933552543107
0.10776133795504708
-1.6186965180207644
-0.2755756213999817
-0.6475652323323385
-0.07078138787104622
-0.2799587571043683
0.03174807960165324
0.2054987240961882
-0.43220489077854973
-0.2204625202791429
0.42878034748808713
0.5322388041546421
-0.11260204548023967
-0.3205679490947523
-0.6671824416861686
0.01807631469877817
-0.13123389011721254
0.2349983922113789
-0.33530079157365533
0.14546120249673933
0.2132932198491454
-0.3610589630564175
0.06090132801774463
0.16130090354535984
-0.16493720713726615
0.0805909179109033
-0.0872767593703396
0.02928870828278972
0.1366803105782472
-0.10337418522690875
0.22405719485333067
-0.34083822368970973
-0.13428453917606567
0.33162804424210074
0.05134102464232482
-0.24704195617454028
0.3444305905286559
0.20665931601796395
0.3175908983702628
0.10787829331066215
0.1357538698987341
-0.22640831119776772
0.066956948649805
0.1733903762754583
0.266312058062944
0.021288482276455425
0.348413124651205
-0.03848675491807795
0.0010247948359799336
-0.07619688218469273
-0.12372257051729854
0.21040139984182188
-0.062141404055687355
-0.1481616742572812
-0.08528431978337053
-0.16533347695893544
-0.13086454197948008
0.04899789567979677
0.015359534335152629
0.18106608183961093
0.21061482464205705
0.04366075091154939
-0.11792590734582922
0.09631740761994825
-0.2574058090237412
-0.0562253476657876
0.07720150670179622
0.06019895569012457
0.015778162826648238
0.04856095035535604
-0.057717200688172696
0.25002654398219526
0.1765647588986996
0.2584901674470339
0.01719962904795798
-0.1677074053440219
0.06970108070246293
-0.09084362501086263
0.11773648410534104
0.12508910713491211
0.055316117265448286
0.3944741960810918
-0.3029301606107106
0.17623280690523083
0.13953872514391558
-0.15220118157101406
-0.07812484501325005
-0.2361843791949339
0.22448367023497948
0.04167337616131353
-0.14272961740175205
0.003739759679735062
-0.42420770489764564
-0.1676016144505195
0.2612424376076308
-0.107059402288741
0.09515902326010325
0.22897462449276046
-0.09493596965825621
0.2685430306908313
-0.1618464917610408
-0.11830481523734487
0.16296957434878898
0.025726416622016586
-0.07079366979374772
-0.04844907054574846
-0.09801688376098427
0.11106521089154109
0.18280266467017853
-0.025853314465936902
-0.039214496290158024
-0.03516317561324867
-0.0582051899139842
-0.0002768914703364586
0.148022430024817
0.1436651847108126
0.12192633002185504
-0.1731931550585687
-0.060707082741712465
0.046734634035576476
0.18784965958138813
0.11485811832060358
-0.09795512667542816
