-48.12920547837338
-5.371125388534643
-9.980819775351433
9.61671217307965
1.7281377753989253
-2.739473548441441
-1.1304162923004728
-0.23983833906963675
-0.9873947579122626
0.10429749719870218
0.04787869308059578
-2.991157516899183
-0.29469140524676896
-1.2808940297421068
-1.5549967363945696
-1.317727111970968
0.9273306226340308
-0.4394448098808066
-0.685925280623554
0.8581622395365002
-0.40898100774902296
-1.0757149776165815
0.16447490821354932
-0.15417564762877653
-0.2911178701739035
0.09669878215072086
0.405635659993072
0.2111233669179251
-0.46021337937726814
-0.13625304650583797
-0.7510651824782526
-0.20181707976181476
0.4796513957850308
-0.17660121434561288
0.02987380826914776
0.0003539448980356408
0.28052896538742844
0.2384271555071125
-0.002359585274130993
0.2828431119847178
0.11057831199641024
-0.07396369010097714
0.11506385584133624
0.17999110339360033
0.2155308887870034
-0.13047627509237386
0.10394058128686884
-0.16541674961789232
-0.07821957537796043
-0.18434274957980928
-0.2405224402263701
-0.23433248831698694
-0.09044411466718984
-0.030072876980056507
0.1013020987635706
-0.09452690657132201
0.09432367781566228
0.0745512834422091
0.16538402006067654
-0.396259190297002
-0.196947397617946
-0.1586583510480515
-0.11514395568826566
-0.21424699300328715
-0.41291653492253394
-0.05984587091788976
-0.22308708882045192
-0.22014218995465554
0.24864680332432426
0.0905186004645614
-0.05943242123342838
-0.050947803855796836
0.43724358168147065
-0.005903316579788966
0.13527856614695286
0.0883419099817157
0.02593186945815859
0.09902489022459099
0.14608396797216056
-0.021887749524620997
0.028347822627926733
0.036327417379082384
-0.20009283129621513
-0.11037448883343894
-0.5205065699741872
-0.02745932415884916
-0.17488179981258373
0.1110570238837567
0.16889947818766987
-0.05018684978592802
-0.0608796063385275
0.19811246392221954
-0.41848018415159877
0.3679718973307527
0.15723875270497129
0.10860169735045774
-0.04925714429949335
0.3427525725690385
-0.0682526301360199
-0.09140391440959966
0.07242592773155232
0.07062354516971542
-0.10394760675060577
-0.06180504049369652
-0.06883869811481927
-0.04100912610669147
0.16580672696053805
0.23732154452781193
0.19151858863107057
-0.11110680968172708
-0.2354126748992029
0.09438309792024693
-0.01963773518494874
-0.00036557442243094485
0.28727963642549853
0.09022276061712661
0.010880008474906815
-0.16138171602782916
0.10046741322239014
0.1037934221860996
0.4856480320591421
0.08971027854429141
0.15157020690450348
-0.11556981544652527
-0.07652723524475767
0.21773105193459946
0.1650671912421462
-0.1587076582912191
