-44.89114685517362
-0.3479256210102891
-7.724211170586968
-13.288197476138464
-7.131638964659227
0.10242183381312457
-1.6969718799332436
-0.30538478895872245
-0.68634937364583
-0.15377726115855933
-0.11710916610941943
0.016508796921588104
0.230965800587852
-0.41165128371507537
-0.17805179119465442
0.23171347900058029
0.5793655213782352
-0.16769190712648316
-0.45330821137212635
-0.5263503872808758
0.1458379788757625
-0.03748581579790065
0.3636707546574478
-0.15054879941287155
0.025176034588360416
0.11777094097608952
-0.17642907867088553
0.06412160611434553
0.13013270136003605
-0.29782927646994034
0.010819305715939878
0.009625469968406873
-0.16470367350304038
0.11193189099643575
-0.18573423018581026
-0.05393009449322783
-0.44435543472718564
-0.14260913684935234
0.37726445666321384
-0.11695888167791174
-0.28588252308448125
0.10960735786875113
0.32065729453885994
0.08843153460284581
0.16578185909067347
0.2511434939616729
-0.23835140335716068
0.09782667060564296
0.0061688997901548775
0.10989024201796038
-0.05096661125396179
0.35919389961523474
-0.03835426454569969
0.10151369283939513
0.020999256034328874
0.1385095985258737
0.2858783941665183
-0.15485652691117013
-0.14401299650503002
-0.18063724575267592
-0.01320158606218022
-0.015922726874974202
-0.06730576571846235
0.014294361247490544
0.04121331052243635
0.2356138278613982
0.06306584311762482
0.056387469038035154
0.18884088790612313
-0.2083693302007257
-0.06959988636345486
0.03441337238327957
-0.05038457607863301
0.007961710690206049
0.17229203349253333
0.22622502235907999
-0.005908721402375137
0.32597768401787736
0.01654720470541047
0.0322015975730466
-0.19980788647925854
0.1453359181371151
0.05469387705889679
-0.25061099875738546
-0.26630424019072435
0.2918340185289072
0.14251728739819178
-0.09871411635326832
0.05766387057971546
-0.14622113126409092
-0.026028119633502187
-0.14127699125688256
0.17543196231095448
0.021453834390488494
-0.0009216575786912557
0.14426306980640233
0.2619968855519061
-0.20815971401620562
-0.0455658656580547
0.11948331483989061
-0.06924782638883067
0.17130321263992565
0.055507046328004586
-0.014788446696187972
-0.08835296055013489
0.00943104706794115
-0.007990217967268717
0.32988498521163623
-0.2566767795854925
0.4799989991250638
-0.044390460086004016
-0.013158413067628577
0.09587415771838192
0.015355485043646314
-0.08943345862861947
-0.11562357350732576
0.016902528867241338
-0.031106038002782322
-0.03892774528046995
0.130208398611349
0.2210836225375021
0.21694592434399304
0.11048766539846183
0.16602339883326295
0.10478991002967054
0.05586260002577686
-0.12362653545118453
0.2126786989198738
