47.83733043938776
-49.50090858357695
-5.86297993755337
-5.942654007649745
-8.578577858542737
-2.319326887888153
-2.0189523987740436
-3.7659300167824172
-1.0678280731932883
6.3589309342837455
4.852881061853716
2.4526262189879384
3.384023665508207
0.5241967282087764
0.31731238292069675
1.4230080514217558
1.7374079347550633
-1.2542316387597836
2.530747183849543
-0.4508509214821019
1.7721850623445428
-2.6661583056478575
2.313733570741553
2.035518516161268
-1.4198585718929948
0.43547475945056924
-2.650097915879307
5.087248764811168
-0.9446669590560836
2.7991472999635154
2.551102236193758
4.203161037454385
-1.091398279522346
3.2084916911627586
2.115912716828492
1.9906372437138806
-1.6206258890950114
-0.734296653929039
-1.8098071802402584
-2.308539538138011
-0.9771670833135395
-0.9892369052478337
-1.4783989937825797
-1.3801614444220895
1.629418127038421
1.9283960435674976
0.5311764237166784
0.26139709670603345
-0.8629703160851129
-0.36181594646763904
0.05588276116215289
0.8125350935765825
1.1998928468196122
0.5562790305355086
0.3875979748364313
-1.796415477618203
1.9440456160812636
-1.6109723658320771
0.31290972380159665
-2.0192399826162055
2.5656819442557883
-4.287949921398261
0.3428790276443663
0.7848936912215667
-0.13662412469791102
2.6416508805663192
-2.67206006642541
-0.013060069453616194
-1.3551062217643195
-0.34628106810529413
2.0934280282789315
-0.21885949232177013
1.1064098766637898
2.194613418471601
-2.7925221368226585
2.4254302529887957
-0.693490416505408
0.34237226363745266
0.734290778709695
2.0829303203121334
-0.6993734575240639
-2.015023273090404
3.0671772102236856
1.3554616369519135
1.041411976225704
-3.420018170788075
-1.6809652515590983
3.7645349879959666
-0.26250346650143835
-2.6854174222378644
-2.8909768941860423
-4.501582631120051
-2.186184699001456
0.28688516468003233
-0.5844286984659172
-1.2177852093250763
-2.0260097385175797
1.7456257288577401
0.15434811678603733
-1.580317819560471
-2.9836483760937376
-0.12291332438166022
-1.9055925965357523
-0.4272890506699991
3.0381991286347825
3.8693212787606854
-0.12619799675236848
0.6537355702948887
0.18465075210994353
0.9632704510354477
2.511486313848591
0.07221798804929674
-0.4434716793014157
0.5943976891335871
-1.683196810594762
-1.9039788025373006
-3.0721356825259023
0.5497990275359023
-0.3079344012619849
1.7708223793342557
0.6609517990621951
1.371503730539947
0.9563028185005283
0.6481224748154191
-0.13608438034374865
0.08562231362002783
-1.6407751938100334
-0.7700951959961183
