-50.64831862211006
-3.0384693096979936
45.57361214993058
6.54917335249874
-1.2170092333547156
2.800054275028171
-1.049908460365482
-0.24417638872909647
0.7097732774173284
0.10998407641869168
-1.1699657149205482
1.9290758526987852
-0.6900657231395435
-0.05252098062044286
-0.887598948248991
0.3958911386034696
0.09371491871401236
0.3671588299135532
1.185185185342157
-0.20312780418736365
1.3805587094007299
-0.09119696231384504
0.19839095030817117
-0.2989711188006592
0.3719263901642571
0.665725034488444
0.16290542320757712
0.25798908647052876
-0.3962318953808099
-0.19548963664830887
0.13475772258778185
0.38374940196958984
-0.004251439959261194
0.5297223051213513
-0.07244802906259591
-0.14868831196311447
0.2607994597435095
-0.32012528291513115
-0.09528976789006766
0.24000311047147913
0.2464060481237878
0.22351703149646474
-0.2723123309371137
-0.12687362510354724
-0.09987545247416453
0.11994976623408671
0.4982190766013625
-0.1547615841577712
-0.08186349875469268
-0.22090051370052433
0.3241350239068021
0.03444138108421274
-0.3224421610883905
0.18321825392464042
-0.11819048000670737
-0.13535897043644085
0.1529011826466048
0.3344942808740001
0.1215976602155244
0.5025344631983772
-0.27605033775722165
-0.13205874023055783
-0.20826195783752557
0.3460909354430623
-0.3845533392933432
0.024720063083592106
0.22468878087351868
-0.13853554120606462
-0.08262209109620629
0.34506677844402334
0.24018813044899884
0.16125481950572404
-0.09003422439236416
-0.26033801642729976
0.1332980841656156
0.28886501847002477
0.17681657962827707
0.15836740822986978
-0.016963812219304878
0.18991403169513169
0.2772235063601638
-0.2619517888942605
-0.08829937320864076
-0.12332416159687513
0.049105053349852434
0.06061603143957145
-0.24282414209824574
0.303111021812492
-0.0005354125022437248
0.2505235351576252
0.015382942256265436
0.4318337424665229
-0.026105559037178133
0.011915299808796381
-0.20733447830867793
-0.17029224380791935
-0.017890054400961447
0.020308301417190894
-0.07531231548782032
-0.1012686614140158
-0.167752555342736
-0.01937470045901722
-0.1424223321228251
-0.3772223587183486
-0.10419559831984959
-0.1899974220204641
-0.18170998561154156
0.15672633659696675
0.25272062302363624
-0.14308660067747064
0.1528854044019289
0.11848679450704616
0.21106567893166794
0.06465344872305996
0.1106745969639198
-0.051082203180256164
0.19779312210780142
-0.06394896537772202
0.06641945542683649
0.1003562603457501
0.005756776746883949
0.018210668538781352
0.10489633272677958
-0.05811614083332661
0.02930821474841841
-0.0881775844418127
-0.35733814277922876
0.21689816157528619
