56.45050693299149
-48.490068222250805
-1.7604816180077256
12.69193263079192
-1.2267038186200683
6.833925484254653
0.9279311654553916
-0.5081972874122377
2.452903057543745
2.959958935166545
-0.4279753456142814
-1.6809795582824978
3.1872611002664106
1.0062728014024753
2.7629682669946827
0.3395488312918637
0.5738899473726695
0.2468443220824593
-3.4438296461420137
-2.012129516270611
-1.1486670865827546
-0.3199708645997382
0.3422697775910424
-0.10454292082037234
-0.017233836107730216
0.7496890719059651
0.03945722402974213
-0.712154722150677
-0.7127093972272647
-0.674259865535292
-0.34624105890717005
-0.7103765052028568
-1.263993646577425
-1.0953179972625136
-0.5438914306229521
-0.20516345829927646
-1.4332466749380024
-0.7306226527349613
1.7065992055707808
-1.7578971596844204
-0.05687657518214914
1.1587907414752046
-0.9398059222982289
0.7068417964866842
-0.5205006119849112
-1.8316036109233225
-1.2639196630447518
-0.3845773425677119
0.21052501024720713
0.15583436618341426
-0.5307369228150968
0.10015534869324899
-1.3922802672473011
-0.9883430740010615
0.6123018773963497
-0.2185682109874897
-0.4395021870690258
-1.4543842232478899
0.7612459705331552
-0.14891255809130594
0.195921471188531
0.3080493944910443
0.3526394777161122
0.47835458807956815
0.4711665242223362
-0.2793360162237767
0.34063312503033283
0.5594008021257189
-0.9333789638799502
-0.7575271639108692
0.9663532434474318
-0.8929295286280254
0.7366666215303487
-0.268766278880856
0.2644173354437517
1.0072168611799337
0.23212621400216246
-0.8017042018468923
0.6561382660698912
-0.13757555737270466
1.5544855209241062
1.0789215938805303
0.16311775598642952
-0.20314195536754498
0.9048271658272737
1.1255748427025771
-0.6250680977315681
-0.16174072978070997
-1.1597267886299818
-0.29647963373697384
-0.7110233680026747
0.1973898456003515
0.27689826575261695
0.9375161248283805
0.6303885151319584
-0.053777966054440754
0.5525181077216037
0.3543296526504233
0.7159018921975936
0.9184317556445112
-0.16558901081809924
0.1956224845642591
0.010501623921783262
0.3963662991428174
-0.23050034591534063
0.9715426733996059
0.7671057348823268
-0.00798320565971919
0.5149958555079892
-0.5972544588381474
0.42538956911498405
0.5709759221849954
-0.07807416729505076
0.8052255202723527
1.4774988693806452
0.46271158966197623
0.06761139026091545
-0.024945304410984
0.09634356716935405
-0.7456138814680198
-1.116053785362081
0.6309505969347013
-0.1650856224528855
-0.5554531731454263
1.9498120674282429
-0.013934715572809626
0.9113946354648549
0.1871858859788893
