-70.53613097572185
-0.2745971228138727
-5.428140142947548
8.117180744150817
1.6984172961765955
7.987546050330473
3.2624272140077446
-3.9546185406898475
-4.573193555986844
0.0006069974791645394
4.120722650943115
0.47641200132830946
-0.010353630274181172
-1.845859289871056
-0.4432544006819622
0.2886591151928838
1.623818424089305
0.9615064252486536
1.5560788068882518
1.8348108768912836
0.6630266094033106
0.08543834028769443
1.044456919171461
0.7536484047936662
-0.21962885387468212
-0.7735254434488743
3.9291980429734785
-1.346855149926269
-0.40017328050269235
0.8578152432509107
-1.6268359662302447
0.9609462610570405
-0.12467439961367922
1.4235293678514487
0.37791885861664154
-0.8494811090559199
-0.5014127090207192
-0.9827212737391267
-1.3217671273709506
-0.6084650274703075
-1.150491819389565
3.1795847133714195
-0.9665600876257139
-0.5506835182158945
-0.014876797114465573
-1.5853331044768535
1.1374136802156398
0.3083355503786399
-1.3869746785000823
1.7838969044490305
-1.2022335363495746
-0.8237487846906519
-0.5797407464887117
-0.32074937185536423
0.04490269959634226
-0.9607459438158089
0.9245745467125385
-0.9603297844938421
-0.4776425959997266
-1.084700831549934
-0.3412229712282486
0.8624731193631899
-1.2912721822911442
-1.4261182254598561
-0.3496003128595213
-1.511104751651158
1.3003352488607733
0.6017918551622674
-0.47047234559534784
-0.7324300709615711
0.41297219703889965
0.9384585125608746
-0.303274165119347
-1.8774618987450604
0.3161012058402504
1.0913780388555052
-0.031060254818085026
0.37662605420840023
0.57400248182478
0.29866971108657375
-1.3136598994306006
0.37653551938010343
0.9303606065835937
0.7236454360398702
0.1300710827630339
0.16771762806741208
-0.6142060673196559
-0.1183565100243032
-0.36507169636528225
0.13394962334699412
0.18384166891524217
0.9165145584466339
0.27174846346909587
0.49332556705950364
-0.08461401698650498
-0.32247431341036376
1.1219409346224125
0.760783994901815
0.23390941336886728
1.928037716813529
0.9708212134113864
-1.3778859506422487
-0.2863533716133861
-0.853801580787464
-0.055991840016529126
0.2508131178240761
0.4004006071395464
1.085062992907844
0.2688194160627773
-1.440123039591189
1.2913248745645105
-0.38976116748864054
1.2085701833227585
1.1450110469851171
-0.7380147069439147
-0.8654308049504682
1.3879530732591288
-1.4999179133994711
1.2034878041582708
-1.3642829282654279
-0.28655685354811955
-0.057547353204190854
-0.013426072260251588
-1.9574998438632303
-1.1304774844759802
-1.0770527416791849
0.8896973365580408
-0.18616901562398813
