98.4967260491156
40.03866282966045
26.011060927713626
2.752272561384758
-7.800343684709957
-3.689599366835653
3.7006120825981843
-6.780796281065169
-0.7829280694489968
3.8977841511360825
-1.5422134989150829
0.49485232348193514
-3.0230336562374283
0.24807637805640087
2.036403773318876
-0.2839245687162971
-0.4156610253390985
0.6399674759073684
0.20061484857642758
0.731485085712706
1.4436957932000343
1.3359525006411146
-1.7992522305678755
0.8115444101270716
-0.4683476375724998
-0.3509011078077738
0.26721724914016864
0.8131993300787076
0.006796830053796485
-0.4075076908102344
0.10691076694383363
1.507930805746426
-1.1731704898085893
-0.9147448497514968
-0.7480603014582567
-2.754715678266074
0.6499176028270025
0.7717444904541634
0.17536544332688392
0.5128299997581091
0.5775778469077516
1.1952244063714255
-1.0430794307363644
0.16095699608020655
-2.988551218550368
-0.8435050067648926
0.5947862672274493
-0.09455664266907936
-1.5686370956891402
-0.49039672161581455
-0.5959333577772117
-0.4976825255383762
0.599545382540524
2.0776408829514526
-0.3453552393237094
1.748251445040982
0.18686683255019443
2.1255595829761758
-2.7132969569698484
-1.9058959381086618
-0.022496201825243117
-0.1354015919119877
-1.1789922413305909
1.1140145202513931
-0.4499796550823778
0.240489190248502
-1.560892490938705
0.9932665634409681
-1.3017695068149844
-0.060359385799482024
0.8129048455658034
0.5304415276878129
0.6563413886502647
-1.896812737359478
-1.1180055860418228
-0.08067143873477944
-2.4285968807288083
-0.700688122886133
-0.7169226839485087
1.1031915617115038
-0.9295363534272439
-0.2524228179364054
0.6492693998842936
1.1574662767965382
0.377976887959272
0.5182625500140914
0.4307105007508872
-0.32757827661487343
0.249460788841698
0.4010295524364442
0.26322718003282575
-0.8375999711010845
-0.6328143298300092
-0.7629804067919496
0.9192837510907065
1.5392578423007772
-0.39497816621550663
-0.6739726626431403
0.5478664648958612
-0.4608138348137946
-0.5602872078506526
-0.11705209326365963
0.12655261766720655
1.0580682508318666
1.18112586987372
-1.0403104907794238
-0.31880813453038576
-0.04420680710938746
-0.06577767184811487
-2.476034980474475
-1.712579513776965
-0.8376285540316187
0.9050127229751248
0.12427468948324805
-0.3200939667433387
-0.8582452319510407
-0.6494351725856073
1.4864217006580838
0.6038802167033592
0.43275045151710867
-1.410606321433482
-0.0982998860896675
0.10166522635837096
1.2461288932007333
0.7451102037647015
-2.0887934654995703
-0.6742414304017301
-2.234131857588305
