-45.02536243118168
-0.22628286122332977
-7.57459572321813
12.400656388392106
0.24334895029996906
8.123004005429035
-1.9290080025989056
-0.4559599718856159
-0.29383107865081376
-0.7654660370232593
-0.07151952126841365
0.23506506650959128
-0.18865839652938532
-0.0347190485850454
-0.2810421547583052
0.03672802526490407
-0.35561991512616997
0.07157418608926497
-0.14385286078810283
0.4547880966183304
-0.6130590102517735
0.19257535936424328
-0.3994697134237419
0.4517636295097991
-0.39387618444881545
-0.09651066411567508
0.3113893129444538
-0.2283269190580409
0.10717586892931188
-0.34012917076859583
-0.1767099258842446
0.2818611619929369
0.33780405540372355
0.18747809754324593
-0.03369568175916576
-0.2698231704215157
0.1396340282371558
-0.07218747251795268
-0.6491492856406852
-0.21487727541729001
-0.12602932896090488
-0.30012894138848917
-0.1256796544537349
0.6041343028449311
-0.14986982169768048
0.25624716827992317
0.12784775882719276
0.21632601999586373
-0.07158173609888618
0.25429038958843286
0.1766179365035667
0.1561038052784019
0.21055165558093514
0.08849933427894124
-0.2473227484493814
-0.3547524478812958
0.02230122044476622
-0.12968211292232482
0.17888269532995021
0.33593232899322384
0.10898514305978194
0.22186401313154283
-0.5078255887720261
-0.09220903147512463
-0.19347302728649104
0.06614043363207377
0.10197227638376564
-0.23229564585749862
-0.13543704615356136
-0.10795750205163782
0.4072780235569329
0.14522004702662497
-0.23060240359165785
-0.12990150569061598
-0.026465661726611453
-0.057324587876394426
0.28586262345531904
-0.09795662547411135
-0.14324288793365955
0.18922353157285263
0.15915038648047958
-0.009795278536551086
-0.1406720330018095
0.28047870889174004
0.05583107303867915
-0.15662315730346626
-0.18725453032727996
0.38949210660823647
-0.18117481686442355
-0.055278844636390045
0.03428896522661859
0.2458220970276498
0.4384419595214028
-0.13474733067367642
0.3256812139305096
0.26838288892689743
0.015623623278186088
0.20346199343168744
-0.009001311520953757
0.32061386778331086
-0.21575124347635805
-0.0986190256872177
0.06853772643553932
0.11212351751410189
-0.0871040800654777
-0.00991326108389137
-0.06150606269754876
-0.05235953789327867
0.19136706305406187
-0.20556651940690568
0.012416624647406928
0.07183476560193966
-0.05884615630240994
-0.28411895037190726
0.030414290409454058
0.11572619726131785
0.12385544983909287
0.24319074598885385
-0.16420504168336678
-0.054555540873102853
-0.026353566167382946
0.13399798123903162
0.06404120014895621
-0.12253436542610693
-0.0542746785988914
-0.12496242420769614
-0.3936204322998476
0.09078160438167268
