29.703322999242637
79.29968561010234
45.30028685455994
-9.886447592745377
-7.842933828201551
-1.6225301951717002
-0.3287345017037138
-3.5286192596892625
-1.999568918441339
-1.5420004286901998
2.1280604309242492
-5.117465922719962
0.6271802535466773
3.6820888875537863
1.7987778454715855
-1.814160938172854
0.9427317122896282
-1.0043336997555499
-1.9067195971131352
-1.4166801837158873
1.0070169222295686
2.52345930293715
0.1252025879916993
1.1827854703583447
-1.1091005597845542
5.337826906038248
0.5312164022227609
1.3284323783439422
-0.4922391812556188
-3.9741742218135334
-0.8011326878029982
-0.6710694607587858
-0.7936676794216961
-0.16486947631509544
1.9459664691095888
-0.13008083821240046
-0.704875599396444
-1.6750314895153198
-0.3288400496449332
0.38066972997689974
1.067979282512201
1.213322744301106
-1.0879122151361198
1.146406784497259
0.025400550492246862
0.6336449310721805
-0.9809742247954701
0.11697096590758188
0.2682570741767706
1.995509327217142
1.2636019966018082
-0.8305374747635192
0.4734851956135285
-1.8109952124788118
0.012778568177580885
2.1588511416944063
-2.7819918966332158
-0.9773985348231822
0.8146690237388617
0.9227642936911525
-1.9306148963296343
1.9306739041784235
-0.5294698189968046
-0.19370719521924268
1.1659553563465992
-0.2859002882075145
1.8795100605258748
-1.5391435918297403
-1.8835994966839962
-0.9849441289767367
1.262369926067123
0.14210421780666688
-0.24583949629531526
0.4014095115399226
-1.6340163270941148
-0.17440177386471226
-0.029975002785173746
-0.002321681066294913
0.5234865808817893
-2.3608280480561836
-0.14495139438172788
0.1393493579426809
1.3799731755702627
-0.22679096573357976
1.066021467673731
0.24167552597713773
1.3203633226018927
-1.5225182055012414
1.5090165839268233
1.8838862317228846
1.3169045835212638
0.11762476362070073
0.17849596215589147
0.36473115260484923
1.376254593618799
1.26151482437168
-0.29557534480304876
1.4036204099129195
-1.3445345583007544
0.1744221260433828
0.10542000671767038
-2.446707630222098
-1.4578608799417416
-0.40081918710347986
0.4388860294281841
0.7045736071502143
1.6533033950583516
-0.8937985833322881
3.659061865302586
-0.05228549119978337
-2.061172578361804
0.08666943063893912
-0.16359963215090692
0.90387563107842
-1.7036175495702957
0.715337954161873
2.690036333758098
0.11293317920001317
-0.5591971354704987
3.6631515323036936
1.8438670924119767
-0.3185563436810167
-1.0657851175330377
-0.044611455685848
-0.9566921936575672
-2.2716001486500343
0.7832000467233745
5.210107006709359
