108.82815964524842
24.55416690371298
29.420633212819208
-9.917637687660623
-8.628626046604847
0.7243727179049343
1.4447253554524744
-4.7088820764834995
-1.604226621503589
-2.2767621178606166
2.3044198828995124
-6.662429880227976
0.8431256748761927
5.940152468357354
2.5312581870676576
-0.9295533349279267
1.33948103916299
-2.164253888283172
-1.2136771911113966
-2.1438341335458793
2.1171789699289545
1.5691700345291486
1.3479571011757974
3.356425258062592
-1.723813589947062
3.874729111086665
1.9956529561851168
-0.05071123393100496
-1.9760901858565239
-4.037807488759787
-3.057757050619317
0.24313832720204065
0.8271149589587028
-0.5599645599360452
2.620045645555871
-0.7708138111018213
-0.2288038721395682
-0.18876715234003938
-1.6285069451651712
-2.1507884468809975
2.3293917100134265
0.7086651121049463
-2.315339183764346
1.7188413124279096
-0.22699130655022134
1.4248249527198582
-2.338345271181698
-0.6061553788782424
-1.322922742591432
3.0656928698595824
-1.020042782095995
1.4456694626708302
1.984065406550115
-1.442909994319105
-0.3319023982930456
2.0534232971203092
-1.3034838611685393
-0.8223829303073171
-0.06321610498575415
-0.02968537425421329
-1.6920747290840399
0.8070254073499692
-0.5016406337341798
-0.18114942977629284
-1.6273320736531314
-1.918277761282965
0.0828958335389957
-0.6880363232815743
0.9585129066332514
0.26940108521503825
0.8105304074748245
1.8722241075886858
-1.4134519366930507
-1.6331769368326499
-2.698799329379449
0.1387572528411159
-0.21247073501708313
0.5979480735055127
-0.7877203459799447
-3.6061426868076905
-0.09046330745730381
0.7415963106622534
-1.5642550748286945
-0.8262632949951587
0.234159968852417
0.6743686308193038
0.5151724719135251
-2.6044463060060448
-0.9346151878915744
0.8503628315692561
-1.4594231827732993
2.2516969214694305
-0.2584639392678981
-0.06967167065995272
1.3570029598712259
2.164739557391785
0.6572843817489453
1.3414308140536069
0.3338978478919298
0.7163563638654126
0.24894426432855377
-0.6089971473950395
-2.2377535147791745
1.1551069677986827
1.2329956485646056
-0.8477836180648586
-0.4338161839196826
-1.6732306367559677
0.25869990273057814
-0.9423703886304078
0.1684902184317136
0.23472583764433147
-0.5478703064204047
0.09537471857951742
-0.8408638179988542
1.1082090961698055
-1.979272410468345
-1.771297552388575
0.4669825404843938
0.16988503208182526
-1.5159179044311684
-0.32075137325346437
-0.2245681825396709
-0.12176305450948427
-2.0318852398571625
-0.6957273401552749
0.5437825234726992
-3.8507202393434277
