-45.00305881673961
-0.2790426684306281
-7.674050033153865
12.676790826761554
0.23205199982548158
7.7527084280321015
-2.1456610060908585
-0.4403007628539011
-0.2578388344686619
-0.5661219084670989
0.0210327031774436
0.0865341300450928
-0.2599727172397135
-0.06477262306196363
-0.46290602097475797
0.04826803812983699
-0.22426724653296629
0.027152155306427315
-0.14512133454594048
0.2779116504020056
-0.2516202079965447
0.3152083694875319
-0.6622134922290903
0.23506011567382012
-0.16720297040404025
-0.022612331346781325
0.06830440032267049
0.02167440041762682
-0.17397667276139955
-0.44627726445110916
-0.18692058764686126
0.2295897763177232
0.3371115990838608
-0.22409838974888524
0.07506601559904444
-0.5245025706881931
0.38799100420105503
0.07385261822228552
-0.40663624006291654
-0.3497842307928858
-0.17525659785968495
-0.0994033199435399
-0.3891996578332744
0.3258164447450494
0.008471502526911298
0.026323114244014907
0.22794465116677734
0.20913224615627424
-0.1426464807923061
0.09553844853816154
0.20718667033937507
0.08999439025037438
-0.017321710478213813
0.024506106912322856
-0.007600313380563554
-0.18274146141217354
-0.2605047776870687
-0.19872906931364515
0.22244760413391013
0.541925986299011
-0.10615066065605186
-0.002280875001784838
-0.28831329091825647
-0.2960639431106078
-0.21826160316443335
-0.022033967752299342
0.13056688861474652
-0.07711619626716339
-0.2463048810895517
-0.04812007889055086
0.43830383309509
-0.007964409257341914
-0.25361687637171915
-0.1412169141412159
0.09523565284912594
-0.23841132678868404
0.30003480864712245
-0.21952326784105963
-0.3764671741406846
0.09105402944433422
0.08615091546068006
0.18918635285370397
0.0086534116136846
0.572527335746104
0.03058921840026236
0.010782713082098543
-0.1462541042932864
0.1785988648682545
-0.07762974542778878
-0.22056077492112036
-0.4615269595974673
-0.06349942867921375
0.29180396551125254
-0.1193611890377473
0.032980842679441374
0.3617264234666712
0.14951973218271358
0.15185720122758203
0.017879294006725405
0.07240655790467009
-0.13018353201637117
-0.18651080954843327
0.14389460525691078
0.12086044633517412
0.16282182687954477
0.4107664400213204
-0.045000178030400254
0.08046130837947399
0.11593070366360617
-0.36498779852075863
-0.1255727393253569
-0.10035566525535672
0.13246166260782918
-0.4899251658803773
0.027182724078194505
-0.09420776489730345
0.09058828496752563
0.29069349823355906
0.15637812777771656
0.1775319209075096
-0.045882237929195394
0.0914302730980476
0.2033352729371446
-0.13882759119272542
-0.10314166397345469
0.11900756053969164
-0.26032806300397693
-0.08435959491637826
