54.70218165197988
27.9034940202214
-54.62813838749192
6.387623940614976
-1.3250821295132824
-3.3208201660930743
1.5867378470980686
2.08205990838054
0.7621808791063107
2.206723317454281
-9.029677963663193
5.6762999816829005
7.342558755217624
1.5309320920139489
-6.639579750803621
-0.23995928822457924
2.6108016327877657
0.4526156234306841
-3.6929209092099673
-2.2439153583067175
0.3000011668774559
4.230071704521762
-7.259470950463513
0.5908390213636584
5.533766317267398
0.6541629462243328
-1.711222806206423
0.8977957292292191
6.511828568946049
4.131842817685757
1.6595186844318868
-4.644490197529341
-0.7315637496354808
1.3226930230053222
7.285328611220487
0.9273551399262319
-4.052308468885027
2.3467420467302293
1.996485263245433
6.621822676570208
0.6389595314952098
-1.0818370085453126
2.448911622417032
4.077564898202292
-1.763374476932732
-4.888405720524142
-1.2842258240735371
-0.9485312753094062
-1.8168026352452664
0.5147858625236152
-2.0776599778439153
-4.621100640084404
-0.7399025723070953
-4.054051830938483
2.7533947553949405
2.043221410594162
-5.4562455946932955
1.1584520950347248
2.1396059210139367
-3.370747370243352
3.660667339822827
0.6649535047945543
1.714345080440623
1.9523930788139605
2.1445214180040932
1.6589576248461464
0.949803467281712
-5.045600781695131
0.8722414028038323
-0.40547282352089364
0.6626520550834459
3.556485944719961
-3.322390201350294
-2.005158974979043
0.350842620969579
-3.8161976360369643
-0.7443651659479051
-2.233478434556904
0.780777359176605
-1.7174337010446303
0.6031330024041783
-1.6775185369249435
-1.4135803024107128
-0.3406288701012034
0.10458786015253457
-0.06789983665856075
0.6383292943676389
-0.4550606767958484
1.2080101367271237
2.715806818632311
0.9714452425881012
3.051246483344252
-0.7889128342536543
-0.23412019774249626
-1.0021522558909868
3.0767248953869304
-2.547065780862278
1.1099263270415092
0.4548461395639485
0.6469810438041065
-1.3551827597984734
-2.613588428344137
2.397901904006016
1.7147671666254825
-0.943579893770235
2.079916007914759
0.023590670389420143
1.8587193705526124
0.29858376492891747
-1.7777865548933358
2.28204001461964
1.6844480879073027
-0.2951991570365237
0.9964178407756111
1.1764700221210842
0.2187255599333784
-0.8459078302433957
-1.7390961729822827
0.8453198254976331
-2.0948075334669127
0.2800623200750172
-0.43419487853560546
2.408446876059483
-2.3260117130319338
2.2650314274682377
-0.37625028916467357
3.4833528875398336
0.28983145481454725
