-40.380948532222504
-1.023821271724776
-2.4902740379008255
-15.193999209080815
9.738589844456483
-0.9123704068659205
-0.26985278862120926
-0.9796087062672966
-0.43085192811326933
-0.02056324056676559
0.4005566661121742
-0.013284681369111762
0.20917775657755092
-0.025052356630751636
-0.0008567246836553299
0.1701482921488623
-0.2781687914706643
0.6536333968566275
0.3091400602705243
-0.07251050122208438
0.07103996843934293
-0.46953878807862226
0.21407721961855014
0.49940294671538266
0.36033867713955503
-0.026490257375523442
-0.0021613773643289758
-0.42391217122016084
-0.33369544578799537
-0.2075576400227142
0.16409127770462428
-0.29897785101462027
0.4616723683358019
-0.47069373384842317
-0.565669370614635
0.20981556458970624
0.061126170414177144
0.05104132410670479
0.39445960314602324
-0.13682666016699266
0.49672415534665676
-0.15623495811473065
0.13264922160798703
-0.10208173219936947
0.30823286711243714
-0.17797514709530418
0.7311568815675491
0.6951630373572822
-0.3149812936543659
0.07609759248570033
0.1629308799216361
0.18143549179110052
-0.014870950371478425
-0.01802438567759973
0.15972849825506089
-0.4099577211049584
-0.29714708352638086
-0.3451392423810016
0.0704098653469083
-0.21606208195743498
-0.09587613807191386
-0.375933766630633
0.16556578432904678
0.18303812974388914
0.14723666255372228
-0.6886949639719273
-0.2518585090551175
-0.20771523526408417
0.17593034457945073
-0.16265723109768349
0.10424343450302567
0.10611593872366555
0.3219196084918183
0.07307649548300357
-0.06279094318672837
-0.19057871634780343
-0.44218055936604
-0.271316650412772
0.3368679386308846
-0.2895534563279222
0.2995291333130165
-0.05137091281706932
0.33609245977971147
-0.160891823430855
0.5551648044872024
0.13524243756505444
-0.1002640503515236
0.18895610927335038
0.5597904680008116
0.12489225486951633
-0.19121993551008354
0.2696184995328528
0.1661457771000355
-0.08678172999214731
-0.13509626304575234
-0.20916918981103005
0.12947699218307074
0.22323174495611697
0.15723091984135218
0.03192569973739025
0.05231017929009072
-0.21664155512551064
0.08584311673040895
0.1584719089890835
-0.23908853501631822
0.32982709372746377
-0.29240389065816946
-0.19878891020921224
0.2781893372958537
-0.330224279160084
-0.3609598197014504
-0.16846994090665737
0.009793858511992728
0.08286339273253619
-0.5524582754960319
-0.47571403083788194
0.038448785818464504
-0.0889051392023415
0.2906323046262832
0.3157228864206174
-0.5424790316516784
-0.09176986008551166
0.0966833444906799
0.5942732516071951
-0.014502844179773614
-0.34927173363883707
0.09161051239829565
-0.09281979215954517
