-69.13311304787103
-0.6482056802208644
-5.182481372842114
9.635163621540904
-0.5695450209505538
-9.022776029214667
1.528486431421595
-3.0670988774957855
3.7863932543991825
0.36295289192895563
7.709363980146334
2.5591435433708747
-1.0224061949563301
-2.042213767695046
-0.8776684026584101
0.837660215981975
-0.803001319054996
3.2503214773870153
2.1508854547456666
1.901242844382458
0.18175206850579562
2.4786240828510593
0.17114016653422548
-0.9880089925236529
3.2026466150786606
-0.7537515105925305
-0.9037870256524857
-0.23571174443756227
1.755505621653015
-0.9608346489978592
-0.28150683642913
-0.5157929048608342
-1.606452526700705
-1.6618403962219763
1.7940089186268484
0.03638385472618608
2.585434896530395
-1.7387418287905119
0.3653524317584362
-1.4450019574062463
-2.487214946166523
0.4901772165560168
1.8300974953900366
2.5953930377854135
0.9909588668396214
1.5483445658148862
-0.5152951031201722
0.02508914075235044
-0.9923186883778744
-3.725804060765573
-0.3346936507898094
-0.36563701134911675
-0.6546229078265434
0.4926738968555625
2.6309831237294925
0.4581663925427658
-0.3070608618503777
-2.909618880595823
-0.03983186283173537
0.40002189533063914
0.8827548435050971
0.29868454043056003
-1.9645135824710258
1.7548461756950084
1.058803872466071
-1.3439762938647797
-2.473594582815312
-2.8321594626593325
-2.1407489994296793
1.8857680442502094
-0.11453642408731995
-1.7787394669557746
1.2587627541333009
0.9336523485731556
1.9917966369475046
0.6117247150900724
1.687725088302105
-0.8329415654250533
2.251492308344275
-1.1462182478277116
-0.6586731595066828
1.409008378617906
0.9238981798826794
0.6273953282341275
-0.9558966879711968
0.8327695641038447
-0.179036991445135
0.805493192482631
-0.4103123687534674
1.468442532090366
1.0835529628442697
-1.5745999016419163
-0.40390472776106706
-0.6158204206924466
-0.2467668297962507
-1.2536267073513043
0.7947492633497998
1.0547051372212106
0.41557831800337786
-1.3086807332683112
-0.35997433536412465
-0.28111620302061324
0.5290041135350734
0.6435077247307283
-1.3015483624204482
-1.010247164869977
-1.9352995492750602
0.8061124277487653
0.47337646366682934
-0.4543195936022226
0.9313110780879771
0.1687652153665512
-1.017912452766048
-0.057483449974034796
-0.6101984691094461
1.6489194496253663
-1.5746210115423482
1.0088996143227145
0.7911764085277398
0.8681839530733243
-0.17945469642469453
2.4802742472641057
-0.3175827693122467
-1.945062689282347
0.3695396134371703
-1.2700310937946593
-1.0031472007846913
-0.15533947356066583
