79.78773381036105
42.770989792947844
9.430117652034248
-8.551800807985131
-8.339571596350499
2.4878879421969633
-3.2862886097094672
-2.85407258905639
0.1286430736264233
1.8771864283588924
-1.1895270050191626
0.5302163481955307
-0.6884238152720054
-1.276778688020022
1.0535126512073032
0.8382824975717077
-0.48551784074071974
-1.1250582869850847
-1.4037853955850084
1.2490377160733126
1.055649318114428
0.09240080920987369
1.0489741940604294
0.23350673730026153
-0.017271264618429205
1.0753517521133193
-1.5629355033355024
-0.0564462843245955
-0.3320999222363156
0.16750014536449678
-0.3281420354157424
-0.5195047353241335
-0.2016680246801716
0.47104421100240795
1.2611737543532542
-1.2776128919952008
-0.6893673923930324
-0.42490539996693344
-0.1366565287657094
1.0066811848234143
0.421247721035485
1.286542283300565
0.8199648018822208
0.3036824894512807
0.7480543822349811
-0.9664006005458949
0.11425382902647013
0.1712176840753936
-1.569126265747776
1.9698718236940584
0.5430225422270576
0.4989285071650349
0.0905031646578309
-0.5666746226889372
1.1244674103845704
0.20811642683112658
-0.9736636347376009
-1.1165369030354813
0.4671734251930234
-0.757851327003429
0.6892005805934511
-1.6992939921661863
-0.7164749710100273
-0.8550913774322035
-0.4579097717582129
-0.5364315666453119
0.1816942516080015
0.08324119461683428
-0.669924071299174
-0.14357569623677668
0.07863065443902031
-0.2611232046621027
0.3462464685243083
-0.33195884502177475
0.8021108965068922
-0.5227106216919203
-0.6000762997618674
0.22158393135358145
-0.16385248695764548
0.3993740312039587
-0.6819654661229382
-0.15750941546329922
2.1657357806587316
-0.17483529971407513
0.08015715417559655
-0.9697031510834107
0.5380984697981007
0.2513341076396832
0.979359228446883
-0.11322490041732179
-0.6429209564112094
0.9136809675830078
0.25101598054700336
-0.34897283920497557
0.9009664032317986
0.033056598622142164
1.5378750200903006
0.42717220438731485
-0.21991319344512344
-0.4251778659778585
-0.3756849258699173
-0.6532174430450438
-2.351016891601234
-0.5090637213911242
0.20137880490692525
0.8374054814420089
0.04557630638307757
-0.038242946121482116
0.29838260308546277
0.15899790412854037
-0.7771705166708758
0.007961488912492353
0.15646349833190787
0.003095458950952923
0.7336680329037586
-1.0252572826647146
-1.4601959721311855
-0.02292332774405883
-0.03202971175636474
0.5303940108016554
0.7974689402384211
-0.5632837609342388
-0.15687137711492566
-0.45409778396356776
-0.8419256050254256
0.6861228987008307
0.04361422846758185
-0.6097901590998859
