-44.94439854775289
-0.080359150498019
-7.429194948697552
-13.287699899602176
-6.649431595382524
0.07863009754298464
-1.696923427595788
-0.37708178970690676
-0.7702381158824576
-0.1666861867602038
-0.03234847178793776
0.04883179070839197
0.26769820098175534
-0.33611221682479375
-0.05602753556914414
0.2961116566470668
0.46703415194326914
-0.3737170208939417
-0.3653156990750899
-0.6208667323638211
0.4913061690954949
-0.05729795832749228
0.422061608656839
-0.20869226599679971
0.08257308261799057
0.0054487111896206475
-0.09194998556987849
0.08615277447915368
0.26907853009149785
-0.36314019316221374
0.11706571155039962
-0.08772670841013033
-0.21867568908860485
-0.09066388030713504
-0.1730976651372052
0.13251463908508537
-0.23659639145800446
-0.25837722934364654
0.5391063615091511
-0.14077066422354925
-0.25327862361103604
0.36315610048220437
0.2939700287172184
0.14221333606152625
0.24416056309145664
0.1046592571275519
-0.2244788264878656
0.16320862681279757
0.18078334885243114
-0.073089315648621
-0.09668576215101372
0.35746058634266414
-0.18125664155958837
-0.04463741228686269
0.09371019090992713
-0.13403257136753127
0.33612833566172595
-0.28375368671904544
-0.056223843618322056
-0.05865351269006843
0.020152744546764495
-0.12054922294358017
-0.020835290948167173
0.06956595890882736
0.03614855417708565
0.1096338981032405
0.3138289099573074
-0.23901929620643061
0.13238135743511342
-0.13825703518073362
-0.2788261638152152
0.07508749684068562
-0.004855703207118416
-0.18611855894708645
0.07720827236626084
0.01483526770662455
0.20370459697780416
0.2080221683112943
0.20121930315877423
-0.04829947154995894
-0.09528781071071236
0.012802658728805483
-0.12236499200954093
-0.013680848671644576
-0.2152769242505862
-0.016716861415853046
0.32995388786223473
-0.047519045716101216
0.11729238562555777
0.0769801732075715
-0.035666855296653144
0.02788830946932864
-0.1591513933070994
0.3271880472456979
0.05498494907569115
-0.13490572537341672
0.10708780157964856
-0.4392043193547039
-0.22766266428187742
-0.08247436400240582
-0.08386687431220784
0.10894726304715449
0.06607926902691627
-0.30222014367709166
0.0021864990286738564
-0.3368542063421785
-0.05125668185973213
0.15341749210731592
-0.17255041021221273
0.16104875681953637
0.3971551874745737
-0.2591111876293461
0.3503067379720031
-0.08038578003422553
0.012808807225382746
-0.1778390324852353
-0.0186588564527823
0.25636310734954076
-0.02873126868571008
-0.18738399044578516
-0.01891753608618267
0.14879905737921484
-0.10332009499125083
-0.1833797757740025
0.2427986230708289
0.06136521744604519
-0.03104575042988021
-0.1816206271922303
