19.86599563160653
72.58395808415416
-24.922930742923636
9.160467425129179
-0.13046534034919968
-5.2740158668708625
6.755239664100309
-1.7336615428452353
-1.9995042932319693
-0.2707116586866197
-0.28605943764866315
-4.835358863462357
3.5598600484758163
1.5773185310708457
0.6311650435280762
0.5730895684720835
4.446936581475523
-0.49512697109482073
-2.2218750831580603
-1.0434296326772177
-4.036648761491217
1.6914487239702383
4.230866656317343
8.580160759543697
5.1192099437427885
2.5923787139776007
-3.4942019066210133
3.2914984107249117
4.067105620351807
0.07851631708416298
5.392719748133808
7.157803344656532
0.860862042853676
-3.506120091541135
-3.3676639647080133
-1.851575795514172
0.9434800453028159
0.8704377694240293
4.884515920554673
3.878303098934028
-2.5970952582678892
0.5764050748108699
-1.8130305866694172
-0.4166045477061942
1.1219283680390535
2.6292514168815235
2.0684779446958284
-1.0502391514717908
-0.09820997893790659
2.9908278706433635
0.014577524436634667
-1.8128474917482986
8.567446071254182
0.9310519594378063
-3.3200427480084453
4.288357066371938
-2.7629875317086543
1.3063094500844283
0.676697729488268
1.7239068678837612
-5.890176953879115
2.039014425188506
-0.8424872313828157
-0.8536231599632211
0.7475821238090731
0.19432291220715467
-1.3819176330604743
1.4266152389800308
1.0255901702552848
0.9679086256405444
2.3958709935595346
7.993732966999321
-0.4700336967428457
-2.8591789737329156
-4.020622496034189
0.49233080736369833
-0.8511710304265718
0.32703704832033065
-2.341113072566568
1.7627081825431388
-4.282070767122674
0.4278732156459687
-3.0989157823542905
0.6819104688516279
-0.08946910250289981
-1.4633474877377328
-0.23642241158080718
1.1727160760154232
0.9281161922514005
-0.04564610459604308
-1.328547295571861
-0.3053519784687049
1.944757986586513
2.1147455839466716
-1.6176108439802162
-2.26209302989405
2.5785138466915667
-0.7215025107764591
-1.1335293664880326
2.2945819234502065
-1.2644263820276125
0.4265665737127952
1.1394551013888465
0.8242727538402372
0.052747805901196654
-1.0558194304512
-1.1596379189562258
0.006492596882985091
0.6214593709671663
-0.08194076896427321
-0.6090705080349668
1.4760507560081622
0.4598273223868994
-1.0375253844942516
1.4207352598647793
0.12997480504827896
-0.21846443901650783
1.5472856084017117
-1.3842449034344906
-2.6849617335353475
1.0660422578932618
0.12773553408720012
-0.7890342227257099
0.3975548850515824
-0.5949454863166843
-0.8131615842932947
0.1876033756637806
-1.2911252239053033
