47.43840136180109
-50.43759481399118
-6.188485035307547
-5.185247922271054
1.2015716595684138
2.591557759811894
-3.5132529408807622
6.048230479826223
0.6022756012231955
-1.7105031957381491
-0.9420310497291415
-6.125413245652646
2.4177193706604965
1.1351368232177421
-1.1107489379515285
-0.5794402857418555
-0.9838716802639486
3.922638024798405
2.1476747116971207
-1.7396250426704205
1.5099959650565664
-2.627935597404139
1.794710221629186
3.434292828894814
2.695547894093863
-4.597588118731849
0.6714045037334185
-0.5179764144980906
1.589001705335615
-0.5284786664265944
0.4163062417556531
0.30602031133334623
0.3248140406066651
1.507580146797919
0.858398646719313
-0.8844031170562723
1.2620352858496122
1.5146148825169696
-1.9218475637665415
1.529695919474874
-0.24145063913494005
-1.269822409181744
-1.3774657875069851
0.7973155919588915
-2.1871077858737276
-0.7105438321085872
3.09408289642186
1.9116024739956057
0.49518950961963043
-0.7765128766813547
0.8775676073349035
4.957810889620566
-0.13492801844009394
-3.8990416127850187
3.452882421648358
-2.472421249697723
-1.4689495673183925
-3.2281337994528343
-3.8724085011458906
-0.7337964886745612
-1.9425189710872284
1.3609615658959269
-0.5435913596611204
-1.1846805670369034
0.19469234833247873
-2.6674745471578785
-1.81378428771505
0.6758401468227326
0.25150755161794974
-0.4578271454182701
0.46537670853477014
0.7053954949530569
-1.9539678939806948
1.584854024132294
-0.5848633049728968
-1.172002906819968
1.378872015345404
-0.24204195713351287
-0.9133686785712626
1.0870268780688446
-1.0434476898946843
-1.93053420055191
-2.3969931179566704
-1.8094372251029356
0.7034643625953841
-0.8300018613766275
1.4595413897896314
-0.7641147064065688
1.1437634079643175
-2.6016417239480663
-2.690404491637075
3.2048676674160563
-1.424787698349254
1.5745723320024059
1.8197663637665384
-0.8384592081891373
2.4355475611257793
-3.45676271134229
0.1351499264364043
-3.266995742650009
0.47357169542745264
3.050771085113123
-3.4484674342425583
2.702354440843246
-0.15184973347745295
-3.8726418537734664
0.11376601568079933
0.2696808318530928
0.7221400428747916
2.3223625696480417
0.4261208570889737
-0.4652996427349765
-1.698659624896073
-1.3045015911206677
-3.00474043397259
-0.8005172934614095
0.6892782286116524
1.063134506607367
0.019121527290366272
-1.9703494959034795
-1.6049739176577973
-0.39769284857358533
-0.1049532188298664
0.9309610904137783
0.3136906397732692
1.6369782274897005
-2.003763284200306
3.1676326256884155
