-41.28505017162827
-3.681479290553577
-10.047180477828439
8.32631062408113
-4.61109504821654
0.8165354750844338
5.90787651289092
-5.582888312663729
-1.3937558387263302
9.112433714198987
2.2436815572890354
-4.615958227302431
3.626605856550437
-0.07070547397966068
-5.431043083733667
9.526210738922153
-1.226622926787111
-6.287405731802298
0.4300418887551173
-0.9127903966674931
0.28755550813225506
-2.1699695104033903
4.797215958388813
-1.4132096907239375
2.2025923317117555
1.9671598061658078
-1.770690464635115
-2.5154428412779217
0.3752261345114911
-4.518348925550122
0.17028246983212042
-1.7888080134557793
0.9324924064238681
-0.6930909010677301
-0.7849574359014526
-3.018874172259069
1.3882160287572238
-3.4658882135814086
3.8175465378508906
0.1679244907232514
0.45513899934338353
-0.84788551841296
0.054843600728609956
-3.0113181415393346
-0.7923459119831596
4.663846981362955
-1.8055100567078268
0.5364503083355773
-0.6102667044921161
0.13746468361736536
1.4334966392690063
3.7412476205622625
-3.071369804808603
-2.2286244444546726
-1.0340087818328627
3.527461696513756
-2.068810347483636
1.0620502880299747
0.651650751099101
5.031616960007254
-0.5334210586182432
-2.430823029094005
3.4868921762473204
2.655897851644716
2.969227630710562
-4.4431479750511444
2.915230876910416
2.23351806336901
1.7046474505401052
-1.8118115350216788
0.5769434121208699
-2.0469240248654854
1.9565984684200255
-1.558803907134436
2.8804609440997786
0.7828226771984812
-0.6106032862177119
-1.8048721684193882
0.4085064438145053
-1.2918154937447877
8.310294082515759
-2.3200198348300813
-0.14393468933704656
1.8665799006765913
1.7324167513113364
1.567731941328101
0.08360710150718774
-1.261107649383086
0.3075103134736001
2.676290587551922
-2.577083768975734
-1.965728324511102
-0.5817983459243932
-2.254865939257135
-4.3487163524697445
1.6131458643632635
-1.7308657989951006
0.22010569191078128
-2.8127138178932793
-0.4439013034851328
-4.279625929825461
-1.1770932790385304
-1.734380640481684
-1.757156266174539
-1.3870484109394496
4.726519725490876
2.3721393201073435
-0.4931506595242035
-3.189379055510111
0.564469887103155
0.9240972976928975
-0.9298286047738098
-0.32371436795877756
1.8537501470263473
-1.2741882363488553
-2.2931564502169537
0.8556412717839885
1.3916259854202877
-2.2990169693370883
1.3053274765501133
-2.6128418981920367
1.3069966420739405
-3.1318143575270803
0.8189249552724753
1.2840509909650706
-1.2803057631536063
1.1571985610455726
0.35489874891204987
