-47.979958516099124
-27.131207823222933
-19.417572879560694
-7.824690498551628
-0.37519192272190605
4.2528807561444095
-1.346339435499784
-0.08197924507260844
1.4500825378399005
-0.13632251899693698
-0.671757014909109
1.612735705417517
1.25586353581162
0.2764898429500008
0.29142135278470227
0.32574000611978315
0.2091816442219849
0.8526572192970157
0.8860585376311579
-0.20755852531581964
0.5269398611490002
-0.13928859718207892
0.2699160161122045
-0.45059857054562363
-0.2883243077936196
0.0791510698337553
-0.2599828267768352
-0.02904067080876596
-0.5086697730636912
0.24206288395821174
0.35644668519921185
0.11617974373118731
0.32883550694804564
0.22330618341713077
0.09084373094572196
-0.06967812174257158
-0.07879412334161245
-0.24101924410640707
-0.0658045976970558
0.2381930312677081
-0.07519234063286577
-0.06134799153542985
0.4716295159106735
0.33350941552606184
-0.17231351884807738
0.05437760429830297
0.40369025879393927
0.1629289126801995
0.6405637462481253
-0.30425115631901145
-0.3568879300140223
-0.1760162912440713
-0.03986463481089275
-0.2549145976902699
0.12803460938600797
-0.08172642188067691
0.20670195568420466
0.3447551438464576
-0.5062419740533454
0.12343361611861482
-0.1887302029556397
-0.25384992348788765
-0.336356753930429
-0.5042801542868831
0.1629766724125084
0.24595512441858774
0.21155462926128543
-0.16918143136941888
-0.046782413434661704
-0.09276318692977623
-0.3181643710878873
0.5625845048831921
-0.13031147466237106
-0.00820784836862537
-0.2621486840043832
-0.44060905739558465
0.005804170721161912
0.3702661910163739
0.371156361803891
-0.09252311165235608
-0.5375982935398065
0.2398769585015707
0.3373643445642094
-0.3660642239411499
0.5298544671586676
-0.5243464458446995
-0.021570273847007604
-0.11885099524059337
-0.1336520467113603
-0.08153687086336009
-0.4739943979250553
-0.17518546975764746
0.08437850791340067
0.15901375811237795
0.18572413123721201
-0.06792310650151313
0.17343186062926136
0.00558200063505862
-0.003584212791111374
-0.14053937218313886
0.017280769428548122
0.07397786655978067
-0.02951963477340519
-0.3459748820380299
0.21827133516859198
0.0502601073016931
-0.21297780628231644
-0.07902153208421495
-0.0727695454273035
0.3069935199078892
-0.08174953860579809
-0.2695788720784982
0.3519045672333376
-0.2662568566012453
-0.06554151754539543
-0.16749769750674917
-0.011388994392946071
-0.09531459773078418
0.06692208244827842
0.001919839948801516
0.10758585455969617
-0.27752483630920677
-0.1298753337740014
-0.24466692983204735
0.1247923386544363
0.08299326905163174
0.021457895648354316
0.01026849302284201
