47.62197603292486
-62.08546097679494
-18.763698501215426
13.717874201983527
-0.7844911115490867
-7.053864210602392
-1.0192732799587574
-1.9799043163164673
-0.3766832424562629
-0.5941514848950912
0.05831524357487347
-0.07366571245332201
-0.2316531706478431
0.2375029881464263
-0.2828707116384353
0.7224796567847672
-0.5364146790312213
0.9259063517432841
-0.5617066942880651
-1.1701922640030733
-1.8243453604448323
1.5586815534024199
0.7415374326063024
-0.12396549834587764
-1.0815823065796342
0.1348812578424453
-0.7548442903848503
1.135388855120833
-0.8787456761471104
-0.6524305093801492
0.5532853292465962
0.933690561140296
0.02514000265196452
0.325370821164369
1.3067408411325392
0.325981382733357
0.47711862206700717
0.022256472565350544
0.34312511254859784
-1.4778425729621627
1.1399327264912746
-0.015580843512656317
-0.4721214175379519
0.11400765008429838
-0.012387366756226287
0.9722455650834649
-0.4828599672021056
-0.9419682446900539
-0.8108500382977545
0.1541533841677511
0.17500065879081958
-0.4764120821634493
-0.44295714622429405
0.4175673157616385
-0.9019310291699073
-0.8031820950721609
-0.3485943953908888
-0.051078484948338415
0.43396575222131584
-0.10856474256317111
-0.49657372504052805
1.0018287781634818
0.5616297641109339
0.028542137000088008
0.3860475687086336
0.37868441457773483
-0.6801569507056338
0.09009635974071073
0.3948986996194817
0.29041401294160557
-0.35783515245564235
-1.049988223898794
-0.23086626917482034
-0.5379161208181203
-0.5073055907057857
0.19061593797221046
0.7995860065307613
-0.048403230139115405
0.6725924200427322
0.7266271242204514
-0.31137291531594824
0.2288075593896554
0.42798405291748437
-0.17982218620512355
0.38914597208373347
0.7268419868946591
-0.19544881761106084
-0.32020821998775917
-0.16096271392341444
-0.7428449114768857
-0.6072507903939961
0.49440737114569844
-0.07900409157682203
0.24261937788280968
0.5109347366056621
-0.4374216611752011
-0.01466511940518049
-0.9891609688724569
0.9900670146091115
1.1664570555123634
1.0605110104155309
-0.06393415154963097
0.4899001634207971
0.13646785305372364
0.7502784877601067
-0.36383255801542247
0.17609242434093172
0.12663476841553561
-1.3392403706861076
0.18361714751162322
-0.38644428024684147
-0.658909359078327
0.1560718793143716
0.1948463242082349
-0.00884485836258958
-0.1401029362093156
-0.23750474365387653
-0.7013307193245486
0.4831474032829978
-0.5074047765005898
-0.4922011099598197
-0.4458425390869393
0.061629744902342104
0.3448421009613137
-0.0017145981666848026
0.11629127573725781
0.08273068470076882
0.8270556025667666
