-46.93446709536905
-28.33957950075323
-21.10519606804977
7.2666585226922065
-1.135915959220847
3.482435879287645
-0.8287221613115379
-0.5434269691373534
1.1287397565748036
0.4403584625041756
-0.893996137643787
1.4686041860509063
2.3721036963553677
1.726327504502831
1.6975736556544638
1.7075060348478304
0.9925865191145777
0.7753890231184601
-1.0033686983367505
-0.8151123831170518
-0.17080097135573225
-0.6213015723328839
0.5268339551362037
-0.16629960372038677
0.33323815532523593
0.8358418340968048
-0.2385883229916016
-0.051963723657100475
-0.34305095346281633
0.05798549242435738
0.08799914096261167
0.22202892766350776
0.025514672588684645
-0.3298924255788357
-0.12005983492827982
-0.043179647911925106
-0.18542586531368502
-0.19304347690028842
-0.11511066509196329
-0.261072584667072
-0.19887613053399347
-0.03236346866709076
0.09310343936418158
0.48726124274570626
-0.02674980878171751
-0.3580627992602547
-0.1772748000510237
-0.058100920479755236
-0.2650656285113048
0.4710781416171814
-0.2721721684128361
-0.30316900585613654
-0.09051013061855703
0.04883868265995612
0.29753244181234806
0.21543536555922083
-0.2231507988326103
0.07206520777633929
0.11017640994873594
0.31733860019125437
-0.16577399682487545
0.23646583367211677
-0.3766558696733391
0.11111396423829101
0.017559680794982324
0.18925322364326028
0.38468024550724467
0.13585881514379114
-0.2602730407809885
-0.31533319932874526
-0.2434043549667672
0.19712973750572477
-0.2606496564942503
0.19308815332332172
0.1710662309944037
0.52453631098929
0.22139927542794402
-0.01374084242520631
0.2153197807223648
-0.164004691395655
-0.04811266261871541
0.15497794333045928
-0.1147567235473688
0.08484036619282485
0.057731458519433995
0.2225925175467338
0.1990815577529735
-0.10054312237550686
-0.31262021161096143
0.23528421422738915
-0.18063287669113098
0.32572934247152285
-0.16759121827219728
0.09968634367478783
-0.020015264897574228
0.07240287966252548
0.1445268474165828
-0.19243067422222634
0.03329182660950364
-0.09200051587627531
-0.10463563038943255
-0.2753202427457435
0.02616794736080877
-0.08414444659063527
0.007449434568246219
-0.14678952610096951
0.056913492632493595
0.12447044313330458
0.10975069002394672
0.11912566977069677
0.016291558996319955
0.13359734636213294
0.054828035140286696
0.07464395226506826
0.132387949770605
0.37689423127140537
-0.12002485342659797
0.06770200612128692
0.15469558810598674
-0.03331255675738186
-0.47880285133771194
-0.02376299616727853
-0.01738042253831417
-0.1799250521114591
0.12613250648069724
0.14808310468413416
-0.2770517981691085
-0.019563320811917292
