-40.770595895855145
-0.30094116092941314
-1.6560919604179407
-14.958263182088793
-9.318342038627975
0.5896719235471409
-0.17325937968650357
-0.9984595567730524
-0.18175157151891233
0.24598234975387478
-0.27886859187371205
-0.3228400828305126
0.035710599100015145
-0.014829121183729851
-0.09918052645673514
-0.4871231918040277
-0.2839282740916522
-0.025555446288939385
0.6238101063740344
0.22105138285734605
-0.028067215152547287
0.45428302201481063
-0.40441851327017986
-0.5493557072095255
0.5481269754119837
-0.19707035605224021
-0.6901454773748955
-0.04741984306076275
-0.4824358848252753
0.09283836377063016
0.8782404911746402
-0.7169287389174963
0.4207938856122101
0.07911155202276311
0.3137877652309855
-0.2253358937783254
0.15816470069560012
0.25313043498446275
0.6853310218880987
0.7392931726428986
0.8631317899802158
0.16114164780783968
-0.42909481096827096
-0.5354537938932854
0.12134671892058321
-0.6962293212266651
-0.5851255403116856
-0.3235051029952622
0.6859487324770274
-0.39127876307118364
-0.10676569538312149
-0.2997800136790967
-0.13414383919907497
0.5720028018637622
-0.4186493158009903
-0.40980652480284324
0.08350743251042901
0.10325604209150822
0.03006713592210771
0.1802335712468137
0.05813355276054
-0.24821240616710685
-0.16042245553979706
0.07243369440286526
-0.36397640142345217
-0.10572224066612941
0.3847310876247076
0.1250602633444532
-0.0935823577331669
-0.5756522850518895
0.3873302118591634
0.40024682321995986
0.09432156319473287
0.1697963187346562
0.015981430445204746
0.1924823650169279
-1.2068973411779673
-0.7163167259661477
0.37860646585855706
0.09536839654636445
-0.05383694195526399
-0.19497875252500385
0.19929755033692384
-0.1181557141469242
-0.07731391441049436
0.17564063159071117
-0.2889881985634005
0.27014974678615483
-0.35499260894173373
-0.005555429010799114
-0.07503331605426608
0.10144340943682378
-0.11888934010818744
0.21899260472107807
-0.3283212951799767
-0.16213363914207346
-0.25036847850382593
0.04914343331493544
0.47966829746749795
0.4981739898897803
-0.035067272641463726
-0.3938043269650949
0.7995510004415181
0.05377339518302043
-0.34310647329305843
0.3277990540013387
0.46959644341376616
0.5306300997087042
-0.09329685961730017
-0.3676284920906751
0.1726189286421831
-0.38505167432453696
-0.15475510628930733
0.3437213971587458
0.13370760060883885
0.320802181303751
-0.08568554407498313
0.13681585340110217
-0.7596505644375794
-0.05759066675322619
0.7000365580999899
-0.4818160960926663
0.11750339140196679
-0.541242739796006
0.06198744484366591
0.20702879744275737
-0.5418019324578217
-0.17657236790148118
