96.13976837091792
18.629732657582597
-34.27073357641361
14.83521071689257
-1.5904287934733707
-8.963235904095031
-1.8081963290690228
-0.16733041424107098
-0.6045229232039773
2.405428697246485
4.269127712839343
3.182057274987939
1.2222475381801956
3.8065803102306344
-1.0442905782556215
-0.1066518731295476
0.22474702490404666
1.1640801023653975
5.59856881813018
-1.1553309666267872
0.0007568996611180823
1.1856948771361082
0.41955335836011454
0.745446143821963
-0.18632823132187937
4.382273989262891
3.1308422015468294
0.2289876901806191
-1.3690626940387456
2.0027206169192158
3.626395540771128
1.1039728923959087
-1.697424218336688
-2.7801397776004357
-1.2251687107894103
2.51510176095088
4.472502872034372
0.9338366981968342
0.398830071355982
1.7767697922195005
0.47812188454527477
2.382449343182289
2.8132338085244335
-1.2650590616682074
-0.7226758118625111
1.5755311447362383
-0.4979079535669926
0.5941074402602337
1.7764183808932905
0.2515847446221142
-1.8803283236739512
-2.464026850299845
3.0683137823898687
-0.20254161621038524
0.8876224447430664
-1.8211763068546352
-0.7451966670448337
3.654237029395396
0.10945687790555003
-0.3315592931099349
-2.9654388153740245
0.27209792086549683
-3.0411117305543787
-2.877239572859415
0.7331366421248595
1.5908809932881507
-2.402375052266508
-2.751497760370457
0.5399190492568031
0.6204619767751596
2.1341913530595087
-0.1273526891152475
0.30696516001471835
-1.7645156596654668
-1.741028090327862
-3.211871343594341
-0.9862330473879704
-0.005475004639719783
-3.679718480198466
1.965193107143459
-3.0166715706807463
0.9401418380137444
-1.5033730635319664
-0.541891211804935
-1.2655641668047364
-0.11534421252996668
1.903664354226159
0.953939879289953
-2.0414023049053456
-0.8231314440438466
-1.809458559754479
2.883712426708192
-0.5033638380974782
-0.419119885352515
-1.6296482097516463
-0.1527221518687192
2.038944088093116
-0.3425597385066895
0.841761892191524
-1.7712955560957615
-2.199355182463837
-0.9820800060816643
2.1621865540951166
1.3723139662381885
0.23942390329343288
-1.6557540304005136
-1.0830948184312676
2.7943968540541606
-0.8640663938897846
-2.224663519897023
2.193812224878707
0.9475177343195657
1.3266629894256918
0.02206696645173928
0.4104706278328952
0.25338924146624964
2.5911026879788315
0.07719845294808905
-1.5115634457390867
-1.658984878708164
1.1609441120041475
-0.1968573297789275
2.382723208407297
1.6963350335143335
-2.392234347999454
-1.821273422077737
3.595878452353091
0.5501904449478192
