-44.177620667028386
-21.878759490059814
-19.813800193799505
6.926921405427577
-6.260697435428438
-4.736962477018385
5.505475685135667
-6.890578992320055
2.7526932545631966
-6.9383283195043255
-4.436250175763328
-6.991938738938269
-5.198464626325568
0.2013348586737309
0.2887887898025592
-1.6865720251399647
-2.6987374284786116
3.8923677366635445
2.8779763852126994
1.8247593804082582
1.2834647620655666
-2.740376056935985
0.07940261151381765
3.2069260948125278
2.31064414756089
-3.0477339605083538
-1.7569880918112217
-0.5103117511067026
-1.070832030560239
2.82788333604794
2.4826774548927326
0.565825271107772
-2.2674787914123247
3.9171450379211583
1.8276886202837899
0.1687469891382883
-1.8034839227481296
1.4960768833695088
-2.4214353163354243
-0.48895434739351407
0.5925964494439476
-3.770034451063011
-2.6391266436192957
2.934403108157415
4.003766693924393
4.351667595755734
-1.958325202493155
-1.0001772574633059
-2.1834337447349785
-2.306223948851272
0.18731268711586743
1.5153182438851298
-0.5615482398601392
-0.04945164861224807
-5.580077804962575
3.414390673220535
-1.5278780889453119
3.4251765740592846
2.5876608304076587
0.16575103007189726
1.0738843980369743
1.2416875786202122
-3.4778776339430486
-3.8185433478796824
0.16890111507552372
-2.269722782841136
0.6487155834478983
2.7943934518757247
0.6978940418196753
-0.3366412195649013
0.647762852321671
5.308330762050896
1.9694835367586676
-2.5884890815335124
1.241328045369521
0.4413710684537413
-0.9461004493622255
1.1019451093884836
0.3412776679094741
0.8220407374883509
-1.0463615017366121
0.5604951058199014
-2.3644799836647623
4.569061647181918
0.6447603274989883
-0.526298196687261
-2.3328493005938524
1.6423385032445603
0.9308588990066489
-0.02766157557300336
0.02067885763385402
2.206624484941489
-1.2077835313932423
-0.6534814491903762
1.865564528955556
-0.4472601760956993
0.2499301855779677
-3.1699080546797207
-0.025231358944670934
-2.7757474445787613
-0.07381987160904523
-0.5545613544290546
5.595368142820638
-3.284631234915566
-2.812075295576779
-0.6561835523530923
1.3661633129990292
-1.40331370701491
-0.11764043343945008
-0.3478890153765658
-1.0741223016842323
0.2458130012964719
3.406656021542926
-2.653916445754855
2.86476586934937
-0.9743005924320286
0.6477019923293592
-0.35411207582564197
-1.1207072767796094
-1.5680172184237258
-0.11566334947722191
-0.9270311305882175
1.420916711899161
-0.22259153371477836
1.4686063332754233
-0.2253880881582212
1.7376691041686367
-0.9779980797164962
