-42.97278425332224
1.5724857769561493
-7.230028138799575
-17.420312311524356
-10.253675237487846
0.08677887725120258
-2.26206440320446
-1.0337841961227154
0.5850195687042641
0.06450599950502355
1.026631275446833
1.3228359680917137
-0.9425561009258053
-1.9614354770191287
0.7648298250138508
0.045909432261453914
0.7565441159325291
0.6151712896042698
0.8697932963351417
-0.1181894040512535
-0.04538627112948715
0.734919558894154
2.0410878878260577
-0.9736494855860411
0.7587614515597922
0.13318519001008022
-1.5618780885602412
-0.0712050451184561
1.5551004568291356
0.8827313733230264
0.06642227733329825
0.12666565507766367
-0.155117238810598
-0.4656634469344034
0.1857830898991948
-0.00794540926346855
0.22207416097369703
0.7390024350594655
0.8827701212713062
-1.0172059100326283
-0.9870422965293467
0.11116958433958865
-0.2827198044179791
-0.1843828403361481
0.08745037499722519
1.1711683481539361
0.9607596418074419
-0.4142008918000898
0.47681512672649384
0.792945300018125
-0.08912619038088648
0.3062591516978449
0.42228984993710145
0.29385559317685295
-0.5027011748471185
0.3793205884109449
0.4129492007400052
-0.8028520381507162
-0.6221265933368688
-0.04007382593397104
-0.06091716816465982
-0.5704839466857831
-0.3337434955659903
-0.4983641654193322
0.5366701336899993
-0.12066668435300416
0.08088725866020302
-0.945065748540129
-0.35731153688812567
-0.46820833308920295
-0.5620052720114198
-0.11385469046500947
-0.03359611895959076
0.04949362743227388
0.09581744284281606
0.11455106898876487
0.40778771861102986
0.7053691571913233
0.6244027188051553
-0.3745382026600094
-0.32549780757302577
0.31158214879617513
-0.5497103961214914
0.8950349416873458
0.18418198525904195
-0.040988211306742586
1.2629865270028224
0.3792483591497913
1.2703327031799074
0.06775482642744825
-0.35942065541116336
0.05948888445957762
-0.7116373067508738
0.035641402350449373
-0.8947296996705774
0.05758705427436474
-0.41759343312688657
-0.7151592713854571
-0.20344907027786588
0.21521660013408242
0.12890106413569727
0.6932409909000949
0.020366526243997138
0.11086801749792026
0.4024241120724085
0.22466363614104357
-0.23407639649244613
0.330845647655649
0.06066827402938925
-0.062277411314336895
0.42772243453669156
-0.24835864030215155
-0.12661820953759972
-0.18852055657460332
-0.5060953534686049
-0.08815862920864982
-0.5083462506455698
-0.06080195325378056
0.019918492776059043
0.6901800813267046
0.13183304001344498
0.18425409319909677
0.24670555111156828
0.4747092405758124
-0.03737298251382273
0.3326627513721646
0.14828280419747006
-0.16083153648691045
