107.79265359669961
25.73733892280679
29.1448551011498
13.120234856421186
1.6202794517018642
7.732385425161367
-8.494942873832475
2.181883080472316
2.1830358383791943
1.6781349420119105
0.33866774452774506
1.4509020028679742
-1.2519380823044344
-1.061346649569182
-0.0609076666452657
-2.211937555845951
-2.659307207825217
7.1007649803994255
-0.9937686683936462
-1.2591825713957192
1.9974711282787685
1.8312893559419592
0.8017593029764313
2.8094237324824065
-1.8643702870389394
-2.1715779569929707
-7.184573318055734
-1.3492096999919214
-1.6695897229726449
0.04759032192273982
-1.3333197178317944
2.475299359398257
-4.597879308945373
-2.3744822738777502
3.7925946281690597
2.8376309321068884
0.48202481937388914
-2.021018640751515
0.8883125618369507
4.773737821571428
-5.196959842368933
-3.7160496915103485
-4.736454615555644
-5.802525226970045
-1.3325058400880088
-1.8700173410276126
-2.922553210523195
-0.18935896729812393
-5.004345293612877
0.10671740672205812
-2.1623517217166914
-4.842251026618086
0.48023407641528587
-0.5020276520219105
0.017578743207548018
3.806792809801413
-1.0510523234306768
1.4683458216693794
-1.5385012070651507
1.0277337217217553
4.936157884310919
1.6743610703643805
-1.5517553511300903
-0.8719606092106773
-1.3687807928743156
-1.0088953284921516
-2.253839026568689
-2.947466585319213
0.3526993733414923
1.1752191380146955
0.7679980172123437
2.1620004944700586
0.14631981695548282
4.923364423402221
0.08055897048275829
0.04933556303171607
-2.7905128880963046
-0.28592272078043557
-1.2846898673362914
0.09736688486299372
0.1390367270989081
1.9993725548943466
0.7434574739400381
-0.5457988670932521
2.3673101282487092
2.093510939782644
0.14723665700840263
1.3994963987052338
-2.4154495370073925
-1.694948942748197
-1.8623616310730347
0.664757986673203
-0.03664650603218521
1.1830264125533583
-1.8446695363705996
0.8865722387749823
-1.1390211602655913
1.003941848380248
2.039286508347538
-0.24656322868556121
-0.40182858571385566
1.1805154762081698
-1.5503972159152737
-0.36474128126601035
-1.581099242135516
1.3336540982946588
-0.5649931799854633
-2.0086370772790385
0.2810068846517234
-0.4181280606319426
-1.7236221972898067
0.7771950635464575
-0.8950140948840599
-0.15691216941543465
-1.4181077529789272
-0.28978006273247353
1.3714039965758587
-0.9678413741443969
-0.4417820272956134
-0.2659318373044269
-0.409332197073058
1.3675248768531727
-0.1007934360447069
1.1588594998138715
0.6292269922077256
0.9393990536438488
-0.5497879509419613
-1.704303372935907
