45.594337176470034
-27.692646548208703
58.35807219810618
7.547054397065441
-10.749597042877003
1.9724227262331164
7.208717569554364
-5.823596128960149
-0.9174565996660177
0.03401206483077736
-0.12719499731647432
-2.1149535214061634
2.2758987296247835
1.3189471589786346
5.234614258980868
0.5548919316759942
0.3835217701320265
0.9119760359237246
0.7919484333958287
-0.8728038899828447
1.0220228923254573
-1.7102963129987139
1.0625123656688003
-1.4153799926617032
0.48437769551968923
0.23239996734466373
-0.30123445716183694
0.14249821821545866
-0.49984172336578636
-0.2896313561215922
0.25459719429416805
-0.05559325552539486
0.9598134246170313
1.5751221314008057
0.6853321849721623
-0.40616862919389335
0.38633125906737875
0.8316831575062432
0.23394783881959122
0.032311625275946984
0.09688574798717975
-0.19467808605265702
-1.0940488213514796
0.2722436794417587
-0.5130211840665101
-0.7342699270297031
-0.19060661845740484
-0.4516384247188856
0.34083953533792133
0.054880937848866135
1.2222464461453728
-0.8521596156227225
0.6161817526567515
0.08524028522478658
0.33831990919206634
0.3339759376147998
0.009268343104502932
-0.2861698437743206
0.803096583276308
-0.13450436896899773
0.03803089013874665
-0.3453615829689588
0.24441518400219103
0.1852315786653094
-0.03470829195163089
0.7346076668308144
0.39098901000127617
-0.13026134842816867
-0.7918437696457553
-0.5692917275643282
-0.8523653897979587
0.4472171927326666
1.5406652624620858
-0.42183445642665185
-0.2177276139193961
0.5511196631298778
-0.018189091298224352
0.4405559635094993
-0.30473124280441233
-1.00698360887579
0.6328221020614837
-0.466941519589807
0.10965402487954921
0.8432153333539865
0.9214413636398258
-0.1352826506020808
1.2193872777262251
0.5597698572212472
0.15556439124526922
-0.05978150547359021
-0.7044192942878925
0.4433315321251041
0.4924461525732765
0.324553511356208
-0.13161111786137977
-0.6166906514556887
0.4693797064262526
-0.08801756849040443
0.17773027045089185
-0.6477315688353015
-0.5566121706743701
0.23772234088372585
0.9962158308166388
0.14482546036726973
0.514816808977339
-0.14093552162385448
-0.12348175138752489
0.013724495363023836
0.03718603271420452
0.2300366228868215
1.4605615078540788
0.12185003664997196
-0.42861675562781354
0.5552536340707183
0.837617770999257
0.6243108762461663
0.4587891778372968
-0.1100878583629609
-0.32028600012437736
-0.6897508470965543
-0.5415689131520147
-0.5969118616737918
0.4030446555183473
-0.034527131243959425
-0.2406408533936993
-0.6840397473738542
0.07484116450789519
0.954529200508504
