-42.840657274623766
-24.708043010972894
-19.086839785725555
-5.794673134083283
1.7416830670671697
-6.686909969437169
-3.392070124218808
-0.22156117686692275
-0.7169357867612516
1.7569013679558987
0.761118660636708
-2.326250973784773
-0.8111121382807135
1.0709012028695182
-2.590243086789725
5.281251678277733
0.26307140071877455
-0.08050184655758236
-0.9178328990903757
-1.9412103358348958
2.2607655654227745
1.8596584438937365
1.1225074318520674
5.054929030321082
-4.0698448235949325
-0.3086789237009431
-2.021381644542436
-6.617664378388474
3.624934426963536
-0.8550962108989323
-4.4389303748742
1.3668040305420865
2.2804996579600743
-2.942795310604376
-0.3074058003964911
-2.059552600826181
-1.423973998081538
-2.662001787428705
-1.5743540412467185
0.7135683820316437
-5.677817167784188
-1.0948984748724202
-1.9943715300728808
1.7951393764585422
1.1898135099316265
-1.0014709479796715
-1.6493701966471235
0.8838726681793451
1.6953716202692422
-0.33715808791560953
-4.054972191112836
-2.1627318058100333
-3.588718871239014
0.4214303958419552
0.055565829032760194
1.3600460397936613
-2.344530091168452
-1.1517389950738652
-0.9027025195901041
-1.691907166552397
-2.4334228936596367
-2.952039167585502
-2.3803724319742665
-1.607743631571288
-1.2548403442589413
1.3933319189193698
-1.6735194261356219
-0.3294142511591289
5.7496631119601265
2.1004938587517064
0.007495533466044313
-1.2763352786309015
-0.6240627637212162
-3.7747212869181177
-2.052327979196884
2.667139429779947
2.0827223326701048
-0.7048693515089078
-5.058722458096139
-3.304980463498413
2.5476886287846314
-0.9261654983852494
-0.7490692905007287
-0.4180381438377652
-1.4772156881460614
-2.24674627724556
-0.5382868756553193
2.5167285620023985
-1.2925909080293372
0.4428099372100842
0.6030274700984204
1.1605236025654317
0.6041522710933829
1.4774528435111833
5.001388595610329
-0.4144196658201018
-2.8065045947966403
1.022283991020781
0.2824550539288076
0.5946483810241883
-4.591831897566516
2.9267097556168142
1.0701052489646872
1.9265553052687716
-3.404783732494394
1.7699863325242877
-2.386814514304821
-1.1439667293153235
-0.7921832375412303
0.04431940592518016
-1.4536743296619155
-4.000703221328248
2.8178922574891097
-0.13396006364450563
-1.801093382493024
2.8827320153250406
0.7570615079463648
1.4308216098987048
-2.3650561290588805
1.2960153016442058
-0.5533638218886727
0.5712479192274644
2.7732285359114046
-0.25852978844465346
-1.252013223029524
1.6619527174410638
-1.6979213314491686
5.026819292955811
