-41.31261626458537
-4.476342554340322
-11.892112348959168
7.322199971923862
-1.2889497912063526
6.223803700948787
-1.9839140861591078
-0.9748090163292169
4.890420356194986
0.13635396548963213
-4.829506674358971
-5.352903660699277
1.8940221020622015
-0.722747161215123
-0.7143220511902505
-3.371130506605202
-2.5807507303850574
-1.2047929571686387
1.809652913189597
-5.008662690005004
-0.13916998611212758
-2.14224456100625
1.29182339375061
-8.676728294629857
1.2594262337625195
-4.160620826263174
-5.543981683816514
-3.8962739934596966
-1.6842738547069689
-7.144783606624374
4.046003002718876
3.3550649760570272
-2.3392684856614814
0.21390527001147558
-0.8050661939525939
2.6157819916154965
1.113699874770678
0.5731583202920284
-2.701969800863244
0.22609530001554473
0.5224723150500563
2.2887291350026655
0.07913383262754348
6.872115996784572
2.043438754583613
-0.3096528795929449
0.8069256149816926
4.079010391294051
-3.4563093523688297
2.8561951598718536
2.422783149693306
-2.0747300440670204
-3.3277767124510143
-0.9220932171835418
1.1318698463890473
3.947591560964819
-0.34308095950809187
-1.5687593761775203
-1.0806187535554577
1.0741253604909955
1.7933102178529043
3.3553929280963977
3.617998824078367
1.4497159184750807
0.4427582984275616
1.206994789407386
4.974277524947164
0.7890524682754726
-0.7181760412828998
-0.1733723299288027
-2.292390386893984
-1.995973786856953
-3.622682063100054
-4.877270673034354
2.159745057389684
5.58899687917368
-0.04810410431964099
-2.259332395667332
2.982098965588339
0.5560612635767767
0.8270626869098722
-1.4624225913764508
-0.04983922422946849
-0.4044872234917859
-4.555050316061775
-1.2774574003667898
1.0505248981112103
-1.3576375860925993
-2.864800303361313
3.081337033550459
-0.5959571190309461
0.48028455423856065
-3.2641587053421954
-2.0116116467892304
-0.6975923345159514
1.3209245424375125
1.8085957515184563
-2.426931911342119
2.227145571202264
-0.06270239956490539
-0.016076387635158805
-0.5421466632605147
0.28505598517798403
-2.660011362870875
1.6302250070964868
-3.8548415824026643
0.9163722245421141
1.6973592285946604
-0.24833584144531376
1.1301246337769435
-1.9109700326751518
-1.1763393371492787
0.9486599613560296
-0.9759753295987804
0.8074329132643643
0.958013265555528
-0.031062900387904893
0.9741378565971065
0.8045513528518715
-3.8788621679421276
-1.5295664981903427
0.08955016588501336
0.13164697005876916
-0.23933670230656925
-0.2560516853311019
1.1382976763188726
0.724843331975701
-0.37282150828816096
