-70.9274842018693
-1.1843509956600253
-4.981834729535707
11.255177436115611
0.16510436350993668
8.706889332442767
-2.034865277496589
-0.6356532654898914
0.655746977502746
-0.3040063989646003
-0.06563800709672565
-0.541431333206806
0.6205109167504167
0.08046355946300676
0.3190140362541162
0.8772299062408231
-0.08578734035564675
-0.16006152169177879
0.04044893122183296
-0.19085384891353419
-0.3353708640833086
0.007441565454960306
-0.11238089007397851
0.04655357520474882
-0.03771388195713979
-0.058594305321104725
0.16640033495677617
0.16100916624416586
-0.10344329424118587
0.14802678362279478
0.13494154510760126
-0.2620477452240804
0.2557907988895225
0.08467960741001668
0.07885222955670601
0.013602222033347502
-0.22380656679730823
-0.11264169566609948
0.17644564376820793
-0.08498423487291798
-0.10365101741200838
-0.02807470285295982
0.06674329596055116
-0.198592019245912
-0.02628511343510998
-0.06435737147328988
-0.010640588532541365
0.10175460780216425
0.061612693746158576
0.30856651305936544
0.2602734817990577
-0.24823269979135848
0.11688678687730633
0.1813602295961116
-0.04769670820131246
0.22151848496872173
0.015359580351620966
0.14922041976287212
-0.22011240201260468
0.040581929158233006
-0.19973439606292803
-0.29652228733353453
0.31858448779266296
0.1428437372334515
-0.2980245466404124
-0.05588911872972936
-0.3268380033099787
-0.045103663295225346
0.24952062405445952
0.21809909392594912
-0.16295072759138735
0.27130138038800916
0.0524837174279829
0.005070434912464922
0.13976895063401082
0.26035526470706605
0.3017128512723559
-0.09230367541853372
-0.1945568129667944
-0.33865986312593266
-0.1189622864857768
0.1587584908782312
0.05219295682900017
-0.3015843705047699
-0.27925148880477446
0.16520221191656642
0.08691713712976579
-0.3675078756656497
-0.1500380227219313
0.08692768168117579
-0.084037898817728
-0.09101871236413661
0.21296251370582997
0.2635715072694579
-0.021552213861287015
0.18910642806706396
-0.014630452579330513
0.06815403174172265
-0.036182871431067035
-0.0580877215369443
0.3403511054241419
0.2517111139218303
-0.3044309801493271
0.12414460776663261
-0.06031501152859755
0.030391036706421445
0.07212697419324779
-0.00808860100969469
0.10141928664715395
0.20146761408835634
0.2538616845637529
-0.0015668694957826426
-0.053377057618905044
-0.2386801745619694
0.031306111474215845
0.051239015755231626
0.09001635227610622
-0.0010718048232196131
0.1892010627417172
0.5261662918153047
-0.026028863171025596
-0.08044260228934179
-0.1844316627162806
0.19579368519920748
0.24597276797697354
-0.17034055322355005
0.07468321800392977
-0.4474696002956218
