-43.4710951561742
-25.27497670458314
-17.223096911970604
-8.21528885007495
6.182883804372898
-1.1043672926605201
1.5136876927266036
8.46494796707654
-3.150482912913655
1.8656068759735103
-4.9530995168357235
1.243309532196292
5.276414249731288
1.7107915932183384
-3.4964374630545207
-0.4757465631118506
-4.642729636334986
-1.9889825839370803
-0.5553459706785357
1.3687633427749835
0.1291565526395817
-5.631564407895607
1.1840613339123078
-3.0059332234743326
-1.4869665198102333
2.120192545063935
-0.4862108304440818
-1.7427268737847361
0.04458537761481629
-1.0752510900772534
-2.447228383615413
-2.3168798543932905
-1.2638257464299028
-0.08479594458352092
-1.427348391845245
-0.1108744452538937
2.4451281765534256
5.417121409880918
-1.2010359684661125
0.073939366311388
1.9114584794123988
1.3108153159264249
-1.7349165801786264
1.3878348216389202
-0.9298419434504649
-0.1331738243255003
-0.7584347431634867
-1.7903981414256533
-1.6073698271449772
-0.8705609566707466
2.711255618770444
0.34347399139333096
0.7479032270347814
-0.1531097033366543
0.25459683577064857
3.694662839866919
1.2255567162173029
0.829736726635239
0.7805020966711985
-3.4781026470500422
-0.02355948670206832
0.07750878276912102
0.4246511754284384
0.23275021219973258
0.14276713705908395
-1.3631211360497846
-0.15300886544593778
-0.0789659524089094
0.1442759942276433
0.20824875806075022
0.45119660483825663
-3.299410121108528
-1.171618044365267
-0.19291168176892354
2.5708881751473225
-0.4353308512869539
0.9281241613545101
1.2672552334321452
2.214993124380387
-3.0113602481293773
-0.09016410298922094
-1.2309306918632226
-1.4876191501347151
2.871427528917581
-3.067692310439957
0.44498893688540686
0.17029398091240477
0.07278316932543258
2.440899918901026
-0.8860620085171513
0.4312950597964178
0.8624179241762417
0.310391749245597
-0.5096628513992145
1.2783223493360467
-2.093690658398933
-3.1537332349286715
-0.6312413223382125
-0.07984752692919941
2.044996372146537
-2.236799444202374
0.3347718868538799
-2.7504120667702723
0.050068285435563215
1.5357201709000061
-0.5520740653072712
0.4923687504275941
0.4262793202730091
-4.6064011810859595
2.2112230671593265
0.7626784396320151
1.4748884652115657
0.9101196894284033
-1.3543358686993376
-1.7929422541940168
0.4263668232139124
0.9322012411949512
-2.4114076732453698
-0.905238764495726
-1.0892362375639533
1.84987451403363
4.07347930277348
0.9095850633695909
0.8834267774137715
-0.6136395416447252
1.5130630581990707
0.7085260879937988
-1.7897588071229409
