15.25643227472511
-54.721475535183714
-22.68162525796897
10.213043467814316
1.0467759017580485
9.853045204306614
-2.3364098457164926
-0.16216321290432167
0.9000509747165298
-0.11408733977845262
0.4004131389068831
-0.2971307601907459
0.2929929370119676
0.12618432269808796
0.3857563868077545
0.6486179280276585
0.2896828716571071
-0.1693629333140973
-0.4649665353015618
-0.09963670904553863
-0.31458545131748167
-0.10658640843554444
-0.2040911173649067
0.010002715318009461
-0.009831125096466165
-0.2894484493616173
0.2235592716449841
0.3995394269842713
-0.1335485371678817
0.5427650934856976
0.05568265966498155
-0.08741723512675909
-0.1727555389196819
-0.11735555409373336
0.09208591285818139
0.6013524117382278
-0.012954193030946012
0.09756866599237954
-0.017193889131820073
-0.047670809251606494
-0.10424081428373179
0.10786400337235569
-0.13688943154718303
-0.18066207756089742
-0.31390804783575044
-0.1888945290620042
0.08474851990671861
0.06664986344739302
-0.18147864091416963
0.31688312254929674
0.33998422733818545
0.12463569899159327
0.08230867368670416
0.12950922870855752
-0.057681776469829055
0.0020673767049541845
-0.09983825632982751
0.22804769428494948
-0.24801041581937006
0.06633617614973195
0.11659973564219983
-0.22170491930522654
0.15423048548116702
0.445738372209459
-0.10262750320340375
-0.0402086731662844
-0.4961902164169121
-0.16173609457695753
0.41973709037569656
0.1838197899989955
-0.1472468106305376
0.028715223836045467
-0.05519058709886926
0.025725376235808287
0.19062735241399276
0.21500763551725546
0.22515434440642118
-0.2549561346913152
0.22344845883509984
-0.1307739258022195
-0.0639755546520372
-0.26131297337242
0.12514165406547864
-0.024112533798642394
-0.05886978511201757
-0.518286920031764
-0.08049228526404761
-0.16074983140270768
-0.12203846119771561
0.2016020331384477
0.045039465388160185
-0.1698097447298026
-0.24490774846135804
0.3460030272521773
-0.19008084809147402
-0.05014537000265598
-0.17596318986872067
-0.09366321968256244
-0.2577169246794129
-0.05307497864574972
0.3923223225395946
-0.11320670175120881
-0.03632094054339036
0.08712014768699247
-0.07227595684794473
-0.0397307570714133
0.1837498662449197
-0.29179256665960135
0.2697606990356404
0.07986663320559925
0.04323599990793201
0.12716785741274922
-0.05531434007433013
-0.1786864176357995
-0.13819689010046424
0.20303955905625118
0.2067310350905012
-0.08310730673906859
0.23138160192625246
0.3580843836303574
0.010676101963140028
-0.06626538170850653
-0.07299618809502598
-0.1483351980780487
-0.04669177502349549
0.16364243161242203
-0.10408323055377704
0.07794066073846978
