-45.26715222541635
-3.4467312400074253
-9.512731145264409
-12.546322327696288
-2.9842714899758795
-6.781452870355973
3.6173378389258515
2.5358764072631845
0.9009485407092958
-2.1221552534384274
-5.749625347783667
0.6621267109886215
-1.1735752588219963
4.269668637609486
-1.6359319816747055
-1.9212884137830453
-1.0923669784812233
1.8028328720920028
-0.21193411511778135
-1.481202656600057
1.113382372794728
0.6511772244733979
2.980651775636451
0.19154475554361275
-2.861643511924507
-0.9405064836005685
-0.9767885056905137
-0.22363958075336396
0.3386393983626836
1.9623470940483565
0.20917325056501662
2.429861172231426
1.099861617351082
0.6272182222450972
-1.506689174017764
-0.155100860000501
-0.7417765411363468
-0.7769538409206311
-0.8886198296684151
0.9983301855480504
-0.06523961952373909
-0.6692025836398009
-1.421823300350775
0.47224126011748124
1.0551109097552187
0.35923011056055704
1.8897879744134896
-0.47060013929115263
-1.5119407441593642
-1.9133316491153338
0.7959631930791884
2.448565492595204
0.09629363042171016
-0.5466963432311669
-0.9635066798253765
0.30577577826234653
-1.4350009725335147
-0.6522686316018167
1.2360220787642404
0.28594797710079317
-1.531904408832329
2.22138803654381
-0.9508106575558251
0.043437456157314536
0.6348703759599489
1.1776035277716732
-1.9166909317526588
-0.6462291496007249
1.2306476971595486
0.4724279294125645
-1.8963860103395735
-1.1393227397976506
-2.295294895814521
-0.4620273481238054
1.25826419355867
-1.8932853743167064
0.25386084861838576
0.41943900649584365
-2.0378475446535833
-1.6338580815202912
-0.7861135031927878
-0.9422438374755276
-0.05198914312022615
1.3182366777856298
-0.2768088431160527
0.1437462204724747
1.456567445950961
0.7078589246295957
-0.9630993122262607
1.090038619966618
0.20518749360094413
0.18369003663396605
0.47732570938425034
0.3667099556952708
1.0237197022005884
0.9340151230545325
-0.07758768791723275
0.04083458788781919
-0.898045724628306
-0.8747132605353488
-0.8768208791535346
0.4851110709699627
0.4939449915033141
-0.5406195627786764
0.313472418372601
-0.1297112137263932
-0.6936375026365343
0.1979147215315597
-0.9077166685086631
-0.57047801613294
0.37035990215630055
-1.4178034856040993
0.09555461048301993
-0.6028612265446144
0.38565197954925834
-1.4469360141307892
-0.997424169996285
0.03569031049079741
-0.0915581350734368
-0.39433743494890183
-0.821923176020681
0.7177670015482589
-0.9502603954695327
0.5853454590393204
0.4484453060427457
1.7768657771764318
-0.6199617889867264
-0.056687492877205974
