107.24439348295961
11.339491191127433
20.636161482113522
-10.597644841026886
6.436593445730829
0.9847869061477701
-2.815653834122785
-6.258748453305715
0.3890570383801014
3.968559187445554
-5.475549283699806
-2.2644080020657564
0.10690775889497076
1.6360971319903643
0.4258668790185608
0.2995837287853306
-2.409761510633447
3.0817849010082554
-0.1976175820683502
-1.0812456657102565
-0.5964602741079514
-2.5280680213998155
0.35379398770702153
-0.4778048799296955
-1.8251104116832408
-0.7062498308630971
-1.4341194535515558
-2.335841526073952
0.6477817660275218
0.9153376148852255
3.595683609096078
-1.827345944197842
-2.132215543459189
0.6253191061243745
0.6390952786542379
-0.5958291895409707
1.3705771163321967
0.806112201060784
-1.8502758437085585
-0.4097566999708
0.45622696023111037
0.9183857301009817
-1.9276465415059645
-1.4897057024551137
0.5545990509419592
-1.137596723011199
1.5621134100204654
2.877507350537275
-1.5736463664422553
2.797893545151655
-0.2307507389361091
2.098983828231412
1.0417460665802483
1.1990306012429945
-0.8602672046916137
1.0154803302284117
0.4036759942701399
0.11942074473403518
-0.20237633205917566
-0.4099018254739638
1.83931257109805
2.6415569909037266
2.994396003876784
-0.9998901990322372
-0.8484485451145252
-1.769562419356838
-0.7650873785354209
1.5663136239646687
2.316074259103211
-0.6881132205734448
-2.6162644566908915
0.7107669531152329
-1.1525875825329448
4.141105131849739
1.1470600213363922
-4.010321577337392
2.985518350727544
-0.3609425305512258
0.1257376998426239
2.9936245243500688
-2.5304726949826715
0.08547216662406862
1.4351702034843048
4.984503001393864
2.045633827766188
3.201556912478136
2.2644644575810067
-0.7567015953488597
3.107530276189183
0.9691301882522663
3.3269526416848034
-0.5152559462416595
3.4051299425277413
2.603521550843556
-0.5575020229447315
-0.8972540764509693
-1.637523636241431
3.1190913167781904
-0.30212234046894476
1.5673224009236226
-0.7675986307240086
0.20616829041416684
3.213871569518273
-0.4898699240519228
1.839424170841529
-0.25967435898120195
-0.82747807778907
2.2431409629351977
-0.8742383907761649
1.4374482033876612
1.280345357947244
0.20687676026199436
-1.0914490268374049
0.3428988197813856
1.117526038628378
0.38661445824192
2.4421582696250344
1.3794161083607865
0.4951753644347212
1.610382229726748
0.7335452173322471
3.1624299772137254
3.204549082894533
-2.0859718842473502
2.3728103208755105
0.8590608725642888
1.4915708310070568
-2.011935383142762
