-50.75171430842858
-3.792236189910584
44.84392418745428
6.729807931693364
-1.0887915366044931
2.927037264893407
-0.9800119710274393
-0.6393135044580067
1.331800144425758
0.5266997825503705
-0.9075249248438931
1.0869952069115418
1.7507658637543364
1.1698373990945723
1.5088886065792477
0.8070927056599896
0.615317875097629
0.7065525436530902
-1.161937520152596
-1.0732272398653282
-0.21657770250565572
-0.579762355036036
0.7937846281071211
-0.4165832373370533
0.3205761516216913
0.5850799834898672
-0.18105265282691987
0.055052014647809455
-0.3849787733497892
-0.28286164686773074
0.02901756081264878
0.0092738155857168
0.23371803736130084
-0.25091991046490564
-0.06162135851601093
-0.14300687073131402
-0.11091275657490546
-0.2431588327476282
0.1335763079736442
-0.053541120828725405
0.26341908254163593
0.1416847601826462
0.03338330811242307
0.2766439904662317
-0.00881113198778775
-0.309998041245748
-0.0657172142789638
-0.07516655399922564
-0.41139925585867654
0.066714156753418
-0.02565035660545219
0.0030280048400942172
0.13534517664836754
0.19718300825399873
0.3880486410605283
0.0017916174810893026
-0.15064191348706618
-0.011145661649209576
0.30693631170755054
0.21169685645614394
-0.1561453693333448
-0.09993880026832949
-0.018135451558647306
0.2896891511299644
0.1023404382529253
0.09900098508736027
0.28977126010938825
0.14557439696917657
-0.314662184337406
-0.45166995805937643
0.10685347516097723
-0.025305177043859962
-0.09166046543809866
-0.06308674914074856
0.2559580319853171
0.5242898230471479
0.21566210308565847
0.09400534634581774
0.19571180853470588
-0.11490572317702226
0.4076385737356719
0.016726965051907683
-0.13338380923651288
0.07029653212571604
0.16906310425566734
0.4648009703425736
0.0610535076091622
0.17643347085498085
-0.10375992723389875
0.2732813260140867
-0.25090454496653386
0.6796409612750738
-0.06987025993109246
0.4170669290345314
0.15035292402521447
-0.3073176399877407
0.013858528986866098
0.33673734713488757
-0.03551400902615094
-0.2007890228887223
-0.24857974960569507
-0.17523384298396408
-0.11503558585554514
0.16143155627222894
0.1764396168809618
-0.015773814393956614
0.2680911271123284
0.025860626124933832
0.25955956769204624
-0.09027437649868661
0.13377962080307781
0.3208259519503403
0.014606305326560286
0.18263659592717657
0.3164441860180882
0.5239681299364863
0.15427618368311807
-0.12821562686585763
0.0905014663055061
-0.1261551534622555
-0.28828386149140933
-0.01740919615654335
-0.013256993022048413
-0.2061118635493866
0.23956465431644175
0.11291314739380562
-0.24265234358135188
0.33611601868242375
