-44.98353420734662
-0.3964961621253259
-7.829718047582083
12.27078161621007
0.05377770994112929
-8.43768404445922
-1.8564901504692348
-0.9076639877795497
-0.07599228378130439
0.1773501699568641
-0.4571416808561213
0.2513711039753806
0.4836123632538195
0.5089164870441194
-0.7531917695933303
0.029620373172391523
-0.3693972149936857
0.48250643274634614
-0.2202461412210462
-0.09347788527438164
-0.0408886928801862
-0.08456773179842156
-0.14271288773507645
0.05786361966828936
0.17762364728852978
-0.1912103092757968
0.20682104907329885
0.2797662085245686
0.0035366540898767868
-0.16316117970651364
-0.10179591696680945
-0.16605245213958464
-0.25752453089724603
-0.2381192694155689
0.17328806598509247
-0.38362009516281725
-0.23536667792995097
-0.23945549022267978
-0.19476894118486002
-0.4343707699797441
0.4260491344125887
0.22497384048251592
-0.06612308485572566
-0.322774535067393
-0.10691999446180943
-0.14372254298298803
0.11843701341075002
0.0039060751252189413
0.20072023271870532
0.07141614408216534
0.22100201146593373
-0.010325611278936421
0.6108605645011569
-0.002649783385808499
-0.2209188518060742
-0.075473763931449
0.40083294665955305
0.025919021436235923
-0.039559084555068694
-0.06415067040013
-0.18619757435505957
-0.025676032366925644
0.4968186772132806
0.16273093651440063
0.1777527603264737
0.18478355876853425
0.14530954572644308
0.01900556271445323
-0.013305320023754171
0.07113525155960919
-0.0007095120667299643
-0.44116604437554563
-0.4746553048488126
-0.1446047281561543
-0.08429886708195859
0.3631438957155074
-0.381258023909304
-0.1781130384236736
-0.1529926017443061
-0.08427423257304387
-0.03453279101590431
0.10965099772607366
-0.04713088625597699
-0.2106323344341512
-0.08273899825400947
-0.1316334334091947
-0.12370316369715129
0.0866491701538448
-0.006094306495541662
-0.4131039379593331
0.062915037833913
0.13517339961894775
-0.05536457101083467
0.12480909305059534
0.01163865864472663
-0.10808886918755528
0.10370189705697587
-0.17576216153772015
-0.23050455420551086
-0.055343311137096896
0.40042367483798846
-0.22981284398936336
-0.02282883710726927
-0.10099813472040772
0.07323015741758715
-0.15493952063428215
0.012321626059358937
-0.1412076177336744
0.14814282496592138
-0.11592780196993548
0.09861080205286193
0.005192426290736463
0.2170233926352717
-0.09541592860221518
0.0363840315880522
-0.03794229969242276
-0.006845475048369201
-0.4035185791995135
-0.09949026654979717
-0.11045403669419065
-0.19717264299939846
-0.21500410200895217
-0.19621484184977978
-0.07350019866295326
0.2544315202237449
0.08747432874847141
-0.14705826411012016
-0.1774836899024264
