-48.70243929803248
-4.689955385803538
-9.608080380741965
-9.036094302533341
0.9984830541128267
-2.6903578555512335
-0.02464718563672169
-0.8097427766753832
0.04475876822912095
-0.8702774198019813
0.864563918611074
-0.17505988991379334
-1.7229284270155691
2.059495218986877
-1.1500693108366997
-1.0260882645839138
0.15788642058149419
-0.42838447630205045
-0.5155323629765164
0.5368066774033521
-0.4473925723039227
-0.3956265861170423
0.06861978937736546
-0.24614951181419825
-0.45087639055113055
0.022439886532569092
-0.07934277062996575
0.016311577434949875
-0.43460376096306014
-0.24664432717036022
0.30379004151261374
0.39376864418628055
-0.3119422739237899
0.0842953999115304
0.18383706753724138
-0.3289266796870633
0.04584563401941916
-0.24373030814039584
-0.12615804175204057
0.19197485536363637
0.014406977336363258
-0.10342177299447744
-0.1856294227731527
-0.000674051038514395
-0.04407058932094339
0.3249371414934907
0.2934600745214814
-0.16472203643675448
0.2074764210817177
-0.18285368157484833
0.2597232941557991
0.006938714174311927
-0.1479733130612854
0.2089946416761205
0.0332290512458511
0.37563184311003134
-0.2282225546925939
0.060628329108748685
0.3439923432855283
0.04740869756095377
-0.3632523212548447
0.26252787484478174
-0.14419413717432628
0.09142930844255209
-0.08994066501636208
0.0536121338488178
-0.13638293580055807
-0.13853132196748846
0.08163129154535567
0.07667675122591869
-0.7180463306716016
0.22568753248084739
-0.3141083913224554
-0.0733955765727299
0.25491161501780085
-0.28112296554515076
0.3485604329798371
0.21980189162457775
-0.43629178070036057
0.09425970971560463
0.000630368839163592
0.2973601414219305
-0.03601649060567927
0.26429353875225226
0.16127065637430113
-0.246789532865055
-0.061306201565382606
0.3008295103647284
-0.2922351137531786
-0.10364254126810178
-0.0998881717332391
-0.13323661594931632
-0.028794815233106064
0.4181749907066813
0.2263375673726582
0.21758681310978534
-0.2627279560823946
-0.18091358805343435
-0.25158825607492635
-0.21513138558315376
0.13856589142005132
0.2619694777910617
0.23193971800459864
0.053909904266916234
-0.24306606161716227
0.3536118688219474
0.18896386120557312
0.6280777466006761
-0.11132881097754505
-0.21605765903111432
-0.2979526575648557
0.0038834127951289845
-0.028289207822496942
0.2120945739953086
-0.1617290307323387
-0.19740608492594244
0.16349551005533935
0.3300903962805643
0.2270165547544737
-0.134667235778866
-0.015274492160248065
-0.06138266574996648
0.022483318475712083
-0.23595838368114855
0.28965678178750576
-0.15309259157445254
-0.0514784790027029
0.12935687868413628
