-48.56707706449461
-4.869948823253016
-9.810002674065368
-9.115308083314249
1.0432915036893322
-2.7210497114206467
-0.07397924668810735
-0.826948270468409
0.051751651778497526
-0.863283936581863
0.7151695304246328
-0.15950772716194933
-1.7911373130078483
2.3242674979401223
-1.3116477599887548
-0.9543752032406763
0.11796170469594389
-0.4580026329276491
-0.35323444559259376
0.562560210038969
-0.4438060306983978
-0.35927533865551764
0.14035734912575187
-0.16393592899443862
-0.37904913476204216
0.018609789928459602
-0.11278530305293488
0.12925662585433906
-0.3430086594695462
-0.24710653604922184
0.3894230732374864
0.3165307270597619
-0.35422062452545955
-0.010760488828087722
0.2028261974480126
-0.33341137935337894
0.004035459060736851
-0.28090734639158227
-0.12004036372264054
0.16066186328094906
0.020370045915145213
-0.14142182581755902
-0.09118636959192358
0.02182476009213108
0.031294641092314626
0.42477835275967785
0.32779936423639666
-0.03722249841840458
0.18019553173834713
-0.11459160936781634
0.19028746970564936
-0.060388363127307755
-0.18649104804969244
0.15448552679405653
0.1918429916675053
0.2932726358536698
-0.13423766022307304
0.08802279427143823
0.27276986989521873
0.06308722877948839
-0.3537267491128603
0.19326483827563926
-0.0906422265941546
0.1704278467848242
-0.14459762426503853
0.041572213283482484
-0.059459254305584214
-0.08896822439341993
0.06169724834639319
-0.0075975413376819685
-0.5940686304818809
0.3244256647569507
-0.2748119598610862
0.012884922540089272
0.07476789440708076
-0.3500651081609728
0.3633114077901493
0.139466058178263
-0.34353904721057105
0.16820718554674116
-0.04318829281829706
0.31044566267383356
-0.025320197988554363
0.37831224672287916
0.21910491900327814
-0.23599061825577958
-0.09235215439111441
0.3042429281028897
-0.23384789224725905
-0.005093101942371059
-0.07142996734780521
-0.08725072109272165
0.04880639770219983
0.3857664852983985
0.1600909084599132
0.28508534093426885
-0.2354054838587802
-0.16561256642587374
-0.20627453833423592
-0.16054383811368658
0.11129858906729417
0.3039609972345555
0.07267165663339056
0.023194175915121608
-0.12432884817612075
0.2415241671293656
0.3009129760430918
0.5122016137737975
-0.07918352604077318
-0.09702345729415701
-0.3131100619764391
0.07249309098574998
0.02982656991892091
0.18747989193805642
-0.020286822458252484
-0.09473288196342311
0.1558615967862469
0.3229290398859098
0.1745125448798639
-0.17020973357153277
0.02585728333192841
-0.20336146615840217
0.09482285736818055
-0.2406752482974774
0.247566751286661
-0.10879545070981518
-0.05508034108589241
0.09345617370790726
