-48.227581130134354
-4.931227645505481
-9.608327050614502
9.806592937191038
1.841740486794472
-2.8422496904196173
-0.9980390943950589
-0.2578163534315124
-0.9542953574899569
0.012276831028250779
-0.12233668139377907
-2.9921093283679863
-0.2578764850823832
-1.437895490665218
-1.8319599571973355
-1.2403205507127475
0.9275065529853244
-0.47631559487080527
-0.683864726911714
0.8307961080103762
-0.3742191238699636
-0.8773310064253294
0.3297313133587336
-0.3281002173491495
-0.30935996857791503
0.10405131199945014
0.283246487205717
0.2787062896147396
-0.6125072868626686
-0.04999909634642835
-0.8663751031040192
-0.26043814802900345
0.3623390302776267
-0.05847102462664368
0.08896132367722626
-0.18457278068455257
0.20733163049363593
0.4527434050187094
0.08873777122514231
0.3799609731455126
0.1857668580524016
0.032763761679707015
0.18234556570316884
0.12936664616804522
0.5316357189965479
-0.17566358581614716
0.10993488667487386
-0.15865755672295162
-0.13771421942291623
-0.24206366199896337
-0.176884301602105
-0.21694468326344568
-0.11991389291269061
-0.2213249838709488
0.0691694673176112
-0.004623579467437633
-0.025693787869020518
0.08982281628001937
0.11539469323587721
-0.06425138717316868
-0.06777608589845988
-0.4329647248262229
-0.4975343952079373
-0.4087295313025512
-0.11055270723858167
-0.20337962787091507
0.08699746490249219
0.004606937157833467
0.07726689188900958
0.12932305712162356
0.17164919400353987
-0.09126890978572824
0.6064817506888835
-0.014117652258838136
0.14578012037303148
-0.04730489170013169
-0.2182414462331767
0.09841640623293552
0.11744837817095333
-0.01783867929259167
-0.059226093375537796
-0.09154086215904864
-0.20797219214167992
-0.24373095189384913
-0.02475939738971584
-0.028782576674478616
-0.2932661768504795
0.009666625457323053
0.18826346842206387
0.08852673412475204
-0.16238397151406425
0.04086511732952802
-0.37875344117956644
0.2720780806367396
-0.13853934938169388
0.3004284360848057
-0.34768350450992974
0.23533824233679868
-0.1793742985642621
0.0417449055117457
0.10105110447909625
-0.13835774260599065
0.0011632021901803596
-0.02119664211282729
0.11556003823765798
0.06934837728532457
0.0886344978384178
0.22421563743543532
-0.042457396966625434
0.11941184167617144
-0.06842240935742097
0.17702810264924043
-0.10315912508552474
-0.07246109226900109
0.05808455018507115
0.2835695730664993
-0.029758489716813826
-0.01623222134149447
-0.026324597700852242
0.05694496333222775
0.3397370528237941
-0.23120343534512922
-0.0849994292145464
-0.07237148866893545
-0.15627208378296242
0.008856292907087372
0.23250492755901475
-0.2564185565106998
