22.423819403402593
74.70750624610669
-25.479799626283498
-7.85501636252901
-3.81847601377703
0.2199230597215447
8.379264579099477
-1.260486914765609
-2.0211691286611853
-3.0644917220711707
-0.840640026772447
0.981798529701246
-0.3166262370209151
0.1107028594115815
-4.607432806610143
-2.6506585943386813
-8.473259456577573
1.5813536827153813
-1.8690940682395565
2.7552450040283527
0.10229832779547252
1.2987777051229916
0.43286754549553097
-3.241088269799328
-0.150839375722522
2.4906209550743625
3.7479211676337907
1.3320212661940614
1.651956455213095
3.3195806712181963
-0.17850563594277166
0.8497792318926047
0.8480212975745666
-0.3691656294384472
-2.5360609315074623
1.590057677789554
-0.658818248134913
-0.6974821397530915
-0.8309725198510767
-2.517651351797734
0.04552296087436665
-1.2889876017515947
1.8865674475855503
0.8229886815820515
-1.2372309693374315
2.063327022745036
-1.0480166681226992
0.8582885839936811
1.4125133329987052
-5.452807724687889
0.5877314312791939
-1.5947692145227015
-1.194709796164596
0.1146170459610798
-1.6285441166479948
0.11877935629820348
-0.4818320423349346
1.2945730751963214
-0.8091173584514718
-0.7876589297267164
0.1564378753950748
2.01486425515756
0.16490196570253654
-0.08746640487854163
-0.11930743801422293
-0.3631787798865796
-0.49965107791669783
1.4831063760094485
-1.4916796920029762
-0.7280221010424304
2.614557480586931
-1.5282239563419562
2.639431638037831
-0.20185425827148773
-0.17682728599728245
-2.392953824374353
0.47960893017210066
-1.6765806002252457
-0.009034954080320151
-1.3136938788755883
-0.4344544048260952
-1.867827119480752
0.7830814051573335
2.9079605560624318
0.0694143958718495
-1.7484168984944977
0.9230666548824603
1.3327379038325606
-1.1909705916515496
-1.0997805220604644
-1.3360997907491643
2.367974967876773
1.0101132120738514
1.9245703519200823
-1.4087524596923249
-0.6878608716077333
0.6887714330068996
-1.7511532995315389
-0.9478003647024429
-0.46913262568470443
1.9202035586777337
0.583511250239375
1.0471882646986719
-0.7146221999827437
-1.8957906798986404
-1.1134653220014172
-1.692046668176822
-2.154003173736189
0.5826611086472296
-4.919752980982403
-1.1381143083534084
0.9699102424743721
0.23649792106971226
0.1975496386931621
-0.9133430109294024
-1.2014505427785067
0.5009605057994836
1.7318252804900947
1.106751655336795
0.46258101697514775
2.0619359947867872
-3.0169544088136457
-0.00835935041448406
-2.3868395504564868
-0.3710397752764022
-0.3193630301024108
0.3869179103661633
0.5289430046446706
