54.98451383823001
-55.10698568305185
47.14209107077358
-15.419141483134434
-9.117458787323315
1.6932501110562714
2.0229114972922906
-3.888213993366342
1.692775965382587
-2.2820029219385214
-1.600282487623627
2.784766267499834
0.20222210970096077
-2.936363622644256
0.9879536327945296
0.3054737154655385
0.2678003728436313
1.476656011582277
2.2070738822912905
0.24857741296053565
-0.5969356960195589
-0.20232091434555619
-2.2461848421986383
-0.04825268358987256
2.282386536581345
3.2241151066492755
-1.0692823867016057
-0.5690238992308435
-0.2620239354803421
3.187736580236253
-2.0019859860381413
0.3794556224544455
0.6083815453448298
-0.6194231314401738
0.42719589727012075
-2.3708186599910204
-0.7184110165787019
-0.2144085907982658
1.4158450177891722
1.221571832311746
2.0590019165882314
1.508307240016964
0.4755121663956396
-1.1240701224604248
-0.37194091899783177
-0.632753168234441
-0.7823934931959886
-1.3508395934567043
-0.38982013206447413
-1.5510521932963304
-0.03749688069681627
-0.413212822827945
0.9379090988964696
-0.8909601353221028
-1.1220442827483987
-0.8319358212661562
0.7867017562620588
-0.05911693762150516
-1.4744422253551834
0.5993729150014973
0.08217026911505274
1.7029199542328874
0.4474543307839704
-0.9219754170418715
0.1717834934471596
0.37479026738470833
-0.012400044923176132
1.4727403539414552
0.23673346568333742
-1.1712815731562713
1.4321132911203232
-0.9319929890100558
1.1821054877569437
-1.0652354890097502
0.15873710536728597
0.720794095298425
-0.7564626172175968
0.294558398150683
0.9644359409548547
-1.1722664138862442
-0.8105091647219528
-1.2219574895038015
0.1684111231242315
0.2610045426125361
0.24664331953905358
0.45870995697183614
-0.1662065057441344
-0.19064183192105688
-0.6627934331779453
-0.5484395765213552
0.15712666138678436
0.20565392743935917
-0.14052328704338604
-0.07649604355826924
-0.40358781191269466
-0.04768723310750811
-0.31069790669012554
0.5426604169821294
-0.24050757949447982
0.703007229605834
0.2049416759074296
0.2848562367862587
0.8034940988740051
-0.6769189665690777
-0.527188576769976
0.4400328225230016
0.7150927693149218
0.7726297768758807
-0.47090607331990525
-0.4652506880308249
-1.361040807796955
0.3447311841558585
0.4110013851619533
0.8438252397857591
-0.5369296391696502
0.3846163061268023
0.48995299574504747
0.628737058368594
-0.5363137251919792
0.37654531303101085
0.5610798442380979
0.2813788187136651
0.048559118270579016
0.5365688302980554
-0.44439566904490424
0.18728549587787335
-0.6162805049470275
-0.18677547429438546
