39.53725825498902
-56.871195185605124
-7.896555543474555
-9.28534776220002
-0.6165245632241724
-1.7874630934835665
-6.853570338504186
-0.23233506051496672
0.44546804518299665
6.551328555795962
3.1404460317633975
-0.5977923886557648
0.044024964926865695
2.719671091766579
-0.17576309796309492
-0.8114862121875084
1.823216700273849
-3.616802654248635
0.154355790235169
-0.09661944676821538
-0.7267126280961986
-3.1582652119559693
-1.7145935177571352
1.887531519044777
-2.220634696484226
1.0338066693090067
2.3465356377864492
-0.5509675197731725
3.1294781267306204
2.197310314917952
-0.41299783558104314
2.2990563656294056
1.6441281397562908
0.7643012906882887
1.9274636927049387
1.924381905820636
1.4555047339064344
-0.8759104964202693
-3.6683579633752132
1.2356165391604645
1.9340752468866838
-1.8582061006500565
-3.456117047207346
-0.692162640943391
0.7499100900030947
-2.4916142356506237
1.7309400639141839
-1.266336058325314
-0.8334662086312422
-2.051486888072952
-2.545304599947854
-2.739028462523571
0.6626507205702684
-0.6675955127512437
-0.37039310564101213
-0.030803759453572232
-0.8589736795190361
0.7060334344899725
-0.35221341087178865
0.48682849341010465
-1.4528074116957572
1.7311068922914272
-1.1143529733346362
0.85845262570898
0.783580525582888
-1.5322273392151164
0.4638174914440288
1.381760841545025
0.27166640311984985
-1.851804779816951
1.2469558560544853
0.8705903909601433
-0.8557099798498274
2.094809768400993
-0.6785901203902933
-0.7296055410397778
-1.4478248947603516
-0.47687555672385556
-0.3769173877441655
1.0141299623182576
-0.4124048918438797
-1.7237335498327437
1.9146250354507601
-0.7531769934577632
-0.1736581685743973
0.5502633350310953
1.1755895542592747
-0.6275276874092777
-0.30453261498205675
-0.20337398277816757
-0.8445459040421368
0.47350625078709935
0.5002928414995632
0.41041481901037197
-1.0500285768802449
0.6010553706375018
-0.5198976554832887
0.7917266623253028
-0.7111461295881086
0.8966675235034636
-0.7952413968049115
-0.44822685697152914
-1.2801209313084232
0.035552639906558534
-2.1072468528890966
-0.07817572187835897
-0.06692201803912791
1.5795159695020917
-1.0178936358992074
1.4604388191077304
-0.3478596514600967
0.3206283637705674
-0.20776831977188442
-0.07458345459947995
-0.9988495451658391
-0.10940930139004076
-0.7523459478972713
-0.297051224515423
0.9853073181483739
-0.6040000245720207
0.9690050068859606
1.7272153460472903
-0.6127011463012457
-0.5804005803552127
-0.1017517712945511
-1.3427109283679746
-0.2881180261510942
1.2875161741061023
