71.37841987535518
62.36421289542362
24.214119024505642
7.804375681401653
-2.7169122562009935
1.5655421420908693
-3.494415158140716
-1.8191386010823591
-1.0842647166397215
-4.321460816849494
6.343176440122639
-5.356901374707116
4.883153729064498
4.521505388239788
5.027806491328627
-2.2255381214499805
-3.4435553327148885
-3.1772264837863
6.14078113843472
2.317872015809129
-0.6799623695612194
-6.9695463932540935
-3.304127346950647
-5.070306928415114
5.832900559262253
-0.6083656016705479
2.7947695773207473
-1.6435784845640475
2.0168313930719814
0.41411241269623705
0.949400251895073
0.36650750567565715
1.1224134229729665
-3.0805449367623976
-0.6805026482478274
-7.613480048829126
-1.1750270994124516
1.68043098048219
1.27055096033523
-0.034959287649122144
-1.3144653774316428
2.1471601562870615
-2.0543162851592522
3.4929861397646342
1.0097004287593936
2.7369952507051063
1.0714188116441266
-0.8409711957024508
0.605042021528888
-1.8311309696897595
-1.5275081285225875
-2.1807471978595507
-4.3604849010424935
-0.4188812689934139
-0.35601023800097215
-2.9676258493765233
-2.4401087562057167
1.457268831140407
1.2415893250292158
-3.272002288522502
-0.8107056658780563
-2.1533478926314693
4.767601076254401
0.19233850154482351
1.6239261859549619
-0.847629148185417
1.6461784710401735
-1.290796292290744
2.3829024187813914
-0.37543670787660205
0.7077626046599538
-0.2611083537537334
-1.5067643705290128
0.5616574316028711
-1.188340506913225
2.3950331975904726
0.6574639686554142
3.9228709850516283
-2.960272891826109
6.082738471731373
3.941418403075359
-2.17856916561098
2.670615597725255
3.991750515320547
-3.4824711854571997
-1.8115105110440204
-0.6750118201853542
0.9164386657173798
-0.6211185424922794
-1.7981409443364043
-1.2448885369261378
-1.0413270340939853
0.7646722018160922
3.8671938716831895
-0.7841691318769598
0.0039011272836012856
-0.2003779253098036
-0.7553718789755923
3.8678323252825106
1.420258557201859
0.06668055332145076
-0.33976427919637314
-3.544983834486999
0.7071230559442087
-1.5069513394264702
-1.1145840426333464
-2.5210697536258118
-1.0971409283405074
-0.9305059336515646
-2.754339641060529
0.39396018309179204
1.479689292847028
0.5768514507243736
-2.5576456049446836
2.843511508612802
-0.662936769567114
0.760271923920491
1.5060984409926301
-1.6545668262385165
2.190557658992095
-1.416228122212808
-1.6676559060959422
1.8330329550830373
-0.23859643241481338
-1.1593851425298596
-1.1305246536541236
0.6677388512797813
-2.4806255157076675
