18.36473943886751
70.16475599636385
-29.948798861785328
9.985771626291434
-1.4888937683235175
-8.195136285626601
-0.7285722627504598
2.968037695889805
-3.1267761352016596
-1.002644832963428
-0.1114434199385903
1.1718815676141874
-2.5719527712203387
-3.0649763182184606
-1.9689429919460828
-8.528202149209184
1.7736997559477183
0.8125073691668606
0.0955633328684069
-2.369724347942645
2.8982279105715705
-2.198035083155523
3.0120157572849466
-2.978539285807304
2.794238051943109
-2.226645100736258
-2.392321268372792
0.6640573725374127
-3.5605212246502638
1.1236101916336074
0.33166012183685956
-2.1748578737444073
0.6287501862287761
3.8718594859225366
2.207153132124197
0.48076220248301216
2.411061635583787
-0.9714334610086497
0.9416864571361053
-2.641317937241278
0.47261145361733314
0.9468140161937786
-2.13020420488651
0.42591964252896874
0.3098053914205529
1.6855059162500103
0.5820564480558481
-3.235819370409335
-0.16321026355215806
0.2142396947052824
-0.9275681047123908
0.014034350169897208
-0.89644437068148
0.10531679576949801
-0.7865977132219404
-0.04746095140189088
1.1031545495389177
-1.0144704993588616
-2.047412591686416
1.2762008315290037
-0.05202568223877382
-1.2820162284128243
-0.9078148012197411
-1.2350436886204283
-0.6652113365895727
0.4920417677795249
-1.732796026148683
1.2833150033147895
-0.4400834070183839
3.5634429284228926
1.179181285743967
-0.6862885467546975
-1.598197301441254
0.17047113719083057
-1.5853919477488116
1.4304463973888424
0.9651905064481916
-2.7008615607084017
0.9787889333775097
0.12233439281970217
-3.328464389107912
2.806840178970991
0.6224466117156079
-1.8477866904581794
1.4224009720344366
1.1066704480653522
2.550626677036123
-1.1554774683111821
0.5163757108390252
0.553363622131352
-0.1708898703298644
-1.002956723787861
2.316249611674617
-0.9034240069090145
0.4350938452993073
-1.0905451404615865
0.50267789409383
-0.45014620488894447
0.42701166515736966
-0.3769958806136418
-2.4048659255285254
-0.6805549380045235
-1.3244486370689577
-0.4757124296704144
-0.5902697620488404
-1.02321353049827
2.4819263307494475
0.3227601312979447
1.2993101361179618
0.7408658043421518
-2.3083853349254784
0.5262942235518512
1.8531576091184132
0.7992570093549876
-1.7855482714607775
-3.9502572163737892
0.46766331532818817
0.8425317047252392
-0.26603614790932817
0.4327613250442473
3.256456592869494
-1.467339077956147
1.2847664493271727
1.4308402504534639
1.5185513967517172
1.7786848309138579
-1.116864094169891
1.0690530061680175
