-40.41914246468285
-0.9238228637807273
-1.878159415983774
-15.382375218047303
-9.262848623221686
0.6653423332414465
-0.25118304625536614
-1.2591165502551003
-0.21608237232825925
0.04977325482789059
-0.06757195172745496
-0.6777137391812339
-0.13352187845864708
0.11728711654575694
0.026294352713607694
-0.5863148682292896
-0.21616498586094818
0.01967022226639191
0.45771062438954824
-0.029862773176640448
-0.11397226097963906
0.23245375089136794
-0.1596116440948191
-0.2990435145122641
0.3303484514829827
-0.12977830281101418
-0.18780323452817582
0.0037752468023194985
-0.5926286813921309
0.06436590169616425
0.3439883667802801
-0.30450892741644187
-0.1391430131032304
-0.5010653137653429
0.08429585355991018
0.02102527057630746
0.03125372068403322
-0.07974327201820203
0.45563782302133393
0.3115393546487067
0.4072838076091787
-0.13717649365223064
-0.36120255964163706
-0.3583765961140859
-0.052257775717369045
-0.5030105399117832
-0.5343652017734838
-0.009512984298289855
0.5545405567937127
-0.2735636196360275
-0.1388998471793357
-0.0210255073977587
-0.1483870387365374
-0.0386282098988282
-0.21979667127338193
-0.11708453967690792
0.2546535971633801
0.21276369996302297
-0.12580431118285504
-0.22355827870674644
-0.5050887144809837
-0.22072272209463023
-0.024610078675804933
0.270471076988794
-0.21526800181252637
0.12633510770611006
-0.1277417696622159
0.2290302829538547
-0.13656382900143874
-0.8167190052558475
0.19127937536921757
0.16278375809210943
0.3316976959621765
0.2747062526791883
-0.19369091276965147
0.16924355886497672
-0.3959711133988492
-0.06618284766278903
-0.19417011190390757
-0.18105389570075742
0.31283480223054627
-0.08751256750414396
-0.0415912772261211
-0.24146678020077839
-0.027052498537530695
0.05230345816737325
-0.05124614854449841
-0.049716206637465454
-0.1630361279042905
-0.059287465874105535
-0.10000706488780996
0.45139558882379527
-0.03594289671145314
0.13271087954957286
-0.3612222903253793
0.04113408087722132
-0.12620755090903346
0.04593136739925005
0.5225279045603658
0.22073910467578153
-0.20048850800904514
-0.34708783959156114
0.3633151730339557
0.3513056298677752
-0.40780198897103753
0.1699722444365095
-0.1748284704432353
-0.3358746958284009
-0.1301097341398038
-0.09427381801406182
0.09937106893289122
-0.12165356210549906
0.0408245145440927
-0.14459561160768675
0.1215364291594235
0.21480622465846042
-0.2933039242381086
0.048528017553807784
0.33435414288090365
-0.658283491593461
5.1521741407673655e-05
0.30572044265366655
-0.45124865742109715
0.03513358105123898
-0.4362110692407691
-0.165532991319457
-0.2643967799475029
-0.3536692573752535
