-71.79434896379378
1.7150054467014062
-4.554654571234736
-9.944346256722243
11.063848310191421
-2.8293566783508206
-1.4123904200822441
-1.1093301953093535
0.3653056255807017
-0.5342177973218395
-0.30743444447137447
-0.4464580246385924
0.7002876913890834
0.19908701350876462
0.11086288413194345
0.15134582604676433
-0.13684206542715893
-0.26891321699618287
0.3424391234022716
0.0791680176357964
-0.21748785525322845
-0.4536426100016754
0.2072572850812497
0.2677045293648442
0.3804003733203234
0.04617585635776915
0.030807044456460236
-0.46440720440695116
0.19510585925313687
-0.21625857607691074
0.39047833371901103
0.3680631337582284
0.1751836451964042
0.2115930274985694
-0.22916120558728315
-0.021591703792023353
-0.4370884079739663
0.046674172009411624
-0.1765754399724681
0.1169946464273577
-0.15347306208252434
-0.1823108046338744
0.1543976630796158
0.3771542982513442
0.04833683777243223
0.026539471074127165
-0.14941963430275346
0.10911149563831815
-0.31622308478428796
-0.4030299772671191
-0.17057758405710213
-0.10551156761771507
0.06816723687198378
0.21057135090278856
-0.12628851463462257
0.3391847329827961
-0.14346057374881335
-0.07603958953630012
0.08909565572276826
-0.13977241071739616
-0.10194282008780357
-0.19017125800348986
-0.1715602858451895
-0.10699274017093896
-0.4794921278420832
-0.08558262437714564
-0.03641994997970451
0.08037023374320963
-0.12269710404371191
0.2615275693575422
-0.323687544758705
0.07676196882049081
-0.22047296508769137
0.18078470563023846
-0.13645466019462438
-0.20463643952159694
0.033716848298042265
0.3143569184868862
0.1905932686184817
0.26692596135463326
-0.012197318194776312
-0.08814595716541934
0.16745299830190843
-0.0671917558866954
-0.26765475155567114
-0.2916732179259375
0.19194905095511278
0.21454676164848432
0.3091464998891823
-0.022814147890014833
-0.11432816861016874
-0.19665519932223824
0.13732590275133838
0.11218717095633232
-0.2259315946097763
-0.1948663749064216
0.4016451432298851
-0.007607739156039989
0.33060841002725455
-0.14510346340059643
-0.018315344441841366
-0.07422475151546058
-0.1272251167576965
0.2741001508617279
-0.4759583240718731
0.21219532982206366
0.22132091121601788
0.09270645403844563
-0.13371337571762054
-0.0023839624779627006
0.22371021097194477
0.004254474575858765
0.12156221826504347
0.19989988856303995
0.1389716393646821
-0.2799517908222763
0.010815686652449474
0.3393870485873459
-0.12599299434918504
-0.05549336302445039
0.1555692636260348
-0.1611155074654301
0.22220156674143474
0.02952010157568037
0.21724279177797373
0.0789199911110697
0.07632694973007048
-0.01090272623347601
