76.50726245930247
43.32296941204313
7.586687873496526
11.236812908056473
-1.642744668527239
-7.344153770936892
-1.7726286506864293
-4.377822066917098
0.3365086040642561
-1.6025864028729622
-9.32826329997176
-0.18568720160658295
-4.295836561498757
0.6585805422884201
0.6249704025660388
-0.6556320771935145
-2.589763627068041
3.6050884206557003
-0.3632638094513041
-1.7795085742255414
3.686024263274966
-3.2518212094330132
-3.621270908651998
-0.4378488256889331
0.1322553304031706
2.477727287812368
-0.42632212450844476
1.0466294119010326
-2.0793355469687524
-2.7730345583758655
-2.381309180848384
2.269321068579493
0.7021515502400166
-1.280308156060784
-1.9348706569308352
1.5370594824203747
-2.742097216624085
-2.404029515464809
2.7687893790626696
-0.45947449497636944
2.4817072442376857
-3.6258210129866666
-1.5289891999630114
0.5854383404786088
-0.12935573059266361
-0.16009966319211857
0.19427396650914974
3.0460555298476586
0.8122801618449722
-2.572311968949251
-0.09575539565909152
-0.9215443842806806
0.9857334678221155
-0.06820414742854711
2.128025556552868
-1.046347990529233
-0.8912722263284258
0.8139111913354724
-0.4063470466590955
-0.9737203543590512
-0.82073741624769
0.7159850671554013
3.087702490536124
-0.5588919976449607
-0.6903791212706193
-1.655475952400831
-1.5422505520027743
-1.8233329007546817
2.2532701102593946
-1.6270272115084015
1.5670837348068305
0.937119030416884
1.3059091832701504
2.0409069311924415
0.0522033147542922
2.9939858932382037
0.3772674171662872
-2.0805080654752204
3.1630478084209637
0.48277685864362896
-0.6745276961656965
1.021778559344058
0.49351586278617027
2.172085739129912
0.3242997728095259
1.4593439032305797
1.662214047338102
-3.828276484792439
-0.3607519765607241
0.5269616287268537
-0.904218911642083
-2.274117158367838
0.7136819302661987
-0.24339450968993634
0.1297050697713718
-1.6567867388165927
1.534218859849541
-0.06447839691422308
-1.6469821056835967
-0.6244936512815654
0.8325483471273936
-3.823011698292885
4.0975471543856745
-0.6462224629854766
1.6479148599994289
-1.8828871581297477
-0.05823609823080253
-2.914534032849698
0.5938093013006409
0.5893618089804598
1.6062245153099208
-0.9196289714950598
-1.3944746687314542
0.7160693938059933
-2.3391596946510975
1.441800362655219
-2.879917871042312
0.17385205193981826
-0.17961952108171378
0.9547112599720279
-2.739088990561206
0.01165790164439838
1.7842901812503802
-0.8337955279701585
0.031156001098129243
0.01058244721801288
-1.0264164625818573
-1.5799530418326184
