48.76036659503413
-47.9583844592615
-7.046038845667596
-5.215871060934848
4.851823460927287
-3.1284791048275205
1.504674656079755
-1.697915837928937
-0.20301974002419088
4.354150882911997
0.04694679242420177
-1.890489642669081
6.339757669907617
-5.0787941708116495
-0.9418719311384448
1.3975058862248333
-2.9644711764190887
3.075950009866389
-0.8563197121326529
0.8735071466638427
-0.5922632115224746
8.795239777390297
2.471483298547982
-2.810589777915326
-0.30935109345935075
2.684394182010527
-4.641462673725049
2.8792164705798022
3.242607351562221
-0.8950819833477979
0.8379799493973286
0.4939378172707842
-2.0474815541653366
2.461249671164236
-1.8088740202211064
-2.873401268883456
-2.2782403275546037
-0.6207159556321945
0.6196411955942783
2.7049143762895556
2.0537080947207333
-2.5721904361676726
-2.1529486435046343
-5.08062575220641
-2.826168329076599
-0.6011040893283399
0.6702480952424574
3.068462412337637
1.8448403653936076
-0.7272609515550625
3.231015221423778
-1.0180282397286537
-1.7955452964511704
0.41481382640886344
-0.47014310423160244
-2.322963930515179
-0.9651066824870688
1.0415869681039411
-0.2011056096427512
0.5771772940315091
0.028909673246832274
0.9504815894921389
-2.991289099729362
0.6206320095620321
4.746283610241999
-0.5809298496155366
0.4809645974837017
-0.35642484779631295
-2.506753916899011
-0.42981444782169126
-0.8154484565225917
0.3882684139064041
0.37489219418150177
0.27178049462141324
0.33161071547545495
0.9842010827664206
1.6609377169464519
1.39208797123608
2.1813009661755927
-1.581554321687159
0.5276168029511896
2.750472124576578
-0.38304723951079966
-0.5162383635363347
1.5689697442398538
1.3510048387945202
-3.0176600425549887
1.285551407092344
-1.7963598783475097
3.0026243113623026
2.6456308208763852
1.5202378737185192
-2.6707724964922566
-0.7478395293297435
-1.5518715980233855
1.7945366116697625
-2.0586241595934878
-2.728215578637767
0.9991344789857161
-0.5866222511419481
-0.11645774304533618
5.417356666770537
-1.4197565408803223
-1.580060916468786
0.6315901762312802
0.3253088315602963
1.1811321841149305
0.48511271167835046
0.7860000718816764
-0.7413660273151417
-0.6071717742130789
2.0920130554046925
-0.8464784358651537
-0.5445338891540855
1.435228813217064
-0.03927529617535591
0.8422353722205693
2.3524672936318303
1.5612385152829482
0.9929681114761766
-3.657212424210906
-0.9043978563995806
-1.0591880666600633
-2.149834053791131
-0.3586926399225371
-0.9884525675295424
1.4251110362863235
-0.6964665857459781
