-44.756616584213695
-0.47565024995800553
-7.82390937223184
-12.55833836325294
9.414154035997537
-0.0877161929571176
-1.6578283092173378
0.03826242668854718
-0.3221084163038397
0.14309372280277266
-0.26402254997877117
-0.03284435337914146
0.16040420238739864
0.1923224837607817
-0.5513859503592001
-0.355464284304716
0.32922725793223123
-0.11213224551389964
0.002679566280034462
-0.45024019734201787
0.6414947066968412
0.09975853046102448
-0.6019933707406384
0.19055397574832394
-0.10265038622656322
0.5439437656458226
0.0857929893864382
0.5124226532546421
0.2131268669470053
-0.08175603017356838
0.28285123389686057
0.2540140270033688
-0.012605042030902652
0.09306746462047275
-0.1431592974081538
-0.5309563444521208
-0.1692560925151488
-0.4698106403229972
0.1045934498364579
0.11855211549195792
-0.0717063045030167
-0.2567896915675761
0.11607956578751936
0.027865414057564736
0.43943341049419926
-0.041712817944977124
-0.08635577059866564
0.2936958603637701
-0.4505235600944182
-0.19236896041680482
0.0014890704011336353
-0.15564606726272828
0.043389796790115606
0.2516073359236194
-0.003474099593028409
0.16134463198854887
-0.2178992865852667
0.36738015290581255
0.18981855940955994
0.01971297819835169
0.1946667427058577
-0.12094940682908553
0.14602304665823218
0.11724277607947797
-0.041260306294201035
-0.18011420471279652
0.1425380493188957
0.1945890761806131
-0.14406829603773422
-0.18764742527795164
-0.07691026194295542
0.17908628013817818
0.17432199750632527
-0.12544631384481988
0.12854174595296547
0.2976880388063884
-0.14614860685744918
0.28966316196416436
-0.1297264249605697
-0.296048604404675
0.13120097920979185
0.0322787792790214
-0.0062685707322570824
-0.09529780875764618
0.47795109258271556
0.06844705999773615
-0.12110738165402668
0.315224883816006
-0.11758253697684821
0.056464997605161986
-0.07333673650806552
-0.10120903430526121
0.0219576831323339
0.07989816479070506
-0.02392011572637652
-0.03756864802471498
-0.11955373843736652
0.17163740863901633
0.34557595715890227
-0.1827924710218373
0.2738243127066855
-0.11644936306948837
-0.06739716127360047
0.034758484676886664
0.008524794968314722
-0.027607190759211087
0.16455463583327956
-0.09769485393195297
-0.1554630125060365
0.045113211658537294
-0.08057190588306953
0.11815526650676371
0.025013935323852494
-0.2684425588014356
-0.04507927727339554
-0.20448132244890374
-0.13212968463494626
0.1160563484920167
0.5129037591245106
-0.1205783482055162
-0.0993252406092805
-0.06388111104559367
0.3026195701158232
0.1768693583493176
-0.08942962061331668
0.06897248502072238
0.16470257356088772
0.02397198719479405
