-70.68143900339992
-0.6414559424422502
-4.856981177542379
-10.040820966598071
11.199019763046246
-2.7777872228984193
-1.6766518933727312
-1.2399104900012656
0.37230360493013515
-0.5899177897990339
-0.3266430121275748
-0.41388994456553707
0.5761666546979889
0.23007643331708155
0.11998114919327807
0.06367163934036127
-0.11976975775871826
-0.3140515361990143
0.42514835207484614
0.06670594865128049
-0.2408962556187587
-0.3762017794197539
0.04807324045482956
0.1814545624495078
0.37118650145026455
0.04456604587172992
-0.03273167732698923
-0.44458879081938335
-0.08789252374995139
-0.1959478828919512
0.4440747120825852
0.38852328059500313
0.24813818184194475
0.054319905279770195
-0.27179479577283444
-0.07159527352890165
-0.46209440615143516
-0.11710246262222837
-0.04655975642753265
0.2820566698939747
-0.2702057726877317
-0.3359845783875215
0.06987287878858879
0.30286710648016907
-0.26947434733474546
-0.084902445077691
-0.0033465659331115144
0.2838525804377833
-0.06320280922183336
-0.13987577981387397
0.027742457347395166
-0.16957414479835747
0.009528742958484271
0.36756155233518617
-0.09922001156702868
0.17929807528627822
-0.15916336863916333
-0.19346889907423076
-0.06909951228538513
-0.12738011790156328
-0.13727009021995007
-0.18935574528625868
0.030289814317661257
-0.056174270820619404
-0.49294045920769647
-0.21907918690713107
-0.06506699411513214
0.07985259535668039
-0.14868709484940465
0.13756894597478686
-0.26518078191083316
-0.007567759833980822
-0.02064544928559884
-0.0669928816826813
-0.28770548057822976
-0.2717831314183538
-0.04830176041893744
0.04749956248604434
0.012591727479481257
0.26599298345587113
-0.026102282179376796
0.045068049707626734
-0.05164267944280353
-0.10979076225129372
-0.24928632152136815
-0.0661682178404286
0.1365272532631876
0.24245969135969017
-0.044099507720973555
0.0368736589955294
-0.23724991509057325
-0.023894619208184434
0.026405708489278878
0.042008821665752205
-0.42794260463591105
-0.06038691295461704
0.4032664706954768
-0.11120751805855683
0.08938496332835465
-0.12241062738253061
0.00945283980449027
-0.14681102765042675
-0.05832853918399433
0.05776175922978789
-0.25743069490017567
0.09999311692330941
0.12022010332494139
0.0979322313252501
-0.1700051833326049
0.47205230639287465
-0.007266592976610989
0.0827522355698208
0.13690883093385328
0.01537018128081847
-0.047154570838062064
-0.17094006125734434
0.18892728570992112
0.05029993781382401
-0.25265501483672287
0.08813803653202462
0.2819372611755636
0.008513542634982663
0.051021817977966066
0.1589806624918311
0.17505670774772164
0.04367670909925779
0.08709524253745518
-0.001797770955538111
