35.84361001912319
-39.34770529333072
40.876417715172906
-8.720252825129453
-4.672772773354593
1.1240053505931058
1.8309252265073115
-0.4243191613635842
-3.283707916108596
-0.2153747633634212
4.348111690477726
1.4617858581742147
-0.010443125779313694
-1.4980310815713547
2.67738609395659
0.17276203218344732
-0.8472063922381892
2.1277583145320733
-0.19377340085097408
-2.374395513891315
0.19165642958485518
-0.5084392907087818
-2.8886043882713657
4.2008606488301945
0.6603646087294186
0.795869599918913
3.770525349861583
1.565291034377107
1.6747995956522144
0.935700099434766
0.32831837015867565
0.6332068933007509
-1.5608392924214791
-3.0729896876372735
0.169937788218246
-1.2732193867398613
-0.7860479930938893
1.6085055778044384
0.10837651786883473
0.024435591910598492
0.9094075269371934
3.756766052683229
1.8883800164017144
-0.5083619619757327
-1.6002896640829287
0.7709059966522239
1.8673688554589676
2.396643027926897
-2.9837856069041724
1.3450855794485843
-0.3088286373333814
1.1810424806524242
0.4339377175027444
-1.4139767552640832
-0.746481966179736
0.8850112611365507
-0.23356353847331338
-1.235710993368342
-0.23492031932020996
2.7200063949040816
2.6044346069334794
-1.3383262665557623
-1.1841125388405234
-0.05935812339903518
-1.9495270097838726
-0.8541087791349119
3.034495074372945
0.1601937020244169
0.2713952265651084
-0.5897258419067339
0.42400556234760656
0.009286761181702637
-0.4448755722426444
1.2932297650226692
-1.6828319174361728
-1.7577447083535251
0.46220938123201205
-2.239890302291885
1.090855751781554
1.4263909528651468
-0.04364220153036971
0.8142775239859041
2.7139928305565695
-1.4655681265433238
-1.029916485992346
-0.13990223195097246
1.813726640607531
-0.44884247070765515
1.2284409260577656
0.6587707984041686
-0.6727615555934882
-0.9257369105451123
0.0742103319503114
-1.6634806591157294
0.45007627235597025
-1.476065482707926
2.0920963909970607
0.08462631978993518
0.5757946956451585
0.6988333734736413
0.1645037654637793
-1.8049493771115863
-0.4105597728631514
-1.9953656846495125
-0.21718000713732372
0.12332094704104501
2.4633508433104856
-0.3771002604257872
0.7912790762712795
-1.395156009038968
-0.38336901071155416
0.7234009990852794
1.3501632202836935
0.717435772757186
1.876116148509896
-2.738467717501442
-0.8686363069749399
-2.1435053910371757
-0.14846636967653587
-0.2759030870893755
1.2585699712103575
-1.0194864263385268
-1.25633639864854
-0.5383668009703362
-0.3248000152785278
1.52794941339343
-1.047527646037243
0.44338950521746723
