-31.869364093842144
13.178887902876982
52.67678984486363
8.307199830339227
-5.308035212215197
0.5390363576062465
2.5973865579224795
3.771947375189006
-1.373072421077317
-0.5805962237480721
-3.592860970902455
-0.7348379067688879
1.297793022857658
0.6243730396656096
-2.3826364733521554
-7.734224759931017
-4.292608008938298
-3.1838183397301427
-4.766137464477127
-2.738099585758809
4.0451625048869975
3.579338236906321
3.8590068800078163
2.8903491157362176
8.54641198924944
-2.836951598964939
-0.17117911628192678
-0.5916909505438972
3.3540064740575235
5.93153939712038
-0.09023127031683298
-0.20939448721907283
-1.7800367070332053
-5.072132180377392
0.7889591350836875
5.492268622743456
3.121109250521761
1.7791236246879045
-3.8677830096848895
0.5093299694331257
0.8481117456144065
0.6534330715059339
3.4260166573654196
-3.6445371942199603
-0.9682021420234388
5.819707395530922
-5.622100187982836
3.069935545923652
0.965830495549576
1.919807139490206
0.6496949377953101
-0.37553606902065373
1.9520269472690237
-0.6065988179957353
-0.3715228008896828
2.1505474930531374
-3.954380411386798
7.241390576128659
2.38508667199406
4.356031456374159
2.388663822915545
-0.5754396214765212
-4.946359803880846
1.945387663742061
1.8217698471373662
1.1580209873146203
-2.0492384664755177
1.626343625951133
5.186937133997021
-3.0703811998503725
-1.0323228494563974
1.9561163896304419
3.2663527218123747
-1.80270165514671
1.130999332345289
0.18008105773809138
-6.084633003068652
-1.2247134575438934
5.258890674977453
-3.654944163477467
-2.6596770583117446
4.2469554460379495
-0.9694046335178497
0.7787832879077167
4.650417730667901
-0.23032261826663336
0.9907260249498635
5.664468527330208
-2.2655464625991346
-0.5991109491005575
0.49962530576659864
3.144001473005272
3.306421055110172
-2.166992244033996
-0.3517265613166451
0.4583946223757839
-3.2074601539534577
1.4026630997723175
2.081134878281793
2.1705290562430664
-2.102720630587102
0.7867466965839782
1.1138069727959274
-1.9395849510756258
-2.8691971724021195
-2.858928700020884
-1.2336739141332658
2.250816821886287
1.6997273167979832
0.4493965833312878
0.7593273662448422
1.3998569282016913
0.849766971557667
-1.4750569547892591
-0.9031280536804511
3.3701351511358064
-1.5638062608472643
1.142100052168901
1.356740377223343
-2.815044492939264
-1.740095006824441
1.381131540154973
-0.4565189677686401
1.889258983005027
-0.9636888196380746
-0.20861356458921837
0.4873822362144082
1.0917859347057266
