77.57111734381692
37.99958633645082
-38.89976854127833
-4.518550417664622
1.2196830648471233
-5.132912777927599
-3.548997278296757
1.2571335893631461
3.8657412000816924
-2.4740275738690523
-4.556080216974584
-1.36452244843056
-0.17652340988146864
1.6757307817557965
0.9451597051912699
4.655077481835063
-0.10724888562023094
3.771688865733596
1.487217942422058
3.4811111123439735
0.4957376943447015
0.49878949770345876
-0.8337245030060472
-1.6211863823023942
-1.3026147932293495
-0.13841112996887628
-3.11819008082823
-0.30715978802831445
0.49560294176107544
-0.6606659912332034
-0.5786095541103127
-1.8773732115574402
0.952414524202674
-0.18005976427550566
0.6088990687199566
-2.9685530083230556
-1.578484406057633
0.9763090005972725
1.5765736302649525
-0.5530855406272343
3.9296022259596066
-0.4337973613733424
-0.9772080460333235
-0.6133936016082406
0.31973014933777294
-2.857671756090063
-0.4983056264034552
1.7168627202367066
0.9442220603057653
-1.78410545619061
-0.30148303662120113
0.20011016321535102
0.9553279674343729
0.7101911478555151
-0.831982098742053
0.4251120854435972
-0.6735801419296208
3.641378936366195
1.8581086996387959
-0.4093140565059378
-0.8263890684935344
1.6077266644865313
-0.03681143102361295
-0.5237959709292733
0.444684881878044
-1.2710710109604066
-1.3980755887695044
0.7519114475827505
-0.46727876509485744
-1.212816406055837
1.460441980484398
1.0498750792356188
2.386061354824905
0.5457043748787546
-0.9636880107797804
-0.23073678729803265
0.6594351421498756
0.5592745957078874
-3.1592434646350185
2.3236409646476113
0.7014539410029332
-1.965383104200881
1.7465512391485405
-0.7565731508405967
0.35539943478424574
-1.4263315494523552
-1.4871586786471942
1.7362136228404008
1.0705185946018247
0.23264962102426937
-1.869215664818935
-0.6459764315964796
0.6521516843351945
0.39800786474437355
-1.6246251162792056
-0.07357343100085834
-0.4002710825501637
-0.7737119499409788
-0.4988076040267061
2.288857769929185
1.4705189546164503
-0.4851764463002417
-2.270374406445099
0.5872140861130398
-0.1023919168171879
-0.3796478404252536
0.18326983371449457
-0.3208980835627593
1.2050566879766293
1.4598527398590355
-0.9761868797258981
-0.5951645313209958
-0.011421763426890177
0.4620132302902482
-0.8696218928662005
1.045829117988087
-0.9531820433921143
-2.72631389384942
-0.6957671976205876
2.366494305609826
0.13383076883196315
0.6181421623936462
0.45587186378000666
0.7677250243072073
1.5843841754817922
-0.1382962283646182
1.0428641592805052
0.43890863884674414
