15.484617351851677
92.04446034992435
25.948234696671648
-3.1515647829657754
-4.01009913181057
-1.3681073826421835
0.6642132902553183
3.6414539729848374
-3.4692838339446186
-4.691715923813016
1.845193028179
-0.21745195436045953
6.831307669322234
4.536993666039492
-1.1560567995707738
-2.2065357081393353
-0.8243930710668872
0.8799078244742524
-2.237362128734679
2.889050498858166
-1.1686740528731214
-6.07834429654029
0.12844822610059742
1.0796011749061434
1.0194350027690757
-0.10695751512439317
-3.83127248784117
1.1927980425289488
2.4288240055797967
2.3341316690588583
0.802628505154273
1.798086717786686
1.5515760062537711
-0.5642152607475364
1.735746412541248
0.05086088245144024
-0.8931550277440544
1.3943519231532666
0.18059862252710362
-0.00812579358418189
2.1968774863630784
0.9447847523690929
1.3337200752600862
0.05456359409709988
-0.45408620966142665
-0.610134041419079
1.160783510559171
-2.358495772822777
0.3705805569564372
-2.0471848055994766
1.1269281145048282
-0.30152832528361534
-0.6217355444576541
-2.0975651121861247
2.3070706742205704
1.7561489009841111
-0.5412617750524451
-0.9874943723091208
0.28581718861370475
1.9593498841847243
-0.11612015117174253
-2.222367775350743
1.383337185055986
-1.9038409698974101
0.558683828026705
-0.39318355288185114
1.3790217492762162
1.5449854792952267
-1.059041381400205
-0.28254473386175727
4.1933036729811635
-0.08451951650998651
-0.3984554673457246
0.5800754133548508
1.236770835968243
0.16939025465980267
2.628744565474369
-1.0589452678511808
-1.6432494062643845
-1.7390446965573418
-3.4662294940067033
0.713988437443611
0.9605071333660888
-1.8023283398859817
0.01914724900642805
0.3802897974596273
0.44335550835860416
1.5519298703607332
2.056992176674822
0.5112484384749775
-0.9806499156667537
0.7949289579504436
1.9731327605794937
2.914486953195568
0.3115499489606472
1.6116824583780687
-0.348438957214723
1.2907593180628003
-1.4187773396546435
1.4345239113913557
-1.5626439373020657
1.0180557416693996
0.6735460910190949
-1.9909863398694407
-1.0410221907648263
-1.0163563366565542
1.069125373327379
-1.268621063310486
0.8565603589561455
-1.6583769267981334
-0.6729539168602978
0.979088044614429
0.5825131782447246
-0.8653495561879853
-0.25654351461063574
1.3760463482411696
0.6772684135626581
0.04752215999195197
0.2424776718613108
-0.22893107667567938
-0.24881145895971093
-3.086521181997953
1.6981010820901978
0.19290089999261809
2.548989011124329
2.8163525628249455
0.20294489712127262
0.4758968025520949
