-45.01029529398942
-0.2551453645285175
-7.632457677320836
12.495020333039308
0.2276281545661099
7.84909408363198
-2.0063151115720603
-0.3800387964160723
-0.23142876252760222
-0.44475057716235616
0.031726091706449355
0.20794365615017696
-0.1171536989116613
-0.018296903089314226
-0.39052818772735576
0.1241047231381722
-0.19267038147413848
0.09485869173076877
-0.18964904752394177
0.313935404599164
-0.3474382591864693
0.31977433353328844
-0.6523839152580396
0.31134900307597035
-0.03194848932305972
0.08087766806958271
0.10112719311910862
0.026909463768961556
-0.08179339917280615
-0.6602610493381883
-0.13534922569409125
0.04956418929596926
0.38179490145949047
-0.03343707058111531
-0.17868251710115612
-0.5022818541438602
0.30933984493172223
0.1583813899532514
-0.45320197640166326
-0.35762953619224425
-0.1032329381370698
-0.058118159577367795
-0.010297637051336305
0.2689758327900536
0.07240850564500391
0.20657957868915855
0.17805898679531545
0.2108139363628914
-0.13388482451812064
0.07338717082502491
0.07103912225213785
0.11868984439032049
0.025300532430949638
0.068276586042903
-0.2576446172187692
-0.29099253160692984
-0.24090106725485247
-0.13851344192689202
0.1657697091018814
0.6675333727933214
-0.26777696214613633
0.15055713989928748
-0.529966709764873
-0.30490495874921003
-0.3591355249510135
-0.04744436010275497
0.25559063376910485
0.07888439716623918
-0.3849019253061804
-0.15196548092602702
0.30718841498664684
-0.08931190988565965
-0.2347660579355188
-0.42604693574319874
-0.18954836525566615
-0.23831768737314596
0.29994336530692955
-0.09046846843697055
-0.19618044772093346
-0.08352115071791305
0.03006194186830969
0.29641623261290967
-0.16499144975720928
0.4959435893773279
0.047419669849389105
0.1784693037193426
-0.038811474241429784
0.13846319894091383
0.010053929226198056
-0.20985466683599543
-0.3022275268260968
-0.1251602824904139
0.5499529065291017
-0.13789597892609787
0.15323009240967211
0.490714601620771
0.1862798677773406
0.2592796102064975
-0.07393094098496049
0.3139439214162215
-0.3078631483962436
-0.18009044961992332
0.27696336313578496
0.2734706564783415
0.03684552310195658
0.46462904465468696
-0.034023570500090666
0.14131700701514704
0.16284080215822758
-0.23462365388795273
-0.27538914770144024
0.09008026518328387
0.10839217446980631
-0.5477279702762592
0.21793240004448572
-0.12519769667771266
0.2930276354375229
0.17127361798410295
0.10147923388789391
0.10860210454914213
0.001177707054881287
0.16658702628260083
0.3483326894958577
-0.1923671894085662
0.03949305106166588
0.04982595724859541
-0.47783759154516664
-0.15456758865191478
