-69.04346811708731
-0.060206301620569856
-7.997167013527603
10.921724731492759
-2.4751300460880996
-10.954984658450652
-4.366433402094316
12.170692387328497
-4.43890469413465
-1.0898944296932698
1.3423070381021551
0.23481341145256976
-0.4476049095201824
0.7800904972830179
1.1697969763783458
0.6700041749519452
0.09990858872825753
1.422330198687022
-1.06636302214123
-0.1223192784928322
0.15933028781039932
1.459204390180163
-0.37509034969688493
-0.38323342016830775
-1.286553736725082
-0.31717207199479436
-0.029472203197051378
-0.22670517437071985
2.3601373798555607
-1.366956921837049
-0.30261439812429514
-0.8298360100889052
-0.40069532089234006
0.4737583870358748
-0.7128674602361518
-1.1701578215013055
0.4492806215717411
0.7189990270030452
-0.12632287571879347
0.13347705288750653
1.0642978749869436
0.7040963421533757
-0.7389947399407788
-0.5609285543353266
-0.4392415509465232
-0.310680168655383
0.11438039431784175
-0.5295755337229318
0.6390163834152822
-1.8292430495498078
-0.6393864125623653
-0.24148337474766976
0.3975358595495294
-0.2895777724641343
-1.2010981490359738
-1.1057257258281599
0.285867365784359
-0.019398466779130763
0.85228236156367
-1.073197728298777
1.144169525617385
-0.22716746490114695
0.6220708786366163
0.535477719761589
-0.17508963878030875
0.8600109560616392
0.5966473019809079
0.7666114600724312
-0.2629148722417446
-0.6181417990313964
0.7645209872700084
0.1511644185969041
0.8107931519364165
0.16357390598507307
-0.5180600191408545
-0.5241410902230357
-0.25750245597161064
-0.13268276855361194
0.8262376135202971
-0.08486307548348242
0.19052459432729058
-0.12387541103471991
-0.7013601540681296
1.49962454310998
1.5963311259239592
-0.135394095431496
-1.0415519315876414
0.7161538322652156
-0.07992605067499851
-1.4501010284567795
-0.6871956613000141
0.4076564762605801
-0.0640841934295632
0.2058472415357241
0.5577941637888566
-0.2609451836262391
0.7446925650608042
0.17948134308437988
0.29293610506870205
-0.2871916911093316
-1.1313777854198726
-0.046260234230712155
-0.7816146392640175
-1.2658861103532182
0.9237408607781054
-0.3566901380412822
0.007944201808605111
-0.00891061467790874
0.5288773561252592
0.7028426806769079
-1.1682649158322003
-0.8916243036230341
0.33710538262570444
-0.038716813403373726
-0.39460501185970775
-1.2685408906255131
0.6468361451629504
-0.07114345534915645
0.7300093264760612
0.1911532524906941
0.8698982644601073
-0.6673399815276037
0.5353385546184983
-0.6636460233581393
0.45532089320915853
-0.22181001553463459
-0.051488407776182646
0.2865535810552217
