78.84178484439298
42.26632120612713
9.145333569626178
5.991471910482583
-0.7799629234899277
-2.088249418273022
0.07698767055501632
6.034714409201239
1.0343547337347863
-0.9999250600842601
0.3609399326619349
-0.2602308169718071
0.29515277591038536
-0.3851689687184485
2.4416929157034533
5.011627711245142
-4.280667537598641
3.697419170645392
-1.0788556013537798
0.051239573369995184
-0.9734582750391065
0.06064996880773528
2.199412208452637
2.3551803258937682
8.602584673120786
0.7151089007698284
0.204014355936184
-0.5793573740098698
1.4746263124471326
-1.9605111223918952
3.3693715520001484
-0.45348892285933934
0.5253162819760211
2.056035129312425
2.1732203090451954
1.8603116754109406
0.584634224136101
2.290940400335236
-0.19165405854041406
-0.46818311856353023
2.378303284271643
-3.0156816722074464
-0.01732009247381089
3.5352600876081977
-0.3620849128488653
-3.4675250143371477
0.8512693990837219
-2.5463828440100413
-0.39917123159849643
1.2403743074131859
3.588894434468788
-1.170579745253014
-1.9449281585231664
2.1679549081537415
8.079864942778237e-06
-2.877509056157012
4.783341175116681
3.5167491735963186
-4.855807733460263
-2.6913729524166294
2.643013555842418
1.0732212515892054
1.9022484364295222
2.472780343776577
-0.31024003235772146
-0.31724495826756927
-1.8464366125177412
-0.690212588684419
-2.385312363148425
0.3310281167584475
-2.461250192090642
4.923475062426217
-1.555242125947776
1.9701603304239508
-1.8418482920317525
0.6988688306930105
-1.71619423330444
-0.2573854774192499
1.122413279256068
2.488132806692461
-1.5434970801922219
-3.163886828682191
-0.5506677269091864
2.1967950085166947
2.080306343245316
-0.8791818426520703
0.08601303645163648
-4.007083072603564
2.694971043501328
-4.547182114905192
0.14042956537667198
-1.8440330605178248
-3.1767467913437923
-2.4165306785880643
-0.8144380036497221
2.294505455815745
-0.6354713384253001
0.975572725903374
1.9054129567172498
-2.3469199032320582
0.9616164745732058
2.5466920482430075
-1.9947828210744514
2.934261903344283
1.52972001664218
-2.283423595404917
2.159596040085879
-0.03290532761223686
-0.017015531780128476
2.211687011396951
6.797178492363785
-2.0473788681761502
0.9687290019013165
-3.2173336614496337
0.1681229798516739
1.6812649210145927
0.002560165939666015
-1.2971418110353632
-0.10159720950022944
0.8435847512090889
0.2643566662674181
0.3829656622328376
-2.1442784973325058
1.2046010316656588
0.39644746089514055
-2.4527402127491342
0.3698849465720214
1.186999668821525
