34.51129607020344
-38.92680537353205
40.73362782547561
11.211683860826856
2.245867686435197
9.91593674739826
0.9533105001607398
0.522616882243986
-4.298117344043716
0.6086673650433955
-3.8212400029553266
0.5734314843487567
-2.0413839674847187
2.477515148241535
2.932797290076171
3.9067961471183312
0.10177900374824428
-0.6588079948977146
-0.9940135946575883
-1.2867704327833729
-1.1238543903342653
2.2543128665158436
4.366561066152916
-2.5303454854083864
-2.1174080307193193
-2.95392869338864
-1.4586230632687447
2.213923866471348
1.0360116833372082
4.915104005165835
0.7440701020523918
0.3370519452064692
-0.05399667264814001
0.969879537064622
2.0050150548296575
-1.76328616906112
-2.946308173587813
0.4973509623698707
2.8999720189925844
-0.7996535834986679
-0.17201978451384697
-0.5943624338277934
1.1892777958236844
-0.33487533174728684
0.7203932768869836
0.28197055120592135
-1.0418379946675498
2.276645444941253
0.05068544138323583
-0.7353128968237836
1.3531074721735545
0.3576365289004381
-1.0083958763762757
-2.1783284567420624
-2.9501047626295676
0.8808431547359578
-1.7603885520489886
-0.808859701109562
0.44133461161527
1.1240052585267997
0.660130647146178
1.5237957161543076
-0.3352749547473477
-0.6427999252229231
-3.252757397226386
-0.1264186084403196
2.865981799414749
-0.43259191731837626
-2.5889754489106833
3.16394065545448
1.871489241768419
-2.8023059976867875
0.8477883304761253
-1.3924415885214303
-1.6221061931793785
0.7986168443372256
0.6587184748821732
-0.41233790882699217
0.47450635109132444
-2.768696099033006
-0.5337362495437596
0.20968944600111886
1.0507585190541946
0.3258046447737202
1.4514990155919332
1.3892464246238905
-1.9016728445023319
0.5936624237357929
-0.539697252607892
0.39872145240513907
0.21307102900420088
-0.13296043125505302
0.970155136168561
-0.9059174545805996
0.11273308167623644
0.6897913501638346
1.0591766037238721
1.0324030198431104
-0.21335780613369962
-0.4490021122016482
-0.2498566112083524
2.0602325209010197
-0.8328857126282764
-0.2537832976579566
-0.5493624840452904
-2.2092951222761004
-2.7861682869445232
0.5108522767155629
-2.4230134268989616
-0.5820039779334376
0.8824604360338911
0.052797008621832925
-0.16249696301421596
-0.7752822222030564
-0.7992052256502749
-0.2921636541632389
-2.003694223515174
-0.8153558921390092
-1.5426094332564269
-3.151056931847458
1.260968486156039
-1.5018108323386412
0.026711845636666134
1.3193074446953457
0.0380962193881601
-0.3945586694367743
3.1085652081041406
-2.8114506746697807
