-70.2487880297211
-1.896495312863731
-4.874583301417481
10.364448846980835
-2.362096142219643
-9.931607115114463
-1.4972468017773122
-0.8705115191761496
0.0017665913591105309
-0.8577097274221945
-0.6681525962916157
-0.4689992010081461
0.3511338971873711
-0.055307074202710166
-0.02470009364415686
0.07920840217723557
-0.08203344344405025
0.4333976854503798
-0.13650623652483485
0.018437444811549693
-0.803026919251095
0.41200661048005416
-0.3325353209297167
0.989712547541204
-0.14924981448111596
-0.3937813090557146
0.89340143114326
1.196661419295367
0.13977979024104709
-0.1792418084975808
0.4943901478000467
-0.8066869627827234
0.05661921489887299
0.8381257990145846
-0.4685981182354576
-1.1415356245350488
-0.7350134952892307
0.3827211484232437
-0.3025187285403772
-0.22825249725212354
0.03738432350578331
-0.07981639426615031
0.7344501805110453
-0.1159235510316497
0.5148946050793066
0.8225653872841507
0.14419644630777825
-0.4695561161345719
-0.15681784917298325
-0.04705299637423746
-0.6360483506464714
-0.4979401315511005
-0.867751185475606
0.18195510553391647
0.4509833213839768
0.129620102369309
-0.2950072265329189
-0.4732844165024064
0.3420848629646261
0.4422636593753985
0.2598844378277676
-0.7329725636478068
-0.3439892560778668
0.1386133692694259
0.5026882939532787
-0.35048449287960637
0.6873452540215498
0.9798825053322586
-0.6744824042497509
-0.2038923755089842
0.10114912189185375
-0.12963613655269524
-0.14621704117981663
0.19451887293539677
-0.053190616001770774
-0.5686490524071326
-0.2531204586005095
0.286719733763506
0.04057509030804625
0.09959284278771635
0.3926887409618075
0.23954003600926063
-0.5634666308116029
-0.42034227309127764
0.4323435665246597
0.2320208223096269
-0.4325079047851882
-0.7040406741099348
0.04167856188670353
-0.2108185787151226
0.6245742098502799
0.4919662741285304
-0.5937778700806
0.297337247216885
-0.03292678335681072
-0.1933199394166164
-0.5633595291815963
0.2692680726364316
0.7277753151578561
0.08740549486634513
-0.2640196077214469
0.035265166342003
-0.1895517893800448
0.27058868673149244
0.3304080379238239
-0.04473424417365139
-0.4008512745552702
0.24687130169010732
0.11209310496065823
-0.01147462329113727
0.2078615398593353
-0.3173226513092119
0.0029240425318583507
-0.47951083041993636
0.11368701735858522
0.17072426826709006
0.24690120618670486
0.3165370439054616
0.8653802958430492
-0.07441583977244462
0.003261141736647266
-0.34358124469036855
0.3295208324731845
0.22663773024603634
-0.1826174585034856
-0.3475247214227534
0.3320929572766855
0.2276395213007655
