51.02946128116915
-47.01623821894144
-4.353604546973547
-7.1857093117022774
6.239372212355431
1.1127821840057834
0.5292635148228805
0.4476310118293819
-5.086119343229619
-2.051611139818286
-3.786776918756905
-2.296561177781725
-0.6913579953540895
0.14166637818683547
-5.087163951381527
5.993705564645959
-3.3432624186735587
1.6177570638702714
-4.939890419559617
0.33886954219528415
-2.1572612329568486
7.885252888887541
2.3247718452772093
1.8105753768325323
3.992926577782673
-3.701108426948231
-1.6699239717903085
2.365643537369336
1.3622943674987213
1.572966470630724
2.6597669651416043
0.8948521456805213
-2.137041373243766
2.969592665058898
1.4033606520192279
-3.4157315703968494
-4.1069314909998
1.4443174678519826
-0.7381879594437717
-1.7122513139228555
-0.4074042415844893
-1.2744873856967736
3.7370618087754393
2.1990320742848835
0.8419434376358056
-0.0058743384962168105
-0.7796445350299527
0.15722877707894595
0.8667657671390276
-0.9473673639000976
2.049041413836106
0.9041181881522403
0.008977924556668737
2.998420713544439
-2.4768377880627304
-0.04998547716345331
3.984529465365515
2.8790984433936395
-1.6635844807601385
0.587591350831244
-2.6917013485827
-0.6369159138875921
-0.781950158860046
0.763083894023923
1.7949536384405027
0.5694779788865679
1.0590290132578188
1.2240041534788118
0.3481498277352046
-1.3973537000205234
-0.05840153286916483
0.42632249924774757
1.2365199621399279
-0.23642521612863643
3.338078643386084
0.09964331206150573
2.507180686533506
0.17361635373593523
-0.3405239999611079
0.5918844338403981
-2.993646608807636
-2.0853681398615946
1.3105690562743197
0.21997636064664136
-3.06471334798798
1.6167715376753347
-1.5933999977289102
2.374863674732711
-0.07084797975033008
-1.2985379086889124
0.985153139692414
-0.5683591231190323
1.3368065147211754
-1.3437297476516779
1.5892819377345437
0.18589492100586094
0.8472303995185003
3.7894599558697646
0.8048018534848168
-0.25720870809818763
0.45045494861530716
-2.0615059297555067
2.0069995823395805
-1.0988413921265063
-0.2896349008906528
-1.6034812713781865
0.5852919792019307
0.8310707077350018
2.5084829892019997
-0.8044567135668699
4.371905816700082
2.0843857748687706
-0.22674637700955572
2.431688866173442
-0.5902163285494706
-0.44266703327343954
-0.36138897384020513
0.321731699812287
1.475645761764943
0.4789841623988319
-2.409434134209682
-0.7436912403307883
-2.113495296079401
0.03819469946305158
2.9615194449215085
-1.226462549987518
-2.491597422999862
3.619281334580056
