77.65452955587945
44.15802785539045
9.064766890797927
-13.880058061314807
-9.697841049220221
2.828495381807502
-4.659302033933005
-3.0965210292604355
1.187016059594754
2.1879091240034607
-1.982980809396355
0.24945175838109512
-1.316533617448589
-1.7399154526807052
-0.3947032321379797
-1.4978486862935998
0.34376968351093645
-0.011189916457161275
0.3699533715017489
0.8493642647045783
1.5216965549842416
0.4101988354618471
-1.2175670678986767
-0.14216640790247595
-1.7232428216701365
0.8002809730963389
-1.400454029172666
-1.1491544838580778
-0.3891771299331782
-0.6182458924041241
0.3710329426054215
0.5620187634306562
0.47158447307227225
-0.18480475901805132
0.8626294433104862
0.019569236379673033
0.6320983203438115
-0.14252436795623236
0.44163399725090735
0.2056056491103888
-0.00784434125704489
-0.7988343125770226
-0.3400226234850862
-0.013670122976164045
-0.010605406545843021
-0.0211186402783893
0.5647033251966026
1.595284645415914
-0.9730742538271713
1.5726566702257587
-0.8395178829084575
-0.8427198665345326
1.2332691843583539
-0.5590252766060599
1.207048832486543
-0.4976578225324093
-0.7840293365379644
0.01725947116028989
0.33367991733148
-0.02815678334169791
0.19256156149144502
0.4276477808385075
-0.2949583625623069
0.15720028489434112
0.07998031175971099
-0.9491943324082256
1.2818944700114188
-0.8494822361975091
-1.1974744451626382
-1.1949288844775983
0.3301341600514029
0.6785471113120622
-0.6950137268054026
-0.2867248324500651
0.41414968334838975
-0.3620735696989319
-1.0707137646592841
0.22258513653544146
-0.6521617856401534
0.5466354163739259
0.21328920781186778
-0.5718649942944564
-0.0676478186842987
-0.8248011468837304
-0.3063681027077432
-0.7573282427169271
-0.309748654318071
1.423346842681577
-0.7420567271883236
0.9185824293491281
0.13499485864291239
-0.5473962941375452
-0.08648346197595456
0.15261701023971566
0.5109341961847285
-0.407299982135292
-0.32230773361479326
-0.2898343250490858
0.4107481132055728
0.2348852394363458
-1.1701883238994188
0.413775428906965
-0.3240603257219936
-0.36551056259498926
0.15066863503017386
-0.2832551072986209
0.5800545018696931
-0.044614691826188435
0.18822873353205494
-0.48935508497524
-0.5383907469359948
-0.677833677559822
-0.4119246793657454
0.3195749250219348
-0.04100511288012025
0.36094845273377385
0.09585735921141122
-0.5514018026064522
-0.363181311895573
-0.013498333143805982
-0.6619109144263855
0.9464874884492767
-0.05236427106198542
-0.8645795782456771
0.2502587681482138
-1.3919899927998418
0.4014689212141045
0.08291662731395197
