-24.493307233029036
80.99959892336267
-37.94835247607832
12.744450254432026
-3.8941966723659975
-8.857338886363882
-2.8860746928228123
-1.272876665571732
0.5494577916109815
0.7183808311023783
-0.45947768739083494
-1.8051634158514482
0.483278990405428
0.49525189478933157
1.2668377664158974
-0.17318442289640312
-0.8050819303820969
0.2908475532118619
-0.2991613993645975
-0.7209052628606244
0.9726454348117913
-0.27804224460633076
-1.2591379017145792
0.2778563599091102
0.2554418605555414
0.6217990220904777
0.7645622367920296
-0.5852819865432344
0.47564182448700554
-0.10238255202705171
-1.0800545270730648
-0.8886506320374522
1.4919989354654757
-0.784960572308067
0.4963016279866629
-0.01709502644149588
0.4520581440796857
0.1800294519406516
-0.6146717800999484
0.6016614455422868
0.2396694808953963
0.5320293802742824
-0.1731439519409729
0.8666781059318406
-0.27501875616308186
1.1535818868595444
-0.4277992541755227
0.2326212792641827
0.7414007453640319
1.710175348226143
-0.6775540488445582
-0.977763396880218
-0.09854831004457024
0.24741265783400296
-0.6563525024349378
0.061121909098378766
0.15570512293918531
0.3410456694567128
-0.029787471680335978
1.0450842199877513
-0.14930724538311269
0.3143398905307084
-0.2897133111105059
0.353669096375333
-0.8658096628133334
-0.9041586672114328
0.02201104586651892
0.7468827017462814
0.3292992763887901
-0.3150043451480052
-0.17346651677170244
-0.6162983428828802
0.2668695085908717
0.5677879248996182
-0.535591115374061
-0.3518306049330651
0.18800082241195884
-0.6577874444671111
0.12704877289931246
0.31655892017515486
0.0060620385359553
0.4500000691945777
0.7523012783719697
0.73835309018891
-1.0089454770553499
0.13595036575583885
0.7490427546107629
0.30323491063272673
-0.20703195143695763
-1.5966354289091378
0.84191498938005
-0.14329697461480015
0.07118595718232233
-1.2880088306977695
-0.26945065934627177
0.9632671975522147
0.7132717384702394
-1.41655993208072
-0.8093493670240003
-0.14516390802295814
0.5325014680567383
0.7719289167890823
0.011993922178601665
-0.4153923029751394
0.03091421975962252
-0.10716306470492415
0.3608815554659058
0.4835550274439236
0.326981381054588
-1.6233023574857188
-1.048942877682771
1.309405362990247
-0.38532036710476975
0.5049120156227872
-0.08577475025219117
0.29495176750056457
-0.06186733566815854
-0.0047798985096643536
-0.8200236927950442
1.2540359933729281
-0.7926568720928768
-0.47718715291797503
0.11034410451818936
0.16753731719990328
-0.03343411910899374
-0.19593102984259356
-0.37907192135624146
0.39301678323379674
