-23.314157919699134
88.91884339672245
8.606739425862855
-6.757129159496225
-0.5621346310333163
5.084892526068647
-1.177301425073172
0.6747809797397067
2.1141954442686397
-1.0011057548758422
-0.7626526874187652
0.9963888423850107
-1.250141362072954
1.5620524774590236
0.5086284358854407
1.6408256049250203
1.8069239520793292
-0.6230686300922758
-0.4009269622869672
0.3063501916857799
0.8090846855094895
0.37275214531757916
-0.2691087443295573
0.08006023864455641
0.7967714099122231
0.8860350796496663
0.18496790759126874
-0.600527894280438
-0.06156969142072194
-0.32618244072436986
0.06412030836108046
0.22340108701459999
-0.008745417266039057
0.17314819946932847
-0.06943965557051049
0.022084399407324706
0.5333875293418934
-0.23431062858548257
0.19964826088021959
-0.1382099541060055
0.2040511019725868
0.47129061458015764
0.6840439563975007
-0.04994498145571318
0.0038089025210977026
0.4993329126406935
0.006536219689153161
-0.1086565267499669
0.2789889790207287
-0.5623583521034934
-0.619207573179872
-0.2511500187616842
0.1434985325670556
-0.24403583254783112
-0.43860160570371826
-0.33998101763372934
-0.05634143406860165
-0.29200504869224897
0.14630131667945934
-0.27375320269248526
-0.09941904104127432
0.6139097760799337
0.16872475929439723
-0.17887416177057308
-0.6700669688571634
0.05452941426263497
0.10384579440080721
0.20983488473204873
0.04772340708703907
0.07873468853952555
-0.0007160468221222779
0.10638232502642922
-0.2882955605949365
-0.4190445333394202
-0.025533159381477155
-0.22507409341915308
0.12764392419454856
-0.3479920552052122
0.18328136189379077
0.24669925160364256
-0.5788729938491316
0.3321612785550573
0.04825201538315685
-0.027967344301366236
-0.12124425300695965
-0.03762448035462615
0.12524649076221983
0.12958073725193325
-0.037009662961138556
0.03200821261292544
0.2478510302382319
0.1760105344574992
-0.2827742923149099
-0.09755644204718941
-0.18317933516498963
-0.17351698198894677
-0.12855807285437432
0.20828819362500836
0.2273108349295301
-0.1184713739630783
-0.01875679473897314
0.0732193860899134
-0.12136383898550994
-0.2810484786861296
-0.10719010079005846
-0.29798265982145544
-0.31930227189140914
-0.03161621500205415
0.19390979480321566
-0.031323046040630825
0.18053462191583974
0.24770354373707856
-0.018576264789313242
-0.04615461526219898
0.18997010030052833
-0.026670451975899484
0.10597381556837912
0.03312595539945362
-0.04398712911687809
0.21902763641263084
-0.20870441228243775
0.19204990025789767
-0.0023219870855925445
-0.19872352852376385
-0.04005945753809324
-0.12179784712027576
-0.22587121922315628
-0.1307917506023195
