-48.39582577214975
-5.355930027323763
-10.320304392071533
-8.933104442423435
0.8146065257513552
-2.414330481373976
-0.1352830981340099
-0.4853521818022753
-0.5810694325158259
-0.6685537587886221
1.808294441420185
-0.036025254456284544
0.2856237100279072
-2.5210893403441124
1.2549980952239455
-0.5558211976847236
0.6086194438984286
0.4357785788621786
-0.7701864235326357
-0.32480424143825715
-0.14466775870384707
-0.7032596023341615
-0.19259610858908946
-1.1658969373203516
-0.33059556945752755
-0.39585121156038705
0.4432981930097762
-0.40049864265830976
-0.3784320340089591
-0.13686013966379473
-0.11394249320198091
-0.023312080991138767
-0.08002798853093368
-0.10684197796010682
0.24604969719326797
0.18614604381722055
0.01933247056964836
0.058540032527233596
-0.0070029540557056125
-0.22227927685988563
0.14806490494669514
0.027726707011049512
-0.4010793712163581
-0.8772079551820313
0.29374215045629043
-0.088304514725184
-0.034604118974333936
-0.026860517563805975
0.33711967853203906
0.15284728359949035
0.20895497333881397
0.19616151394848647
0.13893522831045435
-0.6248227559879198
0.1171700801589377
0.455611041039427
-0.1311746126068601
0.17420376558338357
0.5013820257561367
0.29917997985014777
0.4021835196690722
0.646693374245376
0.2527287751574997
-0.06709920611926429
-0.235623682875342
-0.2760313573126838
-0.5307246410992629
-0.5636359043011342
0.06075621695518506
-0.08130369965638733
-0.11769904260995231
0.07225262454626682
0.5623010308884463
-0.2546375693576225
0.6305981750329187
-0.22083800958512684
-0.34244032054999796
0.17635608178755907
-0.36861141648614626
-0.0030799094433209273
0.27820027712152023
0.36512065981051595
0.11464788580542429
-0.03031563327563664
-0.5204530574420339
-0.096585691893215
0.031199509073498045
-0.047482137655984635
0.2954814134602897
0.2759489508327435
0.10351220747138007
-0.482139390330396
0.02005508313646953
0.11425825231059339
-0.16296029486754823
0.02918256183353578
0.3800333299364824
-0.1463193634007851
-0.3118434624177643
-0.2020258015094786
-0.5823499502821301
-0.21776661184807392
-0.11415224232846649
0.328907629597283
-0.14511961515592442
-0.06641120586574825
0.08056454280735427
-0.18456818068494352
0.030036151759961792
0.1489815799279696
0.31357033412140994
-0.16333896132716172
-0.1662012439665754
-0.3067573587857656
-0.2788223930333759
0.6096191329915835
-0.18014333734728993
-0.3690468797000562
0.40974764297665256
-0.03687823108035612
-0.3079378606689434
0.25908721611306484
0.21516876051526698
0.10156648120568605
0.11185041481215979
-0.0040413034430863415
-0.006277529000346491
-0.28944131089441255
