-40.718124915994366
-1.0011193433285037
-3.047522237567058
15.307106370690782
0.7288863935780507
10.121640301461763
-0.3743824830998854
-1.4160172643761477
-0.20865099157418618
-0.37371169114023073
0.2329655118184638
-0.06430439779377647
-0.2861701554593467
0.6813255652460928
0.3477093643450891
1.0207541338495998
-0.1616320343371977
-1.1481779633916753
-0.12304085621283675
0.46148250255115425
-0.009263333813824381
0.061534689083173486
0.03621005149299315
-0.13226261818320117
0.1910069456702132
0.15219750489548087
0.11821720415230692
0.01786805985520981
0.2865920809284794
-0.07659712508403389
0.12027647750425516
0.17285514956187636
0.17029255974501484
-0.27281281479067576
-0.6169771971936505
0.3423294831009017
-0.296564299419916
0.1509722508770721
0.00196345954154635
-0.036239337339658076
0.014705421468140446
-0.19390110945941777
-0.14267184049463794
0.3865750337670628
-0.07989306372349923
-0.263597804388633
0.09682015272699299
0.13990939524465587
0.08462741526523619
-0.5933229541632576
-0.27477293943762005
-0.19236239075390704
-0.07234655019028755
0.1147470612156862
0.07774335478052072
1.046653450388286
-0.17545880024349
0.4124690319166851
-0.0979074924217276
-0.39494227491002193
0.14443845102163294
0.203889071303129
-0.05743029751830027
-0.2233903241285941
-0.11349642803064922
0.12607326849175793
0.33759279536743264
-0.19322173714236096
-0.7436679122718536
0.4839001674038892
-0.16044580179572696
-0.3905238232259293
-0.14997759361429075
0.10895488341305765
0.09457579213369888
-0.056996810724380446
-0.207676917423414
0.04437502217329578
-0.23697121944118676
0.3600521463254266
-0.0037101243844376297
-0.2746125917264603
-0.1728418986935791
0.0914183458379833
-0.0317974713483261
0.2371679298192834
0.027405696217228444
-0.2035531629715266
-0.1078830174851586
0.029047558424078638
-0.027259359043396006
-0.17389457001481246
0.15808258734914696
0.13015167447338255
0.24153963035615175
0.4025450251270914
-0.013471653841735268
-0.41317403737859437
-0.3408880505032379
0.026623554621067084
-0.06549963872251723
0.2085007029369892
0.05520541232389781
0.08511272383925488
-0.22575928808261286
0.07104660608571037
0.08550026057841695
0.08353291715441284
-0.34821997871989346
0.315037618784118
-0.1751120136350224
-0.13051446991113874
0.2734943078766841
0.26904494222516995
-0.031259553714113555
-0.1744374185309448
0.13690313619351904
-0.17999315146309722
-0.0587275585721524
-0.07520837569930824
0.14857474909661694
0.09249853418061371
0.1521379585910112
0.2929315581402322
0.2708827703097882
0.3329876505143095
-0.055368709403766536
-0.29388179946477266
