32.86517125834398
-40.063903510388876
39.670143934934785
-11.93502892915181
14.921485150288085
-2.3779265853228764
-4.654567841421657
-2.9189308723504204
0.6245681417800356
0.5288544233722341
-0.3626683576013747
-0.276403545894068
0.15378627302496026
0.6395161846912788
0.5414628254109286
-1.0292304602248907
0.13818520325112554
-0.18848238150563434
-0.46104110701958023
-0.02860863219999865
0.78417790677848
-0.10432687450908283
-0.16725197471531145
0.04250944307850767
-0.5954959450623409
-0.188642701102339
-0.5331098882693057
0.2720117387751391
0.7735876098414536
-0.10742258562327936
-0.12450899380167257
-0.4701351042750768
-0.4310791338761208
-0.6251993183623571
0.47000090000879746
0.46001956964136725
-0.5886332362271632
-0.3614358705362202
-0.3734045322046141
0.013494400193002243
-0.2602396038729898
-0.5612042123010496
0.03428195356121985
0.10950022341292669
0.08421305698064616
0.22334024042564138
0.6180150861295112
0.44533946087228804
0.1674462841200508
0.12620494871143625
0.7613495656661164
0.09456572502477828
-0.7426419846247433
-0.043869353082446105
0.3899274247980199
0.14063187783210163
0.3363953018758589
0.6346099552340161
0.19841874080924315
0.4518462708452135
-0.570965718948695
0.24245365688282788
0.34920319306113823
-0.05049853245514488
0.047678255065429845
0.07237685099690487
0.0072541646318479425
-0.06326817022553673
0.1139311877201839
-0.055029950890556165
-0.31510522279821923
-0.012369384461201907
-0.21459732426707293
-0.7943933044302932
-0.4300774413141539
-0.24446053200613366
0.007784633022730775
0.2910463375463911
0.33832381431671366
0.26202974497749176
0.6562823032716656
-0.7881229799780765
0.14284472577597385
0.09460240433506925
-0.818172090303765
-0.32768989374065366
0.04305701240624382
0.041854498370432355
-0.7781867462002415
0.3000315266050315
-0.18604586295539652
-0.4269159517893434
0.017833534077996694
-0.4912767095422162
-0.34661710981303706
-0.0077654004725294795
-0.12876112339643736
0.10964188744800243
-0.3870288305451456
-0.3736993996122387
0.1107075297158859
-0.12020360534416195
-0.2487587170948911
0.13063270949784522
0.15845776614883855
-0.3746282876630923
0.24978514227573093
0.49751674690375725
-0.11759292948448959
0.4184366351090477
-0.5154309291865747
0.49719577703873774
-0.322771909139366
-0.0817254008054016
-0.37630207258402076
0.11296958226284434
0.20236827987065964
0.047009129252709544
-0.2716900638382086
-0.48805898838443257
-0.24328351234742512
0.06700529977875894
0.21019552306233424
-0.14301201106648107
0.4773987194180155
0.10253007756898182
-0.1027870995365235
0.4554890107067677
