-44.97022033360904
-0.3694183561036362
-7.754911273166287
12.648501143679844
0.056666487834808266
-8.433716483933459
-1.9826023656475857
-0.8433220443661427
-0.059919344348462154
0.2864039997952845
-0.4037471679067791
0.47062467073260295
0.35732492355644
0.24965248353689812
-0.6038828637864782
-0.029216146458997977
-0.5537865428455384
0.622717728487861
-0.3254405746648594
0.1564220584619689
-0.08547142936740389
-0.09352124138386811
-0.17292309516522064
0.1761554905681515
0.10324270668874669
-0.4689234652283224
0.2607914379872376
0.2792678822565453
-0.1031681200524315
-0.23194556261292723
-0.2512623103695361
-0.2255207960276499
-0.3837519942154837
-0.18049271001357411
0.2383448991282398
-0.3864462802727259
0.02723693728470704
-0.33737308685845685
-0.2691585736885876
-0.3926404362691563
0.29443103843611906
0.19103846799243254
-0.15083304879961218
-0.22080139835028262
-0.32414552175139094
-0.11656114308652654
0.1537212267728832
-0.055715849349320834
0.06557900543998602
-0.03687974355363567
0.06477522396993743
-0.20435878605835545
0.3016389491179803
0.01178940533857975
-0.10006016649829824
-0.047742084059861925
0.258028572908757
0.18993184709295646
-0.21551521103364457
-0.15931099686678363
-0.16400943202932403
-0.04693670634935207
0.2987827852842049
-0.043151087613585486
0.018803522615498315
-0.08177940477522276
-0.10522126214976421
-0.045059682703747356
0.04927925050174664
0.04407981867589063
-0.05069933475536169
-0.21588825299207734
-0.24258151619314236
-0.02202743298845171
-0.09783433558605344
0.27012301266978556
0.009098208638274721
-0.06538347781477476
-0.18228597210589248
-0.05059721465419786
-0.11601820576541211
0.12106723665836898
-0.011133392858218565
-0.15081538620603696
-0.40080830959367986
-0.21567537692054192
-0.06144693497092081
-0.15643156771839184
-0.01716357502289985
-0.31815262755113594
0.17839970539007205
-0.1580622332998734
-0.004134389395492377
0.02545591239015145
-0.08394937591577116
0.09757255797718731
-0.03549029958583464
-0.0032028924919320564
-0.29977370028223427
-0.27610083624953663
0.14490893994241374
-0.16449282418185476
-0.11366781138329533
-0.028809716683975257
-0.003073335607707492
0.04815834755760131
0.2837344715407763
-0.045291248850212684
-0.1685011980901289
0.025089395362182174
0.2923034100672724
0.028864454052671656
0.05075068103470995
0.0033617934375120007
0.051760902665570624
0.09985930224061162
-0.14620779118487098
-0.07331272368666601
0.020074719030876348
-0.14532897898607008
-0.2381429291281195
-0.11384012018237394
0.11699053127648816
0.21499493128090816
0.004614580103758526
0.02654328381727613
-0.0566418009352789
-0.08747207998564756
