-40.257191159666206
-1.0145749525208838
-1.932061125515693
-15.498808579384416
-9.807821259743134
0.6530498659319599
-0.22673663386069487
-1.20455170110922
-0.14140618287460247
0.23723316260645258
-0.0551301145659557
-0.6309172650209789
-0.03261807105546369
-0.212086599435052
0.08655017136134532
-0.8900638292335026
-0.32749928686626645
0.3567490109945796
0.5160942294258388
0.03866686361244509
0.2095084298917135
0.46544714723759767
-0.447283783251744
-0.4426844319133947
0.21457900590976367
-0.1421298225558775
0.28101180437564566
0.004831808831204168
0.18446156071400843
0.27911004567908193
-0.04200602128377033
0.0601437491789826
-0.6510008318691769
0.27441451034058717
0.2319326637438499
-0.03947419407778638
0.12262132667679276
0.22891100595873592
0.48451239580720695
0.07129084950493261
-0.0663200452365818
-0.371002370109572
-0.10861089374169562
-0.19802766490379514
-0.13266948405459963
-0.2860692363441874
-0.2149264313705357
0.06465650911211213
0.34733378581815366
-0.08812497122499174
0.4043006066290752
0.2535429991274335
-0.20838155152774512
0.17706710953769406
-0.03530428116253089
0.22285422614071046
-0.16034475109475682
0.03672251089169125
0.18551446153672776
-0.181567996584912
-0.11456699743306684
-0.27673830668169175
0.11350552997790758
0.1409650152665391
0.005474089332563116
0.18948301069494655
-0.13614261175445136
-0.03056538692290211
-0.2836955019842595
-0.13524506860257043
0.02800466881912248
0.08658173140237897
-0.18358649262653137
0.455466194271486
-0.10959497620524432
0.11915262824837268
-0.1329672440161729
0.05479768087113021
-0.015623238757859523
0.4367117864544191
-0.050419386110023404
0.10331457292933338
0.06356718216847045
-0.10341469458255435
-0.33014912075020125
0.025082418261382054
0.2318603060413273
0.03799235639518073
0.11514283514336765
-0.04602398840604998
-0.0032403865652625707
0.12047102439513083
-0.054100895865260255
-0.029250008354672598
0.14464646429179281
0.34918816289323334
-0.1748267661009492
0.06599645526772996
0.2347593107095583
0.15255240338157375
-0.16287065977236348
0.061114485848665606
0.34404283683670034
-0.21732043885123456
-0.1941154225138613
0.30040650468645974
-0.18175000368166316
-0.16191191276712974
-0.29815520186457045
0.07170074264773627
0.14372090440715224
-0.040032081783222775
0.2617606221000706
-0.3443814697252824
-0.16082860199850074
-0.012090404651541322
0.014923529201546812
-0.003592885727022325
0.13245353790113634
-0.583479862595228
0.026427757371132597
0.27967916737170984
-0.3507881362765724
-0.10305615924646377
-0.1530073342256163
0.01859578278316773
-0.2169368819389485
0.10059645102014582
