-47.282046003675894
-27.96269449452958
-20.360486700304506
-7.5137157749362276
-0.45628202256480566
4.3801155097664575
-1.068757616792113
0.0033249641605037628
1.3863204264580222
-0.540752106523841
-0.7292777744635436
1.3287235601206362
-0.21470536024519532
1.297580572485842
0.3091057652246598
2.008436414098265
1.2514455833570008
0.010541306854632115
0.22041596671923216
0.5977567028996023
0.9021767680632728
0.31812049049043456
-0.2697270728067834
0.037612999974668215
0.2697632320494508
0.7732373859971227
-0.2928378543520409
-0.4914325854721629
-0.3376237837889503
-0.03162853872315485
0.13804043598800647
0.3950105997073379
-0.056246633935535514
0.23832095238534884
-0.21062977343752767
-0.27001529013769554
0.11725160222484196
-0.3966167664464681
-0.15183502793237433
-0.16462164421679
0.2553591270596029
0.1068545825639404
0.3816437230808563
0.43084656139131355
-0.22919616326018843
0.23082295060295918
0.08172142460416791
-0.08039165672374818
0.3325962305565817
-0.26045350609376694
-0.6315869837035523
-0.46049039063837927
0.09060360421543266
-0.11768558481298533
-0.02896954280099065
-0.1191824574093138
0.006664876632037575
0.022677522324595106
-0.25543243116715014
-0.026966664060895353
-0.1023718349334381
0.29084972601913395
0.07600791910379065
-0.28333712118178966
-0.21381285640667072
0.1647856158203533
0.3066432297497782
0.011785091425950023
-0.052020195832402985
0.032412379035080874
-0.181863425270548
0.47885973240990914
-0.2880844189287583
-0.1497898393800537
-0.2091839303638708
-0.17813156339499242
0.2018907231356311
-0.1164840645065206
0.2458068447737838
0.32890841792249703
-0.37086697948449654
0.19916945663791993
0.12192789431246054
0.10134653230303403
0.021426446924395413
-0.0068499401375498176
-0.10928134836870046
0.16250669787120198
0.1392322625908504
-0.06910876523784329
0.029757762514938432
-0.010441867494291796
-0.1465821082108037
0.12822449124999122
-0.026101443480569912
0.033916143864900355
0.1375481552351531
-0.1317436862005026
-0.10483146620325459
0.015419276034987939
0.33052880166519877
-0.11343824047283296
-0.0012640465827020442
-0.5114417491168531
0.023411727150632576
-0.07262872724252316
-0.37372161959256156
0.14634086380592026
-0.08113285603792236
0.28699557407894855
0.08185833322004174
0.21612414794491377
-0.06890669667197402
-0.06965104783642141
0.10198279860561003
0.004083909419730393
0.047161221335918616
-0.2116328969320234
0.18121275644608706
0.2861670445396089
-0.020989441541188723
-0.1342766642206829
0.03212523756023279
-0.03677467437328369
-0.1413970331330427
0.08605493966667636
0.0408030059014308
-0.07246904573427004
