71.99938276738881
63.60557717515238
24.063692465876066
-6.774821680646811
9.006679652311679
1.6234713603885407
4.465810629214956
3.370137329083472
5.150733154560235
0.9283419223884886
3.3027479382466383
-1.4112103412966892
4.153168402337669
-2.809865345143084
-0.7240389392290734
-4.4780278228967765
-0.43329783809086453
-0.9713098830927949
2.8376753354145485
-1.2389758425545312
0.8065921004102261
1.182967318617186
2.0419714800896713
-0.743733702949974
-2.9523926052180807
0.10414329784280824
0.713613342362148
0.04780002870111094
1.1090029242255188
1.0776176639770285
-0.10640928323236815
0.05162700228274709
-0.1282607311246257
1.214152007007022
0.08876096433879038
1.8758887968737223
0.8023161538932835
-0.3598361737003832
1.3656970704918256
2.857860182293693
1.0290952723067233
-0.8290987992223176
1.3380394508689368
0.09539176088998953
-0.07982552891590236
2.2093927196519276
0.017487559808087777
1.9885058131243345
-0.782152112919508
-0.4075226717174218
-0.4265007305580647
0.32844861107773626
1.6528001294375343
0.1297827874974032
0.35286613660805877
-2.674949264904881
0.9349137622494913
0.30735620523902324
-1.710136352601461
2.160063225421844
0.7093983259831451
-2.032292065667082
-2.0954243712740315
-0.6344848456115478
1.4069017572787357
1.0345423292872755
-0.5970046222247917
-0.09598346420687287
3.337756770908124
-0.02730052177411435
-1.9049410105418154
-0.6115417500212879
0.37516464960736207
-0.7705822929964835
-0.5837512875348835
0.40495534357185947
2.04871642769674
0.7519278545187158
-0.0821841191653114
-1.8930820142068496
-1.3191393897254993
1.0584121638210502
1.3536916901270102
1.1422536374810965
-0.03406339965768168
-0.9446134287722778
-0.9080583046690665
0.5516981543155729
0.6537462658946903
0.7581822521078295
1.4371217528521953
-0.8112908054228374
1.8633883997895808
-0.6371244202694772
-0.030571057770515817
-0.41174216489137216
2.1876161089279837
-0.17830917652826653
1.068803673452265
0.5379437652358975
1.5017782578962353
0.9442760772685737
-0.33595917362972405
0.6101280030968586
0.016019983016580336
-0.5150558846629499
0.5438625256408817
0.02207323661889106
0.7267061664400865
1.6091252525687563
1.403818193686495
-2.0491142772056095
-1.7530232820680558
-0.4397007829751887
1.43833754164198
-0.8591186874226375
-2.1216922288102076
-0.7582613743214951
0.17313024059984605
2.6409941850075764
-0.9331852246693233
1.890709151312861
1.8487272830964152
-1.0628868902015094
-0.03300813142656934
-0.4331586589865543
-0.39715211956271135
-1.9365212656993698
