47.183371108227625
-47.25018739693551
-4.399131933497778
12.223488610672096
-0.45113526528363634
-0.027329492391452992
4.306354784950982
-4.034317727510943
5.585443310084075
3.0363187952847444
5.759625721434102
7.465785167902087
-5.3259109057443546
-4.624050615063248
-7.8321429271704215
-3.0888459492349125
3.568406936101411
-1.0587931862714304
-1.3116793193077236
-1.8448444461962654
-0.7176134233127747
2.4702217462927574
-4.29508266404252
-0.3753210644284825
-0.7387358014397504
-0.8022884126162461
-2.837503804394742
-0.15396104818078957
-1.168869948101807
0.5014088978420126
-4.083956604097487
2.375676933278492
2.2149377583839978
-0.5480807863877352
1.3211845028832405
0.40380752635608036
3.549790275978816
1.8634446272094587
2.743548233868877
-3.9826340832588545
2.363212602847778
0.09338367637618408
-0.32110835392622733
2.537136766032313
0.09213244216026575
-3.804229909628189
2.530634074407411
3.0148026036577193
3.501168770474954
2.2333236794447684
0.9924568297178685
5.356697422273539
-2.954731321920436
2.3645891228196714
1.7146296720156808
-4.090498498849161
-2.5219123878666094
-4.600176591252377
1.6204759417044283
-1.7299493298568274
-0.6812883711087132
2.8153250403314742
4.022230434557125
0.25824274409670744
4.63248930509323
3.787001563689924
-3.034870325885172
-0.128761157278505
1.5182837354572716
1.7453350317536385
-1.117592921319374
-0.10073020437553265
-2.881928477512394
-0.5270636113903651
1.62054465251651
-0.685854457547253
2.2745371428495815
2.548527544399735
0.3275724544205478
-0.21362598864469273
-4.037551000825296
-0.7247965554330725
-0.8494674342695249
-2.5738277333528994
1.9984949081590202
-2.5864643180794666
-0.08631743272708764
1.2904322978616305
3.92843956875635
1.454992200303352
-3.4491979627109544
6.5495957696673175
-0.45695332213393913
0.5145810550627162
-0.8458976351545364
-1.054082526508635
-0.5924554107518855
0.09734412243440849
1.2085947831024442
0.781499961364863
-1.7613525549271087
-0.39713820777748127
3.267742332716453
-0.6681470442661425
-2.3683840349939276
-0.68558554376906
-1.6493606379365575
-1.3040704688088562
-3.4436570737961616
-0.5921512932431152
-0.41983644238520135
0.2325192602247666
-0.47000092295464047
-1.9259706442359281
-1.3526622311067962
1.6564063730361869
1.109958857785472
-0.8572796865188268
3.345314748641556
0.31387678164993926
1.0608256889626118
2.4545420940993683
1.7564170053782002
-2.5342078085277477
3.9732322914946567
0.025851828967419985
2.598709150939606
-2.8543879535762104
