-41.453299282114756
-2.7427152356134274
-9.227740925564468
-14.381372425489682
1.513840915595162
-0.7250414977388131
3.7285113526395466
2.72865228547067
1.054376270777125
-3.461737700567939
3.1321579130630193
1.4776754539202284
9.406743030426005
-8.577734209567286
-2.7390354432586617
3.55328106918697
-5.337922425626915
1.7007406707131614
2.3535705448797324
-0.42322834966765943
-0.43646088242391656
1.402808075178653
0.11715955618755597
1.9647821793106846
-3.97294567776651
0.7004610654692778
-6.86232232225388
0.6393887175731824
0.5019151695695417
-0.6386651591375345
2.545153860411958
-0.8379269382502326
-1.9253458578322198
-0.35790094886036705
-1.2749597213261175
3.051010138191381
0.09236805054400107
2.613983217594845
0.9536241526554262
2.9725965210224468
-2.255790987297298
-1.8626191137782742
-1.7134946940672726
-0.2812552211558419
0.4021123048736873
-0.8501939970210485
-2.3807135974982505
-0.9609025218667534
1.35703899596522
0.9993808078263663
-0.31849694656503946
-6.171901947723684
-0.3484828338454853
1.509822773481528
-4.3038818702466015
0.07055125816700504
6.285925200746211
2.6063796806639212
-1.8463570700157523
-1.5934904506968885
-1.563617354350792
-2.1152220382469764
-4.113636574474149
-1.007284700551667
-0.18597661326126358
2.231954778288563
1.287864859241452
0.23959567774607843
3.3833160280470804
0.8670157276482252
0.01099919648108158
-3.075248684055579
-3.3095245332622993
-2.4559882262701
0.2218245778872976
2.4310369705963946
1.3828493002777567
-1.9493202611555125
1.2555699105070455
0.8212995854146624
0.3780135857418947
-0.8823091164663108
-3.379314514430647
-3.256630149459419
1.2742282995728458
-1.871921225712182
-3.393967622000785
-0.7276616568114302
-1.0194713650013303
-2.40932106265224
-0.538285798140332
-0.21664885087102553
3.08657684686089
-1.6072021864376465
0.1156077910148827
2.0299951905141875
1.8122804540848132
-3.7955416210626587
0.07848216483825277
1.4568306325655085
1.5849853384439911
-0.35773526692961205
-0.28910141541315154
-3.4264276425410194
4.324703617961729
4.034366099688186
-0.4202689629780606
-1.341664077767137
0.08900328186375428
-2.1438398831257865
0.3428732591067559
-1.4868722108836956
-0.4754361423510658
3.5379211949813905
-0.9382431788588241
0.2942648684791394
-2.2448185535514797
-1.8130128212178571
0.19469325914930816
1.2206025381101617
-2.3150107068582453
1.0245733687736507
-0.9511549261891925
0.3004263800483447
2.047286864750855
1.7354285780996948
-0.24926896277742222
2.831385741165717
