-71.72868863190969
1.5249536624538405
-4.625045599989111
-9.708112854329578
11.241717835921142
-2.7533422657095636
-1.3556617801029658
-1.096693302538795
0.3617315413630071
-0.6801331615189847
-0.4640962874533399
-0.4294392479472775
0.7256937419026755
0.3259897758851405
-0.04376793468794665
0.11253914288306073
-0.20643498527872278
-0.412123513763937
0.2650649891798724
0.12474791690626005
-0.2903395258204964
-0.2971232266244197
0.1540660036893774
0.31752167762159916
0.4652675860931412
-0.0035728693226446413
0.1060710080955375
-0.2750720106614715
0.12622172778690965
-0.24097338349201888
0.5209621278911125
0.34659550353829455
0.1013602011179171
0.3395909699928768
-0.2698916047147891
-0.07306963974823921
-0.407464494357839
0.06734541079439495
-0.1643174578891909
0.19971116302071842
-0.04821268607159874
-0.20250660483539967
-0.04278313285309077
0.29297242274533447
0.025558388030899173
0.0337373652975828
-0.16503089687801362
0.07557558807634701
-0.21494112366040852
-0.3790196111196397
0.023922904652249888
-0.14063337446787744
-0.23039769488097875
0.21738296450477507
0.01304340792102425
0.27914214541776683
-0.1733550939629437
-0.09368515395246028
0.010291477569574041
-0.07644485648265635
-0.29534828087952947
-0.23611532185253742
-0.019212562817563256
-0.3021707054391951
-0.381343082843986
-0.05430623918979122
-0.04385562821558394
0.010942128442008217
-0.15927082480170746
0.21775068190329416
-0.18867185020564287
0.10494873243744779
0.04427441203427727
0.20316240986588358
-0.23405776280411492
-0.14719394190609997
-0.1570743256628777
0.24526468071183524
0.11308066579690035
0.08447792117484533
-0.03025756066329118
-0.01851244327967136
0.021681369721813587
-0.018618987250571477
-0.37626076856229707
0.036595354241855844
0.17890808909689687
0.19311119993374523
0.10532346657512984
-0.03985006822853407
-0.08440468795603387
-0.20866918113063582
0.02249883336486357
-0.09606122102714568
-0.419617357798146
-0.1226781724159815
0.3196927296735157
-0.14681091106401986
0.4778362418275529
-0.34040095600704584
-0.027077410739740584
-0.11513343735234559
-0.054138707671899974
0.14033742903153398
-0.15268250669165034
-0.017093287881109087
0.25443527289048196
0.06920386554241226
-0.04958067044616026
-0.013165525353330432
-0.04332260635587076
0.22278805533042742
0.1159414647609884
0.24840602466703987
0.15333389915697784
-0.12402396933709041
0.27666890556307056
0.2639069708639805
-0.16360144337489319
0.18490110843889473
0.009382858782858362
-0.15265014324276638
0.049627755862722764
0.03463184948318632
0.0774675344216017
0.1619800130241411
0.11767040419661207
-0.1598322933636836
