16.99533230739202
-54.66140679250486
-22.594349060964582
10.785955785735323
-1.7977395475344706
-9.597638655429137
-2.0675110046569296
-0.42838157921726605
0.3044190103317912
-0.24049414402642466
0.49684885888378433
0.02828531569456484
0.37718999071208353
-0.19487305665554236
0.20962194905276066
-0.19726009375954956
0.31267999068634317
-0.02042526287003081
-0.17113055767729554
0.15775703238178873
-0.4258388809152711
-0.15429606679554186
-0.003716003325580877
0.19694054672100236
0.09959844220947928
-0.21942114133935167
0.2008047089135073
0.7365771749276523
-0.25408370896891924
-0.1042820805118882
0.04371669699348462
-0.18963321114991294
-0.061413631512557354
0.06277608925529911
-0.13768824628334828
-0.315872085842706
0.0044867146715377015
-0.06781246199430815
0.16819259688888832
0.07317533742365093
0.1407167260208868
0.0070805333830051
0.04917998434252416
-0.44011217356052923
-0.2244454387595436
0.01141561311365214
0.19878690104405256
-0.05085531131010093
-0.06365873281670682
0.06898111674337609
0.1400894392603688
0.10845259585607822
-0.01330301417636185
-0.2583537215833511
-0.3098587883066649
0.02478253064776035
-0.048026123101952096
0.01807923858749569
0.1839559412108056
0.12599142875186609
0.2632455949838043
-0.3958048834701266
0.09953312872031303
0.1451038402412488
0.45848791372561404
0.08763656417124957
-0.014647385245578126
0.36088843067782994
-0.1916439798436638
-0.39959987301145133
0.3438653905643709
-0.5680220540257267
0.25145491277251364
-0.06300211639438152
0.13120731699041116
-0.10974921061350286
0.08901031552004646
-0.03987244428614941
0.10644656075922043
0.09073136455566612
0.12195296801450657
-0.1982282273997241
0.2155203432270302
-0.12934406978409918
0.47308571812349093
0.01609106363871323
-0.11777271911692946
0.14109813777548869
-0.3565183574613908
-0.5429741547833195
-0.12034217178714252
0.04140432462922195
0.05309849850228486
0.24400298543007518
0.1856375330882408
-0.032231456127728
-0.31207625961164764
-0.6027347688712621
0.03157303134615483
0.23118083826304103
-0.3330301299459652
0.22435353131091917
-0.13616340364604196
-0.12007392501319597
0.6711873799800526
-0.02360915155416754
0.06235704406987397
0.10530697461877558
-0.06878796877748257
0.13413306268516378
-0.23527041161310974
0.07047272215880779
0.13493726730511654
-0.027863319822438087
-0.31071344224435044
0.025362260488417623
0.5295454286918714
0.17543980340423296
-0.17428718470695248
-0.1905584321981425
0.14453129464832623
0.24725583318658528
0.2219566682631682
-0.016684187342257142
0.2407457846556094
0.09987135353785594
-0.011283992399324164
-0.10115540086617025
