46.81486711552676
-50.113991457377885
-3.166586494083349
-7.245278135437808
-1.496369797038874
-1.7694431126899461
-0.07478804156206861
5.348076013286801
4.203609272458476
6.754188160820721
-5.1806056003663565
1.716158413818734
-3.985566293760214
3.181412012509398
1.6924638080345378
-1.9872927842978947
0.645884180873078
-0.7400739753938912
-1.050701464878077
-3.387707102513083
2.6115184258849533
-2.4559476854108278
1.449334886139581
-3.661133937889325
-2.554691703601706
-5.516092421325065
-3.1001295029236813
-0.6197951512497217
0.3128689185577788
-1.4468867187391985
-0.8490635380461986
-0.6365241763259568
0.6534864845405614
-1.5512027873577323
-0.003237810453044665
1.3923111452744261
-2.6439477396114786
2.599889634770673
5.944031628237867
-1.7476778563428876
-0.4798412712744311
3.9610885877018776
1.2987071436682178
0.5830140570278861
-2.491926114314025
1.8371312100800439
-0.064919241701127
1.893649773856357
-2.9714146363052913
-0.5367330347392091
2.711925862861987
-1.0533166595226535
-1.8978297915066638
-1.170900436936937
2.0120169476497
-3.017862723196772
1.7491664562859865
3.5132388774584222
2.4943013422759175
-0.26380927678291893
-3.6515768676832074
-2.7386197829022985
-2.479499381795982
-0.9668856551284745
2.3546192865814946
-2.7510252812323466
-2.2193866348470976
2.7606563900806185
2.86438766129938
1.1576405300075934
-0.7709839053216408
-1.25123145536775
0.30103888835776477
-0.3847650826346473
-0.08968804756602591
0.13321454137739908
0.7654329906346258
3.407445058182265
-0.6213604400703663
-0.2819546766600802
2.158474933833583
0.1993785749650916
-1.0156088834254855
2.541615495864292
2.3775692909657193
-3.126515103199605
-0.19195161921726842
1.1648970035135178
0.5124548431706577
-1.7467901579838625
1.9398353265329331
-0.6655485409279123
0.3588777413032034
0.15680898650671013
-1.1673682128082272
3.3535863361722162
3.3894134869080417
0.03521598151711178
0.8457276397237968
-0.45135011848000683
2.117551052950842
0.9170991922320814
1.396473741552056
-0.8367619234657753
1.5794431621171903
-0.8369572414070325
2.747113448709713
1.053117812450968
-0.3427357911057904
0.9587046854494532
-0.8820575832803322
-0.407135533441779
-1.3165533075418914
-1.9946482504784797
-1.83798947780911
0.299290446643396
1.4983246064502072
1.2849320572878695
0.2537126382022611
-1.3625021662018262
2.851672852997104
-1.6054325911262521
-1.567581336380867
0.2617812977131227
1.2889773829227131
-2.180430848700491
0.08597771011642699
-0.31645917532806483
