-44.20273805718243
-4.566178775712974
-10.395016213310328
3.3466245478174645
8.236572248503265
7.475895615900631
-3.9387835827451667
4.77730128527892
-0.8186145858413674
2.38781762231187
1.55749103118211
2.3511369898015544
1.2712503466834262
1.7043718805113341
1.4028705668961587
-3.633262595477468
-1.5743160191502121
-0.22497667456282386
4.674827542348285
0.04273587828297414
0.056621725256107466
1.9885644911224392
0.4789835709383191
1.568267148131861
-0.6671479447704163
0.16928867725922797
1.3398598021832153
1.2376796881110068
-0.7255228694364357
-1.617771945830143
-0.8272413972010041
1.7089987981767516
1.0244008728052345
-1.2343340851300004
-1.1455024782533596
2.250182328780091
-1.601038299838883
-0.48983725600775024
-2.108751308835937
-0.29423631735868
-1.3803308354267758
-2.161809279178102
1.3781865200929169
2.510010967395269
3.614510709796825
-2.568274941726525
-1.862365438204927
-0.034788332745589484
-0.7510191456314761
-1.7824763981603038
-3.0667069783328618
0.2359132511596929
1.49605223263176
-4.7082087549409675
0.21394859336721106
1.8538713500100361
-0.9324171697887481
-0.5567086917767898
-1.2107759007130274
-0.5096782285620334
0.5209166455717049
2.090178863749323
1.1319705079581233
-2.0436089496591827
-0.13886133428552633
1.070199780265379
0.12708763748706692
1.1453500946379775
1.094589279814647
-3.077561147446717
-0.09047180968009409
-0.3157726890606359
1.3278313399062291
-0.4213567397165066
-0.17222078381916284
-1.054945063492874
-1.065899047718951
-0.6263486181303508
2.2252151658100114
1.0168803165193283
-1.0477250952383088
-0.9543538498031652
0.8949720012348679
-0.32595613407980717
0.8076967582792001
-0.7811549548425545
-2.521261927110495
2.6329086947148705
-0.23255634111519158
0.31395399947260133
1.4801875048425122
-0.9906354762859252
-0.9929535469386473
0.764967990579356
2.4657059457084483
-0.7953925464881266
-2.7278194737707433
-0.8291603286564304
-4.179953822736769
1.6707516314826443
1.686016450296243
-1.8208502650527194
2.4012005920477417
-0.2756051638372972
1.0339626248237916
-0.019872786696871245
2.0395010553664807
0.8301345665432925
-0.2746940800745575
-2.862352978032803
-3.67394429685448
0.659228918561097
-1.8592393461256203
-1.2027993617908443
2.120448941080462
2.907184917888056
0.9875160282314478
0.9130516237654064
-0.20142178394739785
-0.8385408967452967
0.37601339038989695
2.0638004594012815
-2.006701179292992
-0.813684362319826
0.39912111345550577
0.31556645712640347
-1.182747342053361
-0.5591628160906277
