-40.26610603236796
-1.0841708501141274
-2.5085595818363973
-15.355090394233317
9.783378638871877
-0.751085018917211
-0.28857519608923804
-0.9227945061748258
-0.5041443449522133
-0.05924899865090838
0.1254450473321445
-0.04803697939893726
0.3132488342484742
-0.2496256323927643
0.05197178307191683
-0.13163719484312345
-0.2893659270793163
0.3225833018975838
0.16840180063767093
0.04689870927464998
0.12302133117224956
-0.24316283140168107
0.17908529615190602
0.05601303874442333
0.28015043962942615
-0.0737908637767158
0.12451288214603523
-0.17979569344072382
-0.17990870887877314
0.1635790686605892
0.060517986677778544
-0.25322734283808646
0.12102834532966258
-0.3239213318410743
-0.22307001904376836
-0.009948238615546362
0.0333470928100844
-0.1195360596015109
-0.14740905230647378
-0.20404164611164305
0.11619913304126728
-0.020532798387552086
-0.04773237331853469
-0.28338766938345
0.2548720894214474
-0.17870820278221264
0.5250352668332927
0.3884215126333365
-0.054930829498576174
0.16824230761961928
0.15482699316151716
0.24341488734264322
0.06039792312348374
0.11128799506974402
0.3414098583703671
-0.2842596922814717
-0.21137751048917813
-0.30123478064035236
0.12086271534995348
0.11160059970027111
-0.14705439731214678
-0.013877785017575549
-0.23007500657568764
-0.04111693744276164
0.16265275908427065
-0.3988467520048109
-0.4509222275168171
-0.08784649491975917
0.681013760736077
0.22078003930019574
-0.10869356086104122
-0.1275924502579645
0.41608801839896653
-0.06484655739213181
-0.21718967759074065
-0.08955903531951692
-0.47773359693635936
-0.5854242974166598
-0.17735720499457058
-0.0323472711508989
0.26980245503792954
-0.3137248743829905
0.0485163936028154
-0.06515918828593209
0.5748444103057382
0.35636436524074266
0.1714939806916132
0.19727633687844554
0.42472732514463973
0.13672212138449585
-0.08006381468415241
0.10145579995532178
-0.23413100934192327
-0.11086207771757157
-0.4732503148250599
0.09383675412709722
0.03956507455237293
-0.24781101505982017
0.1353197001103812
0.28806529348138576
-0.002871793096781757
-0.03325360369590135
0.14033020005495184
-0.1996217913975025
0.23412132458089213
0.6536791248961725
-0.27632667097041624
-0.24583946407421386
0.405325522175476
0.5800985687168713
-0.2898064893481404
0.5023684943200287
0.15819257771807826
-0.2558653807108212
-0.7869705986050185
0.03809942004226594
0.006116099946551039
-0.35534661257798045
0.12110640536664004
0.55029049108459
-0.38264267496320814
0.20541551081810844
-0.15877344530009985
0.3827302837937359
0.08207768271869513
-0.38570283904362085
-0.12284762160012373
0.14639704231962697
