15.11724792320149
76.73022032748545
-21.150839530611496
-13.49611118319453
-10.017533695418443
-0.29661843454537395
0.8680586843265925
1.1096125371683598
0.230263407065819
1.6745093486595495
3.413042897020645
0.4020668723304641
-0.07297766288039154
0.7021759672726638
-0.0478464781822574
-2.556726153915412
-1.7477404672297119
1.8925552936336096
1.0759497559856581
1.7595413485648348
-0.4666727687605347
0.583869620644374
1.4137151114452013
-1.3873888710250677
-0.9293626056262575
1.7175760194683405
0.6324247303916473
1.6128324408764612
3.9965932682357157
-0.2712711388375119
-1.8423571486000587
0.31053020491401684
-0.3383803984528829
0.05295569385788579
0.4416976211612952
0.7546257380012007
-0.4770565419749238
2.6704734483306947
-0.7932467486700733
1.2484025830029306
0.9027132468120949
1.2404966699001783
5.087773564457038
-1.6313621635308373
1.2272666861898016
-1.591460678872839
-1.3029958592932833
-0.29788140779182876
1.608139094430314
2.0064516503124414
1.3199463105229952
-0.4473123167629762
-0.6733274572609182
0.052814718469822164
2.8146258152401677
-0.35364287469601546
1.705979990692304
2.2407849520168193
0.44439362834680307
0.03969948095614528
2.922708534361506
2.45358476867743
-1.0321495552809588
0.9761304136300161
2.0184215071714795
-0.42976706287198524
1.850553584172967
-0.3138842295600166
1.2025439133443772
2.3461214018097842
-0.20459109991185992
2.1407595881096726
-1.5442492367049778
-0.09355493844322466
0.9311869355428838
0.5783693450792693
1.6605485917281824
-0.7564094599261768
0.6023295503421021
3.862313800331423
-0.31802156773636814
-1.580936148188699
1.1962374457394949
0.782862278510427
-1.6019536013692592
1.016927924097259
0.33652604045771756
0.11417887631076516
0.824836381283069
1.215275733920773
-1.7280171295054636
1.3173436777887084
-0.17061087091945853
-0.4006950868584033
2.5490415837003098
1.5641334183334492
0.27086795565854405
-0.9497894038751483
1.7427269548540805
0.6030298948477688
1.5475290895731562
-1.6460707399461176
-2.4658044684151705
-0.2724035817240774
-0.3686725070414394
0.18496773284746754
-0.6800172754963874
0.9505224824653886
0.5048633222543576
2.411974698419645
0.6938459716521309
-2.5872073755665417
1.9109817860753846
-2.617775157042144
-3.218919801469976
-1.3627106868277834
2.0710118793804293
0.16759019683393195
-0.12835359649441547
-0.8105904996147376
-3.013542555691013
1.291583733123744
-0.3026891540449998
-1.3272260949463728
-0.2531014666272015
-0.08395480203182061
2.099196134793082
0.6066579834000569
