-48.53079492877609
-4.943499566265222
-9.835470720309972
-9.191742082590277
1.0219416477954804
-2.6680658973629607
-0.1934860812350369
-0.9429631887189331
0.016486501472832343
-1.037115064748891
0.5577359628361226
-0.12127823738068783
-2.2026988462410024
3.3213907819790194
-1.906915347276161
-1.0541511939231418
0.1458604357047185
-0.474442634877309
-0.2133673301374328
0.6849180924059529
-0.5998598799995948
-0.40737123179264095
0.0425936277843707
0.09101997731939293
0.08710413888320828
0.012804104445454073
-0.12609802825049138
0.3434446243402806
-0.27871233018197783
-0.33512991923562807
0.48647919807773804
0.47294777303382685
-0.40938644024387466
0.30167226510369083
0.014376747565625791
-0.26500062569436705
-0.22756227971958487
-0.4192405099379807
0.12509016197165684
0.02872538579691447
0.06132046672010366
0.029162851341373086
-0.21890599972445224
0.09653837373380228
-0.18197548520995924
0.34522846498829274
0.30499131184963035
0.04294709961730098
0.222521635149939
-0.03937242272313307
0.2015368183817253
-0.010937295064807721
-0.04687829417302021
0.14984817964957342
-0.08634869876903925
0.015447446698421019
-0.07026475481661344
0.09739308337115297
0.23694961610446214
-0.21615858001433447
-0.3816905486843535
0.013814565096913775
0.06383512514985078
-0.06615513539694834
-0.2720223863172359
-0.17760425107183253
-0.14719665150041367
-0.0465963529027599
0.08229726609735827
-0.049340222007225154
-0.5508749039050799
0.13611077068864302
-0.32569058948340435
-0.043900465799655876
-0.05924269131234562
-0.045408282144212844
0.3431751879299085
0.12216992150160558
0.031924310485213325
-0.12142819549741792
-0.040911883807781865
0.048949271690041596
0.004219958866737785
0.18990094412733072
0.09369001442821934
-0.06765624708858015
-0.09605156639685597
0.3371290067350634
-0.2977409149261433
-0.21230301959730757
-0.19188704010279228
0.03167176733918549
-0.06859384950063582
0.21219210233681363
0.010267863432253554
0.2371019495012876
-0.05136852797571356
-0.21607593998161148
0.07432713382361604
-0.01772753695099903
0.4684522724126588
0.06602264103329958
0.1822967446612183
-0.012365156403921246
-0.1825560078386615
0.12835291347409164
0.18647125206624088
0.026072111293677425
-0.045411397836467166
-0.04276779510743202
-0.31937774111928097
0.007361691988156695
0.09205982917183006
0.14407488719553438
-0.16417707348374644
0.1093111281007758
0.012116945173615685
0.058551436612882105
0.1953542270530263
0.3748147435094207
-0.03611082123549503
-0.1599992786195366
-0.14642518924817913
0.02191741423919185
-0.11956747976809728
0.09738792837676634
-0.19551864399346205
-0.0754889376255127
