-36.63020626300204
-8.16061651115174
-3.253723922769127
12.881111888953926
0.959579422022242
7.8856992869487055
3.1673317310334093
2.2432419149091585
4.854379435469547
-0.5632442948562625
-0.2714384016024769
5.782024327573305
0.3374302455331464
-3.9914369462515285
0.8205394472124523
-2.0400494689023034
5.535870708632505
-0.07427873288681809
6.1432631739237
-4.0298603092247705
-1.386208542235007
-0.06547216194415388
-1.3523925346478427
5.747275036958576
-2.677726164647943
-0.25617022530561023
-3.2710979458259057
-1.1983361017633722
-0.5564079233226016
1.63876096535819
-6.024064877012869
-2.0725883068939104
0.4055729837524542
1.5852375919316737
0.5241436926556315
4.515265477706214
0.1296533268290537
-3.5826308212818825
1.0198849299455395
-0.8475531051749536
-1.446180424939713
-1.38355296916248
-3.6589835757326017
-1.4014501942825002
5.664994539285071
5.022145079245211
-2.949585942931713
3.506639786173381
2.8793692039934173
-0.8922904252132698
1.1434143609774112
-0.910965894444641
2.3270997098521757
-0.5160096181662758
0.34893450483061617
-1.2712489685761723
-1.1894622902180265
0.03543322982716038
1.2482072440620238
-2.8861369094600824
-0.6707840398019722
0.5323580777568592
-4.343132105897077
0.44411906064160706
3.026633840611058
0.02730689193801314
2.0624869992424344
3.85420610271433
0.7254339606737883
0.9658490968011031
-1.624143085139735
-0.20519659338444618
-2.5170065598366422
-0.7536850646521915
-2.5488116477453686
0.3730162352170516
2.4333985201166675
-2.682853319515455
3.206058385840193
1.5134366357801932
-0.912329505219152
2.284714316101289
0.9923001316064086
0.0680474426998964
0.45532861419910065
-1.8119191297663544
-2.825230448523347
1.3782153058391335
1.4960644862260672
0.5881443513423784
1.2896750626812088
3.069539961788727
0.6219914677524503
1.8743128997730134
-3.1001404687064786
2.311811071513669
2.3880275360683036
1.2462987972887718
0.35968667695639933
0.38009791731704623
-0.505215162987975
-1.4943596197313995
-0.05935967798095604
-0.11798250152227095
1.0422473675398904
-1.1358108614571514
1.3144293982264446
-2.3468883023456173
1.6313791353688833
0.23942402460382228
0.12710989037839057
1.2307831579331983
-1.7631650557920824
-0.709659508127287
1.2261127191435435
1.6578536474698928
-1.3049140756320075
-0.4322405401023248
-0.9398261982784504
-1.372169018397218
0.9685803705940124
0.7987671892321857
-0.48698857086456926
0.05743595322862582
-0.10453109467238117
-0.05434197575975319
0.16613105907746567
1.027218558959785
