-41.853745050317556
-2.19803822661005
-9.69369203358894
-7.306700135482626
-4.751398723362994
3.051165990499495
10.30657054208689
-7.034136138441673
-0.9105494023219995
7.647269293747556
-6.11320160334938
-0.12313609823454542
3.4342984632095552
3.9161659927694585
-0.2183480448441732
-1.6417569832947403
1.5742234134353676
3.8957751369468987
-0.3017340393473255
1.2640083215805606
2.123941582583577
3.5521399294059663
-5.335878237316662
-1.5596799775135444
4.6522691926408655
3.2860243913311913
1.3187449166960485
-1.4127098604826775
-0.6577433715708725
2.20867596971277
-0.24945537793342365
0.9343315394773897
-2.8468915131444934
2.3254411093083487
2.881002197250083
0.6052941599007042
0.1607900253907804
1.4057936154298365
-2.4741353932048247
-0.1385270671181476
2.4148013307707354
-3.5679083398940294
1.2315550310511905
5.66549819788801
-1.3210568383941617
1.4117718776562602
-1.5347888254258446
-3.0900759335154326
-4.954559819575883
4.323514887214012
2.4305505363789943
1.2355387405273182
0.22644363450036278
2.147731018861657
2.262850395976171
1.6486888044753432
-1.135011457510249
-6.771618949370322
-1.4290380029992649
-7.215073864988636
1.7742280734663445
0.2321805006280145
2.86730624697511
4.291952516776156
-0.5283007297453316
-1.3646733289606148
-3.21014262035283
-1.9147274855086467
1.7241089518847477
-3.521892354342456
2.0810180026408545
6.449973991030533
5.026078973769784
0.39496995086254716
0.6133409469177354
-2.5036396986757135
3.671731675758755
-0.47306268459406475
2.638957981435257
2.5020820102848766
1.392113205199617
-2.327025969133889
-1.920722999474943
-0.09243365206496007
-1.1156118691969046
-2.1149882872372174
-4.491414196603162
2.8114001043997763
1.5073149176765408
-2.656414437455794
-0.08461596823627218
-1.0376217616344798
-0.7923840223329329
-0.37001454636428227
-0.6793105058030158
0.3959696467413265
0.1931757056299256
1.0944137358237056
-0.10852020510725308
0.79884186884265
0.563679235385438
2.301384345588655
2.1448663740593186
2.1522278073458287
-0.41110800639039724
-1.5775706604226372
0.7126578413860188
0.44750842116109113
-1.4296079680114804
1.1274890524155186
-0.41852340457000864
0.6221880030126568
0.2493456179334107
3.6342308090947752
1.2818681677417056
-0.8898511164440887
-2.1271158051745593
-0.02168818387474511
0.5592261666652154
0.6609142411096757
-0.7887118352806466
-0.17429429429463672
0.4972685665947016
1.3470487707327539
-1.9751788163997726
0.07053192704564477
0.09904030969799635
0.5989480249450976
