78.70013662049294
43.441806680881236
7.499737991462443
-4.615433345266928
-1.6577690309643667
1.8026076487752303
5.571891949835246
-3.65425206446972
-0.0017360856692264226
4.687020496571194
0.49845635541205013
-0.5387366487856977
-2.818881068471739
-5.579698963207437
2.041063523768462
1.1772957617776183
2.0311542284263076
-1.5396119683585212
-1.439732153778177
-2.131100069918515
-0.20770185615607106
4.375931552270969
-2.1481737234683207
4.532594844579939
0.8810022305116467
-1.4094964874869103
-0.220322363415267
1.5132651340633618
-2.844212230690826
-0.08761329485011894
1.303299204843117
0.5991676620709676
-5.489879779770024
-3.57018305871887
-0.3749145559340472
0.1563633306694111
-0.7047325879656714
1.2775405637151422
-1.482009001450256
1.1255933147989228
0.3147653672282564
-0.9138421481683439
1.0287546915505486
0.7742939856892066
-0.48078253187572173
1.3562449081417496
1.362350684739187
-1.184123570698083
-0.7684642239564776
-3.0757935681151296
-5.782267230480197
2.613206020698042
-0.07612889135496648
-0.6738972741428215
-2.075309735788097
-0.4236790858033308
-0.15373193546548158
0.418596926306812
-2.2601558882450616
-1.3303192652501115
-0.0005191027652771962
-3.2577395020546693
-0.9303685345475242
-0.6217076271302504
-1.3766730493314103
-0.2761753805322001
-1.5504414188670008
4.756059220447662
1.9070270534292793
-0.5646848194199574
1.5207583264064346
1.737892833018005
4.921453826163726
-3.1151855154384904
-2.3820635631319504
0.5037109184127242
2.335607434392029
-0.5740405945198656
2.1402813640854346
-0.15994959296871758
-1.4399262199947376
0.7052701574861944
-1.30827354028927
3.8964497936077582
3.328628027845412
-3.0418324684546705
1.0219630236561654
2.091369191336074
-1.0926023643489884
-0.44289474992454597
-2.9971562033392716
-1.5430295613938823
-0.3212033579774838
-1.4676809406796298
1.7332337816695598
5.693824529926239
-1.8146571256552853
-0.8145968535778336
-0.6627573735925625
2.0531856038134473
-2.322369740131585
-0.9966629994576628
3.4576716483551437
-0.2740702883146911
-0.2638635343507993
2.9384510612906
1.0266359498450712
-1.6862438385094347
-0.015526165383062894
2.9056023052793254
-0.8763492735762348
0.10993519066633306
-1.2253178457156484
-0.03248791966729935
0.9213236292060807
-2.6064350628581394
-1.604925084508876
0.5027905046781517
-0.31747138862299396
-1.1813780477217968
0.8885708789639659
0.5594383065641819
-1.3769213841463601
0.7043066093835646
-3.549883417067124
-0.03235821113277029
2.834278082059144
-0.5429636818467147
