83.4598350439102
23.190490897556845
-35.94768416592341
-6.518471017922952
4.705450357219228
3.996235051690423
-4.27485980462857
4.27089714784311
12.199020348641913
-3.722647399168938
-0.08885325057493357
2.420117598435526
5.508590400493134
4.672570202504237
-9.311165775010714
-2.099193840712197
7.517797187241098
-5.386555501658305
-0.057263994453861156
-8.769211778884985
-1.609790397880235
-3.3302738018999825
1.80473271333972
4.399804440134372
-2.192728565807507
-1.964436181322132
0.9647223298671717
1.1642750093403238
-5.795464491534351
1.0146995186986227
1.2751953085496006
-6.271759937140388
3.659718991826711
4.16992106451513
4.465481848870997
8.260192881981512
0.49277965104656957
0.6978101067461078
2.2356413592060242
-0.3690145754321563
0.6555966135364547
4.737990202609462
-3.35420181924604
-0.6157539916618082
-2.302185240281517
-1.9515125198325738
-3.488469950800222
-0.6738565519330779
2.0971643809991924
2.384970455069188
0.26392764524042944
3.0875003321806926
-1.8431216246333626
1.4004536582839688
-0.8951281181649231
2.1200122524423457
-2.999424580710095
-0.018980644294089702
-2.983749436875443
-2.3666237499636056
-3.2645069473593273
-2.128464313785769
0.6840759087564632
0.07953270448745742
3.0667042095637336
-1.9914386747500932
-3.931414973815743
-1.068250929432159
1.2851488619396534
-0.23114117392749303
2.442400284083416
-6.495497888613706
2.5522387373197053
-3.0153420165286278
-0.27907224970612554
1.6900300227424645
2.0079273348373796
-1.756014550333977
-1.0475228247421415
-2.2105805876832423
-2.9939050822137605
-0.3485228047401079
0.8511135259533033
-1.4851291169761183
-1.454361367330792
0.28350051663325315
-2.2522987356504465
1.3907405958326362
-2.081401446934065
0.13973412736736052
3.987648469082796
-0.06746629943491214
-3.952228358059086
-3.846890267458658
-3.421492778803803
0.557897963328605
2.213801263296968
0.5088828289946603
1.5285507727601142
-5.534649185551494
0.08756413101610117
-1.4870571192014599
3.18221724710677
-1.3763139636991795
-2.1804632972604523
-1.894180490552857
0.22825358361620413
0.9506805883289049
0.43354882235381653
-0.023402692718032816
0.11233972327858144
1.2230647130871268
0.010050252504747281
-1.0087763315396936
0.7630587117222442
-2.2785910819981066
-0.05764686749152095
1.244957329418666
0.7214670674536676
0.3441846796190462
1.8909726910449773
-0.3382036186881729
-1.0926854269984325
-1.650146699379069
1.269770600744055
-4.246530298844487
0.3919782102467808
-1.733969891318528
