56.08238644245374
-55.14577223217878
46.51851140088785
-13.655787155289117
-8.617827978811626
1.753915905379147
10.509783461026386
-1.423856046643538
4.785600085052513
-3.4687268172281813
-1.3073889229727094
3.089010801497363
-0.8227216893691114
-0.9936605828602767
0.6391868798011108
0.21227339974146409
0.013821481925647916
0.9760708643375959
1.056129331771459
-0.5464619205135705
2.2856199878935857
0.212148231251354
1.142223098564891
-0.9516275861591081
0.04244375844879705
-1.6026944766443454
0.6214293037649189
-0.8490696696129887
0.13480409119106954
-1.650875596529306
1.4261475583039085
-1.9088969183077276
-0.11801580492691133
0.28848837468585703
0.31793331324139007
2.234834942060391
0.18690039807185102
-0.24728227490305268
-0.7251185394033903
0.8465688120938962
-0.04506822652735115
-0.8818220457378229
-0.10157034644508389
-0.7835722701843899
1.1157766099453672
0.16174828012095607
0.1254436030587499
-0.6784621030888244
0.7149605387345868
-1.0659685743188487
-0.8839415315461017
0.396140723173535
0.03332906369254354
-0.1130075729861158
-0.3494760201295639
-0.22767933747701885
-0.7524817931423115
-0.47432132408079514
-0.9555194468868848
0.5717054301371144
-0.42773607506094236
1.0942684376020582
-0.23620014050823215
-1.8920613982681773
0.11537530583171601
0.5627834564732559
-0.48531056349801005
0.8603891125888533
0.4493790515754851
-1.2788129537388684
-0.21414243612095515
-0.1448076057615247
0.003341201782326636
0.13486100434332496
0.4233205993963434
0.9803205161017721
-0.2347084789610212
0.6221497609800605
-0.8770957819206306
-0.49002081204915704
-0.04946581491257113
0.08033813552567852
-0.5214354474293322
1.7084967306757806
-0.38020935164908587
1.110925315695814
0.23138391437327024
-0.317888251385431
-0.3650159354599337
0.1413589885498418
-0.02906369441770891
-0.16632309680051172
-0.5500545447012227
-0.7376722119061658
0.6237871628097493
-0.46181933110886764
0.7751167924144589
0.4994733028910884
-0.47629954403249075
0.4520866965256524
-0.7571987622308501
-0.5199776327385982
-0.41953272307146183
-0.4792581623585647
-0.27389862087639655
-1.4755442591334302
-1.4023166240074283
-0.5377886767372014
-1.4216724539074865
-1.0383952789099478
-1.0551438670319977
0.4445708382001076
0.7741355027529789
0.46063785321348977
-0.2537885116502009
-0.1630910442876896
0.06404917934451823
-0.3379260903105299
1.8545602930380034
-0.6956485847713019
-0.5497176020920062
-0.020464972678468057
-0.4573605264660001
-0.1684180449036083
-0.6937917903046288
1.0975005756353742
0.44845589604423597
0.5019483512571384
