86.1242555075267
23.449282053270224
-35.16385947958913
4.267483869652117
-4.63365284480011
1.1759864092964918
-2.70552768089774
-4.391785314677111
-9.693354551937537
-6.422710151638797
-0.09587729050930194
6.977998514034266
-4.92495625801971
-2.1854056528486767
-4.601874480234521
3.232792082823715
0.6887467866539065
-4.307535497564781
-0.032242330662234524
0.5258862097324264
-5.778092055561886
7.8264363588514785
-7.4289134198186435
-1.5594021079448468
-2.185116196220779
6.363450214548492
2.816163517759901
2.3693011581184904
-0.8967958759178329
2.116165959353874
-1.5364648708771118
-2.7560312578974786
-3.0598391158423457
0.7804505608941001
0.2033584570813437
0.0968978726865439
-2.1150737677056073
-5.0365025607965155
0.8744238379906835
1.2048341001559082
1.146746516485402
0.6524026478601063
-2.2880835054209285
-1.5880022308372788
-2.3690325874009046
-2.723916092576567
0.12031029588994052
0.6242973163760362
-1.0558806357297048
4.611232693289206
-0.7436439717110339
-1.6390706368409549
3.6001543280683075
1.657226795568613
0.47299548821474463
2.0103706774502776
3.086874446990248
2.6417185540433508
0.5705777204348295
1.8640275269865303
-1.0964285072134006
-1.2515873131118478
-0.14979661506326358
3.180411767762246
-0.17316398299324937
-2.509581611880252
-0.1973037144348797
-0.6083699106397664
-0.5455463915190494
-3.740605917763684
-0.30626065058784996
2.8749496337069873
2.292200482672769
0.8108676707070378
0.369185920013082
0.25697737106520785
-1.5398711727729464
-3.3279653312390005
-4.029365769548969
-2.4922285917560476
-0.960491544567228
-1.9796513610027573
-2.4616485892292297
-0.20230363026382792
-2.2013773491851025
1.2311713831448698
1.4121442132373678
3.2990200186748884
-0.8761707156596639
1.1240878315769798
-2.9759159795059373
1.290487422386604
-0.8627074752306599
2.7710025833122733
-4.169823326415088
-2.988809871460685
4.688393506900032
-0.10357689330671122
1.7054256722656838
0.35135052747503326
-0.7538275121863159
-1.664279945035484
-1.279428391042009
-3.633229033908844
3.3970804111424466
-0.1815834578769926
3.6581739200465684
1.1425391033459533
4.719416578775697
-2.9090950362577512
1.1679696524406251
-0.4393101198081134
1.980483922507727
0.110256479853517
-0.7309660385961058
-1.5300394529569485
-1.0332353493913853
0.6109089624355961
0.2976633895806967
-0.8418265121207118
-2.2560091114172645
-2.952426515904894
-0.3168394829034936
0.038188341823085364
2.6650914775541956
1.1073052925415483
-0.527102028312793
0.148157542744614
