76.55320204201878
38.65020658687969
-38.508633024029606
6.6826873113729945
7.673165756372158
2.96014122840191
1.6254874731659261
-2.430272837603438
-4.700267904163784
-0.7868426396682087
-2.8564240821023574
-2.128796355670657
0.7211162833102824
2.209568337949469
-6.554473465453028
1.4326654174378584
-3.123266681153223
-3.4161127483756752
1.3475438647082552
-3.085245718872984
0.6180517149008115
-3.951386181471922
-0.4001773232551317
1.923808019650097
-0.5407157147177082
3.0793505681858497
0.4317226667362367
0.530123004702209
-1.3246676439288738
1.8715269325686954
1.0202744786992834
0.3380469274062114
-0.22816757285198147
-0.18234306636870853
0.6567829310074539
0.23792793675842844
-0.01081490723341863
-2.310793472822101
2.2249246074599474
-1.0165256051526945
-0.05381172986162722
1.2836302580954875
2.1477151868756446
-0.6435625974761676
3.4766009536490667
-0.41126344922269686
1.966162807006676
1.5929534521886521
0.12103032515294046
-0.04904424098063152
0.6933328115162832
-1.149848532268357
-0.08412472734067401
1.8000777544871773
-1.3750302450257026
-0.7177967225792697
-0.08557422999799333
0.9713605548853154
0.34013770012321404
-1.6958505894539135
0.7709063172353129
2.2841620333851855
-0.3896582773569027
-0.20666640997794852
0.13559995497396957
-1.5819320775669587
-1.0021359373380576
1.2310651904314527
0.9164891612490254
0.24618146867260837
0.02495354765217095
-0.6968437453905697
0.3215078045092211
-0.340313448409269
-1.167194222429495
-1.2529492055981684
-0.7572854529559943
-2.8962982220937503
-0.10331944258942681
-0.20379020455652286
-0.40688756389065195
-1.8632981141963871
-0.31677909839567747
-0.6687409480429202
1.723677718321064
1.5871466679034663
-0.9579004842353898
0.620732764904425
0.9459642141314762
-1.2469123198655419
0.7902007635654249
-1.5865957291469615
-0.2987875814941536
0.6615228443220584
1.910602375121693
0.21278391228853905
-0.47025194594002995
0.6363364026934395
0.6852682155908579
-2.039154258921689
-0.5618184308734853
0.7105699811243887
0.3219755024598782
-0.14559730556852962
-1.4530046386093622
-0.4199071853825722
2.0659048891524896
-1.3951573709183662
0.6052693609945813
0.22778717277365762
-0.6132312652714911
2.0641331892411854
-0.14524303600585994
0.7892954233800329
0.5294386889295016
1.2187823600923255
0.24257271716199547
0.17679694900094645
1.7096490575740728
-0.28154762765163555
-1.7284685624571137
1.091551812036839
1.3841930971001213
-0.0031594858103427825
1.1088784213264444
0.3174600940370933
-0.432876671709603
1.1076147507012368
