-37.99536048710523
10.85345509723429
55.60824983303226
8.500833155186811
1.8069035201636412
-3.465133309063187
-0.7367352346052122
-0.7338234228033103
-0.5520180722438817
-0.7833619675131451
2.204995555946052
0.9038554351205392
-1.2220687112657656
0.5679370491309645
1.2422216070831438
-0.723751270186126
0.48413501320563873
0.12845814693641827
-0.05781036929849914
-0.0877893707103761
0.239801868146744
-0.7426463892677975
-0.4478810226610038
-0.8793060319546209
-0.4948919901804862
0.0012070205181620997
0.7023845861257164
-0.1819717833671318
-0.4028729133074435
0.2539545341915487
-0.33090176367852475
-0.3956547884225218
-0.18757137334906207
0.08880859397263464
0.1924657869725514
0.5837435215483193
0.37106731869788834
-0.041898514528518005
0.08399343317399471
0.13195339350708185
-0.2305187345593717
0.3715783814402396
-0.5121027651734611
-0.02820968331096091
-0.3790122809514785
-0.22718677847149593
0.12117922591154748
-0.12876474475705113
-0.362193433941735
0.38730105004082427
0.15770269966891115
0.016112371753854313
-0.28083673457045577
0.2511783494135377
-0.1692944455826509
-0.359657330983284
0.3889439107373769
0.1452221922190179
0.11011363082372053
-0.018073356425110168
-0.00890994318530644
-0.28722222919465296
-0.053065176687802765
0.2586244493256989
0.23649989178927125
0.2759201030973034
0.6499638333630644
0.520681419722451
0.015376105531865664
0.37143776350904
0.47523919834914274
0.19109897493191566
0.00539379276342189
-0.008470524976157176
-0.29852421509724975
0.4294178908272044
-0.12666395211000006
-0.17903965451938728
-0.3538043050200839
-0.050547605439782595
-0.18562418697025776
-0.2229271915597967
-0.04308688716345263
0.12379329782415703
0.26105931501730406
-0.11439701041739306
-0.09857776241720057
-0.08940678181323736
0.020369598351958867
-0.34113326637205554
0.19087368623192172
0.07959973429937607
-0.05216954837616031
-0.10952134299252363
0.35966967233635705
-0.06873307594979378
0.4353680287513271
0.047729867339781656
0.4218506229152449
-0.06772503943792928
-0.33027198470864916
0.2934244967703093
-0.002373811755828223
0.026711222140786195
0.24207707840516027
0.0845343206704906
-0.024768179322496295
-0.03290444587872689
0.28314821759999237
0.028997641081717512
0.11003788294670591
0.12581045463196733
-0.23039726128632423
0.005990336232111676
0.020973678045272337
-0.10810544740637705
-0.19108454226672267
-0.29542887615423624
-0.3093682887995919
0.1909709190247629
0.028782812980076677
0.0030827612636729063
0.4381203511589722
-0.17007321086830807
0.07183651673779888
0.14299033780572148
-0.09435526629112036
0.14851859294900227
