49.17878431170601
-50.14370999020526
-3.5316811776457344
-3.185558699474021
12.628283293577251
-0.3864785821437773
2.3938606046920095
-1.259727191266352
-1.2367061555702357
-0.8888642767315457
0.7637782095504284
1.2147546363295545
-1.365639750880994
1.0418861652799312
0.8892479492193015
-0.35695203108902535
-0.20599423899870561
1.6164280435414953
0.15999847920080837
0.9679909607257211
1.9155061449941322
-1.29041248674109
-1.1927762338882908
-0.6907085743342947
-0.8427639111855781
0.8423379197692
1.3067400249195427
0.1122904326425904
-0.6873186817867412
-1.4035849330270855
-1.2299785224309736
-1.6291584916545174
0.28713057524835356
0.7354299060169674
-1.3062156868129813
-2.760241771980268
-0.06955467450375036
1.8291004496155505
-1.2349135174130013
2.568451397649251
-3.281472973963151
-0.4718083913446813
0.8903348861695318
1.8005344816072526
-0.7643807025477973
-2.0199438875727087
-0.5037454051324826
0.9590046233220122
-2.322128683580686
1.90745430931502
1.4101210210890738
-1.4345624512670787
-0.6112672880157777
-1.1367008637506222
1.3516825491692348
0.027667851503637486
0.34115083000574337
0.8008958690413526
2.6923933469379735
-1.6233516807860837
4.107065902839262
1.9384189185654186
0.11812303758557888
1.1653371407695372
1.3462531361062653
0.09528148048809834
1.0881400039306843
-0.15902669002626904
-0.5510476164333458
-1.278767048425589
0.21629349521973026
0.02100889157195593
-0.3326705831181663
-0.880307466743101
-1.1026352131598631
-1.826963632253263
-0.38972678678012407
-3.1804846397516666
2.1045088925134103
1.2972527034717323
-0.9427577523957185
-0.14039224228904532
-0.6456848578690232
-1.3771564888350643
0.10695056327538173
-1.5178206902674358
2.2820517760204373
-1.6519093043970934
-0.13583051399226587
1.3824359801899768
0.6788911811685825
-1.2386789700022673
-0.5920761164064594
-0.26004537977716147
2.1355379485303354
-0.8011356237674855
-0.0115456448345507
1.9226835079375104
-0.7008911458872751
0.06638582851159008
1.5262988031272857
-0.36492596205806604
-0.5515339468199709
-2.935586525547442
1.32269312232923
-0.5141225383769854
-0.2819887258694825
-1.1457991671761307
-0.14737708013946582
0.9039877739421605
0.4400880781309795
-0.9061236294312134
-0.46160296280007723
0.2803120209789655
-0.27874818471762175
0.4187682358784318
0.5357192731469135
1.5920897148158943
-0.9002979174358332
-1.7957283993413884
-0.4600184488272434
-2.1939630285509244
-0.5551385023447741
0.6477034873183527
0.1622830608605751
-0.22593124730942404
-1.247282292595305
2.206316861498053
