49.59757495879247
-49.734955612471694
-4.145812806703169
11.70919402007536
3.405995172017195
6.777600092582148
4.671163280521607
2.0264346673066864
2.906442720994305
2.2997427040322083
-0.0013680565604587136
-4.905980209249483
4.7849478878948295
1.8380225254985036
1.5130556294914463
-1.007722732198878
0.196596558104332
-0.8625894867373403
-2.366419288160049
-1.6729894952013944
-1.1331315975824179
-1.9920314695610926
-0.7686915343303147
-0.9870942189120637
-1.122659923873943
4.452880349283995
0.2728074185377226
0.2697004777551843
-2.4708687731097387
-0.8844138318582686
-0.37285621845149025
-3.0235854937648607
0.4340438828212724
-1.687778535201608
-0.5298317899316627
-0.7313730114481755
-2.673485184438903
-2.3569442001841945
1.5262309036218384
-1.6443317533073307
-0.16229161189913946
-1.6829454399741948
-0.33379555488207524
0.8712766206575261
-0.007651200335830079
0.025162471851857632
-0.6603947249342357
-0.2271898334893492
-0.4633534552811588
0.05428177629627579
0.49411935628776793
-1.4032200148790028
0.4269474096646195
0.7676164543490106
0.25218147342972336
-0.4340704760549543
-0.11179579342239593
-0.8467507408509825
-0.36171766884140166
0.08682336683806394
-0.9270627546586725
-0.7977767456633286
-0.44784553696712154
-0.9037087523409852
0.28849292097210544
0.7627780737207092
0.7048914226471372
0.9011131104778194
-2.873094865476715
-2.0334211394067214
0.43844330399893006
-1.4855483954692712
1.049630321225481
0.9157633324400616
0.1539629386449772
2.366179243849428
0.5049410767797226
-0.6977874827433996
-0.700584409098709
0.7168972400823206
2.053095295089552
1.2174623515433507
-0.9562252170201828
-0.3549930762491223
-0.5893147993870395
1.9580510249758494
-1.1312200653120499
-0.6816546676609406
-1.1759627927442593
-1.3922080348795411
-0.6050646473221821
0.5870594515599022
-2.4737806591041824
1.4442119413403558
0.44579939869171353
-0.20747098738402142
0.10877959056311694
0.2338355960482875
0.41667846689083304
0.5912900315325644
-0.9655442470169889
1.299215289160975
0.6076601524946567
0.662685855829223
-0.6381438035950892
0.439527421403333
1.1170701251334831
-1.3367345799018588
-0.06166633709404694
-0.07977719209291768
-0.15934856590929888
1.8703096943490227
1.5859480261211159
0.6754598085724621
1.3842001325691982
1.289182521273683
-0.4530356227633797
0.07377435805481901
0.8408343813951021
-1.710125560880888
-0.5528608214161669
0.4412880149129842
-0.8659337568607406
-0.5333650968297348
1.0225107769221211
-0.05410274893268624
0.4275757718268503
-0.5753028903028125
