-23.63509239984014
80.14651184975214
-38.04209165483221
-3.805882246966755
7.278917686696708
-1.7853936009162732
-0.7042143979161216
0.09673055193057517
6.879961316500906
1.4760317549973496
2.476675673796835
-0.4545262800178355
-4.015737240250215
-6.357333004326941
-1.6709612527192974
1.303153551026705
-2.5426196853694485
-2.9517381351180685
-3.676447650254165
1.1064753868410104
2.2456736191953004
-2.129754395495683
3.1355217370891695
1.4580169386912512
-4.134738886795885
-0.4364857438485157
0.37240190088900504
1.9773961524613084
-0.901699848748915
1.673921072333224
-0.5756196507331999
-2.2345384116629052
-3.9335220858927844
1.6585553844115108
1.6701837111333615
-0.9011734987382627
0.0015780619991552086
1.0002639679607046
2.45709724647899
-0.19387537999241866
2.014394783735145
1.8354639112155824
-0.17162185829581253
-0.3493006970686071
1.013081420595721
0.03981975933684141
2.3061840649004908
0.496500197543669
0.22165574917225714
-0.16742809795979782
-1.7126501481397458
-1.4592804494438483
0.4562704398775179
0.614420296985962
2.266510168534259
-0.8107317152894992
0.23165284187799062
-0.24955586415086622
1.4517768634300698
-1.9039714093505071
-1.1678793524140585
2.823708388462294
0.3844739891125783
-1.619114037826516
-0.2788698290184398
-0.5411465378432999
-1.192081117221307
0.007181664090182838
2.6973003301528307
0.4063055639264038
0.533371330260719
1.5089634808127954
-0.11787490190530206
-0.08046794300633889
1.0619902879202539
-1.111495924076676
-2.117098289374708
-2.5718857821280805
0.10882140784659747
1.117391179301657
1.7834610355679232
1.4065180465577949
2.4040409876949553
1.3758408531868653
1.1121038758846427
-0.26311977653036117
-1.4626711901411606
-0.42986348042257383
1.0896598300870757
1.9878126826886862
0.550878288007649
1.9737820861804953
0.6000688596796866
2.8705368457890685
-0.5204402402202997
-1.233155973549247
-1.2372604685838218
1.3483658072553057
-1.088795168250949
1.8879559866930435
0.37050866428812446
0.6057904397000379
0.5351186393853147
1.3928941996682067
-1.9825699460472002
0.07760272588307462
0.9127618536702226
2.623087884356379
-1.745576082403334
-0.5945843738721502
0.16499922535283004
0.8902661060128606
-0.21390899042408779
-0.550118512840378
0.04401932751335186
-0.7035016100836965
-1.2580453649772445
-1.3979436593675931
-0.5280566527750716
-1.701204613822251
-0.250383149948209
-1.433449314913471
-0.5289287864916552
0.038764603177038996
-0.30848931282685604
-0.03267693798778694
-3.104220968446602
1.5526119338586994
