97.06083089822414
40.78268633267163
26.281815467163078
3.2221302178447147
-2.7054660963222923
-0.47442465126035316
-6.472524824466903
1.1325924082506478
-0.8431611619575962
2.3456092438435254
1.9285505766075413
1.7157768020772903
-2.884365997335327
-2.2092183799893097
-0.7581441537474166
-3.2354561932465415
1.7081595031153092
2.9684741029591986
3.2320249222950093
2.163513420196421
-4.633019065063588
-0.01997262830706975
1.7477396845809157
-0.8214590805768728
4.346743364959807
1.0185112935423999
-2.445843570745584
3.252177457212069
0.754624573956209
1.2365940981308663
1.1794617304791124
-3.5114088525172966
0.22076838873902593
3.2007033216560554
1.60553644635287
-1.375827428482539
1.40932250193029
-0.9299614415306663
1.6825224622148074
-1.8140392484244396
-0.36013186984247114
3.7529949895960697
-2.6110486741122667
2.0813857279562984
1.8134392866570659
0.38505444670359706
-0.9538816682200055
1.5047220033600364
-3.3424058347112555
-2.5500100780821953
1.8536561706528003
-0.5683682251621763
2.7058797591830555
1.9516214035434885
3.4667519036883463
0.13748719771735474
-0.868903917575278
2.3332359305996166
0.6135563814578304
-0.6333776796116699
0.061671687600368605
0.9860321699876491
4.220923774865744
-0.7265448115896576
0.2862071941342201
0.2683103939556837
-0.30376057617186875
-3.2872727827167934
-0.17790510408616783
2.3184807736556987
0.6459184889917393
-1.6435578140229559
-2.5044510716748203
1.003866912742701
1.1368074263483203
-4.3676546648781684
0.05617644298098337
-2.119670692452273
-1.5351419960679045
-0.3086497245514352
-2.613448596436651
1.5132395545957988
-2.0053850435144485
4.273677314438181
1.8470051477983802
-1.6213939804293265
-0.6935854477845553
-5.137074075792074
-0.5800664406003782
-1.2307939182724177
-1.856313228103971
0.4864729405331778
-1.7996129522837019
-1.4192643572932264
-2.0768067092044107
0.45254301416375564
-2.6131274690685653
0.83306898055554
0.20313816788090128
-1.7256227209960227
0.609402142565351
-2.283630982175471
-1.354504964409978
-0.3118156287281801
-0.027482534765343097
1.3109312502097823
1.8738893778072554
0.7602583126930467
1.1410372499137225
-1.0241584506515857
2.1886653015648574
1.9825409590921332
0.7117765141341946
0.12017010300680758
-1.5052517740338573
1.705034932164957
-0.41694094093402123
1.8598620982170186
-0.3275944586236789
-0.5474906941176626
-2.581556088243342
0.37752336250949636
-0.8977110582478215
0.18766828257237214
-3.1559612641432873
-0.3005147940176269
0.7991174330451879
5.017681390879046
