-44.295915741551035
-26.245042104863483
-17.375704580287486
-4.256728269026979
3.5854281849130762
-4.157136313415753
-5.227915619723719
-0.7395253435238784
1.8025719210722244
-3.0544492631592695
0.4345575879223841
-0.37596025298619495
-0.47858520566715995
0.030836089069106287
0.526001552207095
1.7386800444577988
1.5340083184845041
0.10895153530671739
0.2202633145942073
4.145373781688572
-1.478256250532453
0.5603595703519492
3.6612731505122276
0.6993521532717941
3.718514339168347
4.662397843939277
1.900827068717696
-0.33111395236337954
-1.1340865704739895
2.214073223600833
-1.1227536412346297
0.07191070437273522
1.1411572324939199
-1.4687376932636542
-0.23220354238872118
1.8882564657615053
-1.5160726582987678
0.6761750196528873
3.676163687578545
-2.1158871232423744
1.3764220587116707
-0.8316869081888124
-3.4150121092331904
0.7693229465248327
1.3042762115671926
0.9959576028864154
0.6501383789974267
-1.9867914648549192
-0.006263760255609235
-0.9634881846374476
-2.956089160718607
3.626609319068051
-2.4429333836974054
-1.4508118513821395
-1.2975104667620583
-0.783620745858711
-0.5922339324745589
0.5589517560076455
1.3203650161876335
0.6618929625834882
2.875711094803316
-1.5090866902063063
0.6837555956275424
1.0229093566728502
1.8133164471986607
3.2326334042459255
-1.4269925913237476
1.7293631734389525
-0.7049410817771009
3.5483597143955294
3.744146393304471
-0.08424986488365818
2.6220245420056134
-3.3254598391712697
4.257218287528198
0.37717599367799315
-1.4437593884004634
-3.3207873908997554
1.0253766369858255
-0.4669508584946079
1.53082679792361
0.3840002672865044
1.0870630593808395
-0.30709688187426654
-0.7327374601860536
-0.9671167524573279
-2.7563119235321305
0.8768582070556297
-0.3551686923504444
-1.3866138982197997
0.7221943974503767
-1.2021773703588627
0.2525286151366989
1.0657327991099326
-1.3668563088989192
-1.192117834282041
4.497392591303739
-1.9838573629121947
1.3083063185872286
-0.46369740859239517
2.0342723226472033
-2.9440089248323127
-0.610169433976747
-0.9549229387743592
-0.47652309401539555
0.004166163728088007
-0.9564687805167766
1.8506593590179827
-0.007435338784460677
-0.055231209328358066
1.8739677747865995
-2.246757985962727
-0.47165314866570357
0.6219540746063545
-0.9108446263388652
-0.11404827055326759
0.6856743547755395
2.2035824349021356
-3.0632388330644056
1.8025852567982281
-0.7258781200583792
-0.12029590446557105
-2.9371852388564723
-1.3724695839420122
-0.3548870534828766
1.5698023980130271
1.0491625805734317
-0.4639035561431049
