14.615687836261708
74.95426203591313
-20.6866205176396
-9.309197913159817
-7.999480816668904
0.05891878442960885
2.9055245313660096
8.764143624756198
-1.3650508452705097
-5.0314850560715705
3.2449949883226976
-2.909594448293896
0.013270073427384621
1.0518309080756028
-0.9780542761761437
10.326611605141844
-1.8041373337089992
-1.680220135158382
-0.19440556346102406
5.1028411886688065
-5.680631080092374
0.8451168859303206
-5.1069188289951235
5.457076133855126
3.444807966980388
-3.639238866455851
-0.10391923712785453
-0.8669641396868768
1.020427857392979
2.3182845918922146
0.35991010112707333
-1.139710791297249
3.4144241447292285
6.891178874401205
-0.06546283616653537
-0.09699549762221193
2.704052605189236
-4.268403478218504
4.9046032872552185
2.510043859983418
-0.4911537296765441
0.31940353252026277
-0.8131188576747598
2.2681907945755007
2.9085842542081677
0.8595076442971135
-0.625703771920414
-2.487961017065676
2.877961272552126
4.792288007591944
-2.9516236556572095
-1.0619173468632814
-0.906318066465983
1.151179513221574
1.068023015523902
0.7688140858159261
-2.106358488248905
1.075465899250448
-5.141845104185758
4.3043208730943165
1.492191819369878
1.430019955759153
4.8007342141322455
-2.9007586646237677
1.916798443954932
1.524762486847752
-1.94814865970794
-3.321160437898072
-1.866827744070202
0.5414011251929429
-0.402188602087061
-0.3469777237318464
-0.36922792761464396
1.642329950083958
3.2878915033919074
0.7856055073108191
2.020912247704123
-0.1736873673689035
0.3680437611580291
-2.1827473797892285
0.35433116916692003
-1.0530055411534307
0.9648896738508969
-0.13745131030155366
0.44904039319919875
0.3695238513603355
0.3563999289870386
0.9311683114744094
2.6992623214583347
1.152178908280229
-1.8512697437191898
0.5545719662895652
-2.005527910173157
0.9691158964612757
-2.2589491940848863
1.0660212969238696
1.1306304795972526
0.19577116570674635
0.9882179137444976
0.6560507957067717
0.14415240991525463
-0.07815640550732458
0.7290827128121664
-0.6919799677137142
1.5074088863029058
-1.1108368450302921
1.365310663078643
0.6306924337083811
0.31708996439962445
-0.6772505728572153
0.20593002403279093
1.4148978317922898
-0.6742593561910901
1.716725448593015
-0.9318949345646721
0.741025026494697
-0.6361363239923156
-1.1571585143867145
1.3849080673028809
-0.4022582169873874
-0.8741447653093517
0.6353704953967398
0.252522101983527
-0.1397378716951765
-0.7516234190632124
0.05375481035924076
1.1912251045192006
0.04283883556023711
