72.23587903705052
63.34471471525005
21.57350999699065
-4.274099969658828
3.378226249081511
-3.244721680273111
-1.2321075030270343
3.267094285080398
0.20515190477243994
-2.060224114731399
-0.6701690422921415
4.235863584751693
0.8576260484087382
-0.9511862668763885
3.160091109987074
-2.253428242177282
-0.9080409590586849
-3.330287776891713
0.9371109148944241
-2.921718102425483
4.071239144031615
-1.9874871114327428
4.102732151228985
-1.2635857069335565
-0.14800133444764924
-1.1216141083996978
-0.3586924745569615
-0.01829245053893258
-3.6583334955738818
-3.693619397161711
2.9887113790161814
-2.7816361273535195
0.7037509940304536
1.7123745633705507
0.6611244257930415
2.8492657640477566
0.8778277460932491
1.8687634276901492
2.7794799337052094
6.545216293619667
2.950689255895308
3.0401957720118
1.446633522301957
-4.24283249988071
-2.5626373689242574
-3.680545219237486
-1.5429688781913535
1.9796820278165272
2.207497319492359
0.9546673937073815
1.0933837918176674
-0.5263495378087267
-0.9211523656281537
-0.8156901425838896
-0.46871657940984757
3.18908328959768
-2.8328385029641647
2.1206627036811385
-0.714856445691595
-1.36302190053503
2.2081734517057447
1.7467372574805542
2.5788788968787473
3.265847630971402
-3.463396423316661
1.4791767001636626
-3.017858462013016
-3.4056492297738146
-2.596106169908856
-3.3600911299411718
-1.0408702913899837
-4.9087563483017345
-2.3699366154806136
-4.027221317743105
0.9852995306522192
2.440273832639703
0.20864466776873133
-0.7303100215678087
-3.437892727784586
1.9752257998537563
-0.6283984793970195
-1.934959718214222
-1.5040690558907952
1.889435817822761
2.980861724240966
1.4291160100519495
-2.9542822613806585
2.5879914233446506
0.4985313031352426
1.0735247239730694
-3.010188289890113
-1.0272330520977178
-2.4612899193162465
0.35543582180001204
-0.12446640292146582
2.0816748305434403
-0.7326690964260268
-0.768854931052927
-0.6488503223191202
0.6551588254785807
-2.8855598747561357
-1.6689207546953913
1.2406343590270603
0.7937912188492975
-0.33635921973496896
1.7394999646557914
0.26799949364896114
0.8590374370938343
-1.6161553135438196
-2.437001759681894
2.9396160183988367
1.9736384767525468
0.1703973940805817
-2.3491853541519028
1.2407067141781436
-1.8930095301391139
-1.5801724006568079
0.13343654881184394
0.4874277056928501
0.872038519916314
-1.7961832384186227
-1.4586541012494674
1.1552470829003365
1.5809605416273924
3.5668489648254758
-0.7053814199493191
-2.614904546772099
-1.3756959717352362
