108.06195278404896
10.830035585608721
21.234865491850016
-12.394974352929296
-7.34598476049994
0.37500918129506766
-2.855949074934597
-4.453335447396934
-2.9225445405469195
2.094987140612696
-2.6236622861501817
-2.915399989198324
-2.1079236137197714
-1.1669389795479348
1.4010309833070989
-3.294066138674287
-1.1746503574660274
-3.8476692357562348
-3.139871044763434
1.3168595993414802
-2.7895000039715585
-2.7255214659908797
-0.3726872237440902
1.5400993201816942
-2.193384346286639
0.36699351786340595
-1.9518541608549178
-0.05078698264863399
-1.6182094875413933
-1.675198962558122
2.868354573094365
0.1464804057306781
1.0038378127404297
0.4844286251549269
2.347392583484165
-1.2792428005011967
2.8182629366339222
2.0261486785508374
-0.3975062763559004
-1.7462079151636296
1.2011846679104499
0.2641111610354631
-0.572286273877791
0.688150870457228
1.1543639857165693
-0.5084771187502682
-0.17132799183933428
0.5124442653862681
-0.5050674849735863
-0.3509446924291471
2.711998230090013
-0.25440070194152153
0.27915896449805166
2.0887135103176693
-0.5245242214108566
-0.05461395035256665
-0.5174582491166261
-0.6723396281433245
-0.8678721499326705
-0.17122399737016036
1.4958223504055552
-0.9529556434322163
0.7522255266483978
-2.3603486544959127
-0.7271897205165726
-1.3001181077672779
1.4272979176191052
-0.2858570653845173
1.0079991775510528
0.26279414825266695
0.45002326506765444
-1.2776612797700657
-1.1474557631223465
1.2916457126268122
0.8556211918973844
0.2748417183291221
0.24930260508180155
2.3975461941203067
-0.875925927737229
0.4870954760037263
-1.548152698175664
0.58708086849694
0.05644824971261188
-0.4200455661432491
-0.5963395915823976
-0.6107537337467467
-0.4349827981550466
2.5147125613791235
0.22092126334194995
-0.0745396460122295
0.2989135489103666
0.693899929128179
-0.628674924506246
-1.489302687010046
2.2170741598723374
-0.4280339842031905
-1.464855589807105
-0.13284808319928554
-0.14124296088002497
-0.24354328979145412
-0.4197647203937292
-2.532950623289273
0.0450994269676023
0.17212595473247214
-0.15006183547712892
2.1739065733426317
0.16627808220814633
-2.6522033905992366
-0.11603024890311664
0.6119721485782428
-1.0596891903314742
1.7864584395799352
-1.0785563630077692
0.8005261461883358
0.9523486563609501
-1.1876533060154797
-0.572851362505038
1.1740753638027126
1.6966529521948135
-0.3355303773161066
-0.9500114402173192
0.22097157997609493
-0.2887114904793811
0.6815845653743988
1.4086580133188933
-1.0512112660892425
0.027787452646806307
0.9247446780313667
