32.366771305924864
-67.84483444027202
-24.011596819303897
-11.196229476878862
8.936867341924566
-0.17235513185644175
-3.587527069319456
-0.5138476218430186
-0.3538494568038028
0.5836147787798488
-0.7220062637889649
0.1397364067339726
0.2704796473418509
0.28654848273822126
-0.9765076453350434
-0.17775392122531608
0.48105166539718547
0.11397887643026047
-0.03294371405370944
-0.7159991025210921
0.04805700578520272
0.319117734570879
-0.5487449740880175
0.2733811034753165
-0.6651549709577514
0.41080154274271286
0.7176122789494168
0.9235888602106901
0.19418854334710578
0.4573607030651075
0.3213706030337646
0.5760554167113712
0.32702440695191914
-0.24820317854626905
-0.29971702238336334
-0.9738042065789128
-0.583976003458009
0.09486035332067261
-0.12882063753615364
0.5665615652812186
0.22712609935662026
-0.26312748534344965
-0.059628811872341966
-0.22441803903560034
-0.09614106506283715
0.054981946637667325
0.3858334708727761
0.3727959934234332
-0.1682300675523844
-0.32746060230806884
0.37799089565362554
-0.7403162448014649
0.0014595669080347262
0.2642611669463071
-0.3767437386813789
0.21281433882992862
-0.2885231867424584
0.6881983349161476
0.08390410643277252
0.4655262468195885
0.5943224248439473
0.5276887636840821
0.27640054479436066
0.0981433528939947
-0.27221769283821823
0.15691169310377906
0.0673574371144691
0.08649910569589739
-0.5449458956599119
0.06047492277265132
-0.2744618951646475
-0.15676184085150147
0.26538758785795674
-0.2986735937207989
0.009882778777844332
0.1612109074440461
-0.11469954696961943
0.22231452556580977
0.0874209106455809
-0.02166864829768521
-0.04225238289357174
0.033907115253643726
0.13961470434178536
-0.20128797198605775
0.18869257014617302
-0.43195077507302976
-0.13314063822885625
0.022590476054553832
-0.3640947203637048
-0.08226098874141073
-0.3048878664450916
-0.48891146565103516
-0.006378663424942144
0.3648605635915606
-0.5515149747046861
0.017407772941023265
0.06564682696453188
0.10076924274879143
0.23128520352527837
0.3114182656343786
0.250911136457702
0.018982329148206523
-0.06810753384384191
-0.23630860837903128
0.04834543859723872
0.0075224534315314895
0.38838930594757326
-0.413061940701809
0.3411553597863988
0.2474334102577552
0.005613370058470901
0.08072826668645873
-0.21814100690428945
-0.3138653799981138
-0.22334696412326804
0.0051764649150783035
0.0830186671675778
-0.3330155989187843
0.4044850691888196
-0.05885122516933935
0.11240235690553926
-0.015240241620343604
-0.21322753533912409
0.00470189528161194
0.12817325680885064
-0.04924268449505534
-0.13558638062346973
-0.015863563983697357
