-45.01405711596748
-0.23972991397944943
-7.5966899086599415
12.423138857090017
0.21923782672759623
8.310431437433518
-1.9480608993897697
-0.4740462094659203
-0.16599953932522676
-0.8106507234537793
-0.04939578184775889
0.20456321167972627
-0.2933654069524194
-0.0035388669645157467
-0.3335279852392068
0.16275199074221897
-0.29868696635815073
0.19466849195297722
-0.23478475136558763
0.4764757674570677
-0.4681041236250516
0.20789370853374323
-0.46231524373591937
0.3817506244825446
-0.2758391828243426
-0.06880990070354494
0.1699216575017442
-0.13389660426616906
0.06786015821042424
-0.4186730180571406
-0.18836305972008294
0.22291622255564933
0.28415824192577843
-0.005299736061744586
0.040730655287011225
-0.17502732769800758
0.17979954264646755
-0.0034900420472813963
-0.5932228115732421
-0.12098465130989716
-0.10870797925962804
-0.20968021755953228
-0.04691353622664429
0.4564881300579411
0.014769268666254783
0.20103948268527563
0.12983984511313984
0.2650216791213052
-0.05298351305002808
0.18720782767321045
0.32313944888855684
0.0729104545256371
0.22692625584791862
0.005115335230243739
-0.1327324103319151
-0.370242103896677
-0.1352397504857581
-0.0920359883858059
0.1446913203991288
0.4157283843726742
0.18459366408055874
0.14235470765007535
-0.2826348484155657
-0.10577655670109201
-0.24142444068056185
0.10227771258972497
0.07117547684308323
-0.1961869328980947
0.000892809229347551
0.049260985574178504
0.3390121852598641
-0.008314689880503207
-0.09089835683231927
-0.09631434207413303
-0.08471258949356265
-0.19488509562995424
0.24192121799508912
-0.2183700011687914
-0.2997753430516839
0.22619807945295103
0.049109978751744505
-0.00648422888873143
-0.21270497375758696
0.3151584027506646
0.004645870649138658
-0.05570497353140144
-0.17210052266832382
0.24419757169759124
-0.02349720326753795
-0.07099585720261209
-0.04841136416550301
-0.06388941445983382
0.4557466302995683
-0.04687036229494768
0.17860504820696166
0.2311168535813996
0.1397601463607247
0.16361861261028043
0.05422465974655371
0.14570185911150313
-0.2452033443781874
-0.1654911193847785
0.05233585964978612
0.01620848533544704
-0.13024830992811415
0.15679172866693278
-0.05623719633039496
-0.08167811457503185
0.18646293085637183
-0.17865290021879804
-0.1155845418156044
-0.007800479420834151
-0.08517100764338145
-0.3250973724262666
0.047184733924067676
-0.009333870198388678
0.13469040824048464
0.03659951958701721
-0.061926970287168134
-0.23437451911393758
0.09701310700970153
0.22986324105712427
0.05454852667029966
-0.04897548693565759
0.1518398192529884
0.05036437367919945
-0.1247106623126081
0.2608530562991199
