-38.21897525171539
-4.091037554589443
-2.759639284754078
-14.66661059562238
-9.332443566728289
0.5682813569850619
1.1987591544805503
1.8270012597779122
0.29577903629631797
-2.527817923939213
-2.1239194132442383
-1.612315540240884
-2.7185733538403203
1.880769824145223
1.134354923457733
-2.705488527172792
1.701963528694774
0.6330692266848086
2.386399885580267
2.5123200402845334
0.8741604519224127
1.4397734897170706
1.0067533670657625
-2.190224159764042
-1.8919279449701856
-2.5263483816767813
-0.5700707608992192
-1.1069806660892494
-0.1114515644919958
-1.1834731702619588
1.0682085445346623
0.008246640218300426
0.49269488010864737
0.15384307971570213
0.31931069984257615
-0.3151154441005578
1.502078106253283
0.309833896416178
-1.554283103920814
0.6214321558729011
-2.3496921986085906
0.25092071071529565
0.5818532592274029
2.9192059003986306
0.8037669619216194
0.3530198457185233
0.25066117654139675
-0.7755996352967984
-0.3344042879223121
0.3336457362151044
-1.9344159831363417
-0.6114700707575966
1.313804994601021
-0.13896326530346023
0.681316284515984
-1.7872618501928115
0.9294410337316628
1.0559457749201617
-1.2371674304333808
-0.5667905711671896
1.3102711803321472
0.06058107612202519
-1.8855199900200432
-1.074063836958875
1.1361488168246014
-1.35705257393638
-0.6191320956871591
0.7944193666645705
1.9717135344244783
0.17709449024161217
-1.2005255667179522
-0.65674068596288
0.18444904698897588
0.87244667761374
1.9744405623902297
0.4215549575232803
1.9751514185008094
0.32598692285229847
1.5670409594485186
1.5134092145284184
-0.5642277648395059
-0.8546802578294691
0.9642177800847427
-0.19909113817569982
2.145344424444351
-1.8178106073231748
-0.28205791005949943
-1.8561198651720758
1.7039459018907448
2.4549741035282575
-1.3795399856048223
-0.23338306831639616
1.8332414808786264
-1.6726236861427355
-0.05668343641200124
-0.6244938726922187
0.49687847417346437
-1.4830932145204923
0.8377492141266848
-0.1749835954546492
-0.9311754956073006
-0.15272298038926987
-2.089883366448772
-0.8005023373478444
-1.1197701616876483
0.5054751442541658
0.13886440680902748
0.6656559499098188
1.0606151364214955
-3.1407772968154926
0.6823475148141769
-1.0673607802820142
0.5888994969544934
-0.38788901555806143
-1.389640118332732
-0.01942615161273578
0.165516302248152
0.013041912376710327
-1.482982091649508
-1.0455024778616782
1.4200386422658267
0.641195974635085
-0.6499830240816366
0.2938070782550449
-0.2561949976233169
-1.0353544070978482
0.9592770929212449
-1.2707892166353512
