-44.956349940036006
-0.2861704919232465
-7.672712559936296
12.608102633096886
0.20060697377568143
8.3869484772938
-1.955916948290275
-0.5213839930711822
-0.20747808041758575
-0.7055505634953909
-0.18862932566751317
0.07426236838985145
-0.17443383626424816
-0.06871690787580065
-0.3309599960718523
0.18998720267171298
-0.24136734956593764
0.13362106121755962
-0.09183615414121248
0.3152850699125884
-0.20991794720541226
0.18092808263509255
-0.5151348372651842
0.31493780872564725
-0.14928142465408908
-0.10598168161479078
0.07198622684394226
0.011137088205000631
-0.18583934751515485
-0.3240393743116676
-0.2793984982016927
0.30659917981847756
0.2487736424582775
-0.17284973336251575
0.11814300126768718
-0.23350566521739896
0.2417636898669466
-0.173259737962449
-0.51389952623015
-0.24913685558076837
-0.2513561876768326
-0.21000773796468253
0.08642850535100857
0.4353585497270484
-0.057812050683031
0.11347949924130579
0.17786459211525257
0.15576307848671495
-0.23669680033970003
0.24928494511999022
0.3266513800743931
0.0845113741741931
0.20685480836657036
0.0015466817819073247
-0.2752388801922899
-0.17719531549474501
0.032529185523113235
0.0038900162597440002
0.06347116614919843
0.14452184396587778
0.14982099850870567
0.05349245601020475
-0.35707767992066675
-0.14783469378435005
-0.24980793414491145
0.162013702810748
0.04842525661534374
-0.16710170126263083
0.0002588647082574086
0.05375535579459467
0.1974031217785629
-0.08358727855542268
-0.38063227584652404
-0.061519584405444507
0.08060747820915405
0.00021806930718137885
0.22996970739860045
-0.14142521610244183
-0.1961221917260262
0.17332432274212528
0.06930415943203602
0.07217539468037229
-0.19358160544730382
0.297162939804822
-0.04595556593021481
0.015250205018457
-0.06350719820801241
0.16968084101729164
0.043382184251590294
-0.21416124807763262
0.01009159480892334
0.20584757832527814
0.35629486057615695
-0.2310636147376864
0.35828415733455476
0.2236509616516372
-0.01570120048157131
0.2971701599977641
0.18290730766534619
-0.009079563965860842
-0.40303690965354366
-0.1389350929064907
-0.09499121052681381
-0.028732062327556887
-0.13788120902983733
0.13280528938760275
-0.055473654200447885
-0.26656275210380415
-0.05270209052561867
-0.33334432943839293
-0.06812150496859942
0.1297932814952928
0.18729589998137608
-0.13371731759241684
-0.22323117257916264
-0.15634060800708602
0.13954668996060388
0.15395237081410895
-0.07538462667610091
-0.12120178909094259
0.03812331429237764
0.13082119592207844
-0.22077848678407935
-0.09173433085718183
-0.1996021505889051
0.1472301528779136
-0.020012916307358797
0.1564616024709501
