92.06828373065066
9.461592117326305
-42.31362550106442
9.42162758578835
-0.053201875448595115
4.2932476268295945
3.048440770316156
-0.4320995638839942
-3.158134901692617
1.302995394873693
-3.7076245018917886
0.8336027059864554
-3.9746010864475925
1.5676163479854388
-4.053945572384063
-0.2345620758217848
-1.3359227548719887
1.4220716239987328
2.8454779531008447
-4.403653680600039
-1.261622407353041
3.2853920272986827
-0.17332366437711855
-0.5710952983453925
-0.6044207482077711
2.604352990808642
-0.9278284523080763
1.609243419511718
-1.0534513316787548
-1.860590925656728
0.2076099763855828
1.528424775490465
0.7325547166271202
-0.3752968742475435
-1.6798914938053464
1.951516555723079
-0.7486049222906935
2.8405900687069567
-1.791824915453927
4.156219546583826
0.6198778704644715
4.092299912635839
1.0134188173515544
-0.6879486216631744
-1.6076518575292011
2.07544352185134
0.5827572100073501
0.09036963712670497
-0.9885120500529825
-3.692024467649391
-0.7824801439341602
3.907061107420065
-0.04335889673431228
1.4872223546508452
1.560851693348129
0.7482680236403758
4.98263963626108
2.5608441823952552
-3.504729627069576
-1.6593596860245587
-1.8124719248133963
1.7605239295929758
-2.7067376945095556
-1.294440857111171
5.1677281952359815
0.09243610011667874
-0.07895787035824668
0.24111669173888678
7.577121843863282
-3.4195545996844063
-3.8502405565919107
-1.393134321268724
-0.923289400869368
1.1800789509796945
-0.5616145227860606
-2.4586791226072875
-3.6915892986313734
-0.10418143638797736
-1.7041065210360558
-1.8327190833246818
-0.34640681557890823
0.8976822720997784
-2.231947359549949
-1.5884938996270623
2.687888133994256
1.4256674533552398
-2.2869902701877565
1.2693005345473036
2.42175746752231
-0.4697941570493557
-0.17856912884445278
0.5397531278459844
3.056526829686086
-0.22347860595100824
-1.4212080935117541
-1.3757029033498367
-2.2301038484766873
-1.3387549378700023
1.703292033974457
-3.661423623883336
0.17353055695342817
0.1358466789788611
0.9088084693090985
-1.179625914018988
-0.24126316793563785
-0.486134872322351
2.9129420775910155
-0.3518803924433453
-0.3051407408536297
-3.2918338081402485
-0.845865665953068
-0.8401280971312052
-0.5859444127996347
-2.179681490704168
-1.8537733308048285
-2.5535095517098165
0.6709112874760541
-0.1020675895469323
-0.796637250668318
-1.27592171718408
1.2024983545026589
0.5291177294814827
-1.0459620923502544
0.5125879051397666
1.8874691890987698
-2.0737248253483545
-2.9155762025339294
0.7131380642121226
