-48.259458060103874
-4.902630670429375
-9.531243903838718
9.763785561547463
1.574859969524603
-2.173231162360934
-0.47206890267215346
-0.750434360433689
0.1483726934606616
-0.69317567507714
2.594951403494118
2.378189211805829
-0.7304324588017939
1.2271899875171706
2.1105788782578716
-0.48380456479414446
0.0944697837656758
0.4459749033687743
0.4836455543524001
-0.40033830392596087
0.67782992722434
-0.5418896672767878
-0.5708362529125114
-0.6086206163835933
-0.4418938541961963
-0.5744355223058446
0.3733046124814313
-0.344699650862218
-0.32592912029318416
0.8516674293600326
-0.0411207932999523
0.013810853048596805
0.569983288669426
0.04788419908383636
-0.040926515772193056
0.6721525947417107
-0.1325306290940409
-0.17387486198831117
0.20563704374952663
-0.01422429578685705
-0.35792999153655164
-0.011712270166507666
-0.26250454428732634
0.1495830040979103
-0.2331473119189215
0.10451719385786928
-0.24743215460355164
-0.1719538286178722
-0.27882565007526033
-0.1356891411885801
0.30436498110774274
-0.0027143855067544792
0.009991054311567216
-0.016116229934150184
0.44008331067760875
0.2185979374633446
0.36102490839455925
0.1811108466587201
0.15862832571322943
0.12587294181343492
-0.22973155759374164
-0.06368146302457688
-0.06131674117394712
-0.0246538576932665
0.011633725292570268
0.3053560981841448
0.3593994658348777
0.1324844260667075
0.2234264826813739
-0.08664765994974964
0.603990965011608
-0.2663217805202863
-0.03566036463769487
0.35373195510304906
-0.024048129247130498
0.14783937101554523
-0.054304858429101335
0.04030269276145447
0.1303110312252716
-0.09004492938569335
-0.07792391246121023
0.2396756769316557
0.036195401686307166
0.14664797285176362
0.1272220099708266
-0.0520053994268058
-0.11913866092518953
0.021962838805285906
-0.04062112709136381
-0.10981172528917157
-0.052271481716142834
0.3002491240748361
0.07090923522493753
-0.11690434881789158
0.02461095205726139
0.04524490954014068
0.4046263818534709
0.28003388543701024
0.03206596889526932
-0.18785959055871257
-0.13524777569109347
0.3720369964809432
0.20959455505426672
-0.051129168641191505
0.38270384102849997
-0.04307985236465767
0.18692630168953267
-0.019080291064445882
-0.1169830147013647
0.2564379915326885
-0.19523058514813257
0.22584326285456074
-0.13634107381869942
-0.04521128304289822
-0.08307928173723136
-0.13437895842275258
-0.37017694100034965
-0.02153581560655897
-0.2264418289841176
0.2511167848494141
0.21487338073375808
0.027943881639767618
0.14483249613086946
-0.12549804899927638
0.016705961579304596
-0.09272023287412928
-0.0379501721186285
-0.05940843312085377
