30.684308021836934
-65.53425370241996
-24.830830194918203
-6.667662975620225
7.211241153879028
1.3058458660856247
0.6003970158789225
-2.1894238019684074
-0.5416869050522757
-2.865508287876329
0.4548923910476712
-3.7658185914616
2.3365180650823767
-1.8615990637656068
-3.96838694790649
-0.6983858497550286
-4.814913348278918
-4.553939544000305
-0.8739275670317318
-0.5861092448569682
-4.360690399743885
-3.9856411118171575
0.08357913388061833
0.9129484931494625
5.079651760654692
-2.909721427206611
0.22263358727898447
-1.769761254115609
-2.6036217119430014
-2.0146144110039623
-1.5391189502023894
-3.7218349311005916
2.76144189899345
-1.3571396450373854
0.7812585948756299
3.2826128035791875
-0.9962676982875301
1.7447666333789296
-0.17475381734594997
-1.4077828033297972
0.7059620893804434
2.7240963099021016
4.1976934393330945
-2.6978025587843497
3.235394560211607
-0.4636512360854285
-0.46506508091411314
0.9759109036383278
-0.16580026958284746
1.8069605922784564
0.048105614092747634
2.287286708007947
3.329433753014615
-1.0117756197505514
0.21990633151370045
0.902083956416187
-1.7402849739893205
-1.6463221167771913
1.8217171919279984
0.547022949637969
-0.3917868382543035
0.6788349063186628
-1.6884455228004682
0.0546554695861028
-0.5093735885469608
0.9624998053259546
-1.2074179989830411
0.44009220646802344
0.4674173951785737
0.0963640509456628
1.6848251308653261
-1.4639634293615573
-0.08105609804635255
-1.087645027183015
-1.6329969074778634
-3.5763685254627635
-2.044629323147048
0.6183640256750161
0.9601178555892227
-1.2724088813880121
2.0952130426306663
3.5632966749684485
1.80967192132899
0.44045657833580953
0.5391343319768956
-1.5652226167590222
1.1532500990064243
1.3889282207400935
0.5745782737186519
-3.094216151824504
0.18732078695447024
2.9548185158383617
0.4667872019738238
-0.5257088639055203
-0.1678578705957822
-2.4008813831836444
1.5381659558312277
0.02498521701321651
0.9770123368111513
-3.8275775097910714
-2.6885430220698807
-1.2224897056663047
-0.9154836639490691
-3.6941479716960117
1.54832823225608
-0.08519784754589188
-1.423291173744155
-2.3110514464379968
-1.3982040001625877
5.180198972948303
-2.9560960532355764
2.3404600825037836
-1.387681020894978
-1.5926870960331436
-1.5070172267302488
0.13230829045156572
0.7962939036318508
1.5481024002441022
0.38652588648530084
0.1921924649249985
1.3959137840336644
2.4471127717331362
1.4313732492398223
-0.6813846254830571
-0.04811803472761547
-0.7859172052350678
-0.014494513289800531
-1.596913537192359
