105.92180292857223
12.198272282571997
25.133011511678042
12.049167268927524
-1.6069710459768507
7.1488219240118145
-2.308350393449105
2.025558096338488
-2.5818357694407377
3.24297440289244
-1.947530155433645
2.4099766947577486
-0.22617955471780954
-1.64748392443899
2.8716055824558575
0.8490449338869601
-1.4980922964592986
-1.4403896831631426
7.596956853334187
1.4415218537087324
-0.2902222710744079
1.4761690888538468
0.340586850918077
1.2468088447763104
-0.7973900061374442
2.6946810114055118
-3.9191500656923193
1.874108278541403
-2.968610848582735
-0.03478579423940564
-0.016745677255932
-0.8441488265031203
-2.508535891676207
-0.01679151668885607
0.6924507700335958
2.712921973524815
-0.4523737648978894
-0.9242107052854267
-1.0896767766706155
-1.5748072527731598
2.886988306384105
-1.2213782290076725
2.072363392305397
2.4097066844567054
0.6691894969030289
-0.6792942764064753
1.8864300714831501
-1.362246889935518
-0.2545980484315485
-0.5337274305530412
-1.7093152015529467
1.0212729009410264
-1.6638761746963653
1.905569441809933
0.7767000323306613
-0.7374854839104286
1.7378339338583804
-0.9517555839998246
-0.49412774637403367
-0.6907463425299698
-1.7957115190143815
0.7377514248302804
0.2894588918853651
1.4751847576594497
-0.20264971636464185
-1.5169952756691873
-0.218518259990144
-0.8601610330196342
-0.3582905794929594
-1.4657572043064262
-1.4273746753929681
3.6363080927380813
-3.386966054334421
1.262261782063166
0.9909261337381058
2.6012846603300916
-1.4644597183069008
2.2063935192066233
-1.682133339875351
0.1317781096233387
0.3525052477644885
0.6124946639851507
-1.0821311448404827
-1.656867489356367
1.0532261376233816
2.895096357501331
-2.787526413149936
1.8655220813881803
-0.3744596333806345
2.094766918669046
0.667615628230394
1.1391511510620147
-2.592106918170477
-0.9035032689897037
0.6981870434475883
-0.8977601869949898
0.12435185595523862
-0.6905504935290692
0.842554447360976
-0.28955350584954903
-0.18263056187514143
3.138227908177438
0.2418538948462559
-1.4096713789712403
0.11711515560850999
-4.364922342259643
-0.8216950798738281
1.797384209262492
-0.11098164159212033
0.6333578896123468
1.032834044106516
0.25121568962295276
-0.9659260453925819
-0.5602967665071221
1.593221736825369
-0.11515585656985092
-1.4762683949072875
0.41810791892916055
-3.3845897483453893
1.0548412759461994
1.1940762819672068
-2.672794611639083
0.4093737650622877
-2.712426193420915
0.2164617835653514
-0.7498252219008267
-0.7002444526208593
-1.9773985395834348
