-40.67809618939777
-1.5805652689995122
-3.2592275195938964
15.32950987783058
-0.7213335387784421
-9.272289591839533
-0.1686547551298207
-1.0850634881914336
-0.32805005482162525
-0.14528561654857403
0.05156960457976212
-0.1322423105320921
-0.08751144388537192
-0.5115183589002918
0.4208759584199929
0.2588503740593947
-0.10791968482576253
0.6515077844842254
-0.19115474200463603
-0.7189392053437377
-1.4407718857317
1.0811098447205352
0.9406487082971335
-0.30914459881070067
-0.8057580730495358
0.14768073804188447
-0.8048863624956348
1.0727939553259245
-0.5817458732290198
-0.6011154896758947
0.5865401981660421
0.9961424162070064
0.34946167851373544
-0.13802927237004145
1.1442637543893317
1.1646680559678508
1.0069876511487916
0.34352022498650214
0.35482572897855313
-1.2749971873106418
0.6385249759194774
-0.0008802893874757384
-0.3736284983725079
-0.23400283094156096
-0.1868679107583855
0.9487024206057144
0.05628499248077795
-1.0187846088401515
-0.37316102904233617
0.36726898050435075
0.760129446764686
-0.22758945136113085
-0.23336675154750813
-0.12531928110408763
-0.5833578745084123
-0.8887583803442378
-0.352822429656964
0.2219446753034638
-0.09839930527015095
0.08532759918109568
-0.3848919498620511
0.3194686529252164
0.5972108684479471
-0.1404191276021875
0.3510482823024535
0.5542975257760779
-0.8830232391734019
0.006296826433366046
0.013916022507151574
0.15966025681723045
0.03494212039755082
-0.4923705354562333
0.05630671105736669
-0.215278724344104
-0.16623792322997105
0.3891351847609823
-0.11574479906726103
-0.07293019141907797
0.3602868351544166
0.7533426177023033
-0.29566817398281453
-0.08986691182368765
0.16512556793832248
0.042988402235723214
0.5715271469474354
0.5803877394012312
0.028679856686581066
-0.2574965493824626
0.14476086368866997
-0.23520175026778434
-0.11399030522292977
0.06575456589169411
0.1961632576168786
-0.204288120455136
0.20145497933970105
-0.6223656115788843
-0.019720223079910993
-0.3289298678168854
-0.06506758546030371
0.5754520001525425
0.4251093946819047
-0.005405472287115937
0.4018859493279413
-0.12432242270713487
0.19865142606536126
-0.03506145871347505
0.018459197987549473
-0.11567810167962993
-0.2689499747467289
0.18972526822464433
0.013596383867473858
0.2417095793491793
-0.5242136839807876
-0.03484113176665283
0.24023842177496782
-4.56975882533496e-05
-0.15415432468649878
0.09851615070683022
-0.12001111233457001
-0.21144414563955932
-0.4679344808673346
-0.3028052400517589
0.49956038205520925
0.1472962370983735
-0.009445110562265324
0.102396475518855
-0.29559108470157225
0.6181940249978306
