-24.227429076944276
3.183642534249539
57.43722160613615
12.001233593531216
0.5285996368740923
-3.296675325389022
-2.2360788365337885
-1.1417115911857176
3.6509347067466993
-1.4843045987276893
2.492416893386798
3.214875819818978
-2.7222961334589644
-1.1808478422618094
1.719695952937124
-3.168313489210765
-2.0259556879035387
-0.2005016129421271
1.4596649750543969
3.3517009948551237
-2.1673242654663136
2.5145324967865275
2.5038237602834212
-0.06834167987919756
-1.4891432996998113
-0.9439469822311582
0.6997641951447453
-3.255132886447309
3.215280388589897
0.916913619425878
3.4666976772821845
-0.8443759579247709
-0.8592201876397452
3.701804487358195
-0.3226722955267731
3.349151649770488
-0.7496878118098891
4.498497670290465
-0.5850657260082778
0.28887691022230494
-0.05488759507334215
-0.5606519139337212
-0.8468468633238622
0.4827644654585874
-1.2922605613304916
1.4316321878336864
-0.3440110902352275
-3.418189331471291
0.5136993736684343
0.6048697721384273
-2.27109158672751
-0.749064203257997
-1.3700963785374907
-2.650571129951219
-0.532684877562263
-0.3402518504403432
-1.7906153816528638
0.30925475775212097
1.6181059092288355
1.929552004819666
-0.44301334521095137
1.6370399012525088
1.4474730644821756
-0.06346581270811597
2.002161777129171
-1.9484760070805003
0.32781431998933963
-0.780915378338626
4.6872765206103155
-1.2752365977321427
-1.156993376004825
2.0016461385589275
1.2835785422292971
0.2112684117042179
-0.9126282174960747
-1.0789139604489781
-0.5415086277061115
-0.2007603846715116
-0.9207542408439954
0.735973618605583
1.0934891967250175
-1.63026784739528
3.042746726821635
-2.066921656703562
-1.489986471255312
-2.7412436032468
0.6820259937631201
-2.7362815378094303
0.3530678874054799
3.843428139752286
1.1669142472860605
-0.442299220315114
-0.7752211293658109
-1.8226687063923033
0.791597028234116
-0.23591843699714538
0.2647446101548671
-0.41398967215306387
0.2337959263196818
0.17514170984153532
0.8796339951448938
0.49387912531397343
1.7828172573497432
3.157902035600473
-0.08455408420880745
0.7403339760160941
1.211758725685147
-0.9314967272845741
-0.2961288668531658
0.7917954723742158
-2.529343369265563
-0.10168246740166262
-0.10445945274794419
2.829423713184624
-1.185067788424253
-1.8290969803367647
-2.3231903017136006
2.5295618979988657
-1.0679376304704282
-0.4809273139370406
2.0891574286554135
0.5198458212224119
0.9229628944493876
-1.3403385567672734
0.7520647945068969
0.6613102510331013
1.2872461877006294
-0.5057578878794726
