31.68247453286484
-40.86798722888904
39.34515454708224
13.895754093712124
-1.712092270201897
-11.354722131124648
-5.394450448168339
4.321763935511182
-2.0272675304961743
-0.5543216117022137
2.481084974681796
0.842876915140033
0.5701942789656039
2.4990955293129753
1.5686339848589788
1.1394016727558793
-1.015941933473167
0.2423729258534896
0.8286687618916247
-0.9678212600019571
-0.2269003858294469
1.7812997344351698
-1.7517127077392343
2.252891875573285
-0.3664097416960835
1.3190847647558681
0.3822220323084087
0.5329156184388716
0.5114079019487577
-0.03212391086588287
-0.3125248480864177
-0.8410593224279133
1.3408795382561214
-4.340199486823868
0.8325096670121603
-1.1406017419030412
-0.3858652769497935
-0.28017690806285234
-1.648188608277975
0.24124504321809936
0.34814324648250894
-0.286540775207825
-0.8233827390253148
0.09238454005971143
-0.607166855909124
-0.8852421541933544
0.8868162825918113
-0.27500648505263026
-0.3682660855599892
0.39775263228207597
0.7976057664734297
-1.3991766815398239
-0.07544063391721686
0.9960275924116322
0.2750029968358966
0.9015274598574355
-0.3000709475281449
1.1459056199891915
0.16945987105490454
0.14550081834902145
-0.16988603974941824
0.6126142425805521
1.2197347643938001
-0.10480368642736676
1.0439235376793312
0.6718153495314265
0.2476148623435976
-0.31074809409645604
1.5207948477969644
-1.1105697148553182
-0.7058505593209635
0.2978080811349696
0.7537499485762313
-0.5847496602121822
0.5866883728508638
-1.0567136119930176
-0.08803037149280385
0.06145309652737346
1.0857533358150222
0.7196818894610707
0.7603196523911742
1.34037980228281
1.156435905750462
0.8764763475165073
-1.1007999464632907
0.25940009493571536
0.19070651491858895
0.281682157271818
-0.21893301698504725
-0.28560511005926514
0.3118374724199021
0.12275984033216561
0.7059015212817076
-0.600866586146402
0.8947595428220402
0.41203826768810037
0.6934378234407351
-1.3933697107933232
-0.25676420366031427
0.09087280411033957
0.11635112393807562
0.3211312485368911
-0.34995870134915186
-0.5789493250808401
-0.09160834796811984
-1.065157182157701
-0.18912030637366584
1.7132959361428914
0.7829796422219972
-2.1091893078712616
0.0642322547701232
-0.08228444309244025
-0.9608133840688899
0.5418245801262863
-0.09268242829513139
-0.6083089488813554
0.2743306830136359
-0.7534768179144977
-1.0483068263071864
0.7337727376978096
-0.4887144097404613
-0.04013314827535022
-0.5945238341242005
-0.4549145945190255
-0.26560846242337544
0.051703033071630544
0.11036006796173341
1.288351116899618
