35.70532004532068
76.4911591878929
38.174452671883536
6.446352048076616
-0.611627846035418
3.9508083005367864
1.6587782711307626
-3.516106716987064
-4.203520380834813
-3.80681953998498
-3.4919288944451305
-1.1394932931370816
0.9462118932911365
0.014838471462357977
2.494008612571796
1.3728268187724122
3.739581195398532
-2.188314085879429
1.4091284071254684
-0.010691464339700307
2.826659332858527
0.9396500306652371
-0.8596605605371274
-0.6270951715246487
-2.225138540591524
-0.3616602537449116
2.0251701643143787
1.3574488687712245
1.3879836219447976
-2.164710393928751
-2.347994026016333
2.1991500564148585
-1.5475200684275072
-0.29392149647229493
-1.2129072405784558
-1.6983687105026177
-2.9191026771273454
-0.13897945275052756
0.24593512158598405
1.9415543113269529
-0.3836147487751256
1.1763074487829757
-2.4730971652299716
-1.9966588804271659
2.1027792889730583
-1.8224955354545864
1.8278848203191835
-1.173242642886779
-0.8193478479877494
1.1978452667849286
1.1813154287088943
-2.3236248808282602
-0.33844015363821633
0.654386993335501
0.9131515185446051
0.7785454181790266
0.8446272107026512
-0.5707732366503623
-1.0913837553319337
-0.6182294040524953
0.7000857473890264
-1.2084022591102148
-2.319681030857654
1.2123503189645182
0.4637521414056131
-2.512996440128923
-0.46839554227767455
-2.927831150339187
0.30133521553498066
1.3752840316281982
1.7353725081756475
-1.573659844468982
0.419852956877961
-0.013431921057369407
0.5118855426004931
1.1454793541130077
0.18822908323121895
1.5121288887377549
1.0373800652377225
3.256382845276245
-1.0818506356464477
-0.24247881073743666
0.9122777795101453
0.14020893005457447
-0.33348438708608885
-0.24627732156775956
-1.736907427411244
-1.091416113572198
-1.1792155856637925
-1.3099198681036084
-1.687204403065718
-1.018455772035669
1.0655325761800583
-0.6513161029860168
1.131547204203405
0.16608069858763408
-1.1620161798944548
-1.8247107672822376
1.0457940591736248
-0.7674394376361483
0.9125908919008382
0.5134314631051684
1.6962171398999044
-0.028635611995045107
1.5820203733057565
-0.7428125961490641
-1.0718331558289975
-1.4579023718962394
0.021818653435081842
0.13811237038017093
1.1263516685474255
2.235327944214783
0.9498065799818285
3.906791867306003
3.2033126326911883
1.1406118623070802
-0.3069207740989518
-0.21770617940263212
0.3483312759495146
-0.4544150554359565
1.3132572253020984
1.4379016086326786
2.125314167242882
-0.41032015256370824
0.39805269574776
-0.48975555077376265
-1.6057688699988149
0.126067900462374
