33.67687144827155
-37.299175841819405
39.95810093737625
-9.519584663062124
-3.6995256677596027
-0.3502198826979678
3.2585397265190448
5.746025868925504
1.9461076867300044
0.19680451873767424
-1.0325308457650553
-5.997443477291701
1.8350571702320218
-1.336924414187621
-7.139678092702949
-2.7707008814163854
-4.371673550588834
2.45064075325215
3.695534767332539
0.25214137617574134
-1.8814583231704691
0.4272016853630425
-3.1386474737647245
3.4058143733756014
-1.05523311430624
1.6427448879543742
3.9862353724583244
-0.93247710555321
0.4278456172296876
-0.48972389851700326
0.013159603046515707
-4.335942237295663
-0.8654856359440892
2.4900470607925507
1.5167624728967832
1.5274960158429118
1.8205539238116668
-3.044658686415991
1.366409472543513
1.63723081509167
-0.09444878753198516
-4.355567251015886
-2.140075602136776
-1.1145270732298027
-2.7088579769253682
0.4088630143441328
0.1372704005422848
-1.3656373600173486
3.884275055645507
4.436280552387792
-1.5877982619694901
2.5875726414711036
6.067733768446409
-3.3659344935522784
0.1083246995961607
-0.06497319790778383
-3.736670775452255
-2.6611863976693964
-1.1641353556203882
2.8790989415651054
-2.7979011200181576
0.8743836611585379
3.8347366635557805
-0.44684763049228043
-1.2295565181944061
-2.3257805574049786
-1.6615516516975097
3.8679710827487157
-2.950592686592516
0.8594475020137093
0.8182589185011206
-0.630959320289443
-1.6557313666032771
-1.6646885545026555
-0.39280030605193533
-1.1066796026221895
6.501023609077107
-0.7773919376823873
1.283711865374984
0.751727606051577
-2.4879492168479316
1.2494602557373002
0.14577350612372503
-0.3600814546344882
-0.37289441344838353
1.2480772133078206
-0.07665436836697473
0.06623807614299429
-0.7647057874148083
1.533763875764563
-2.2644704392627872
-1.1334448381032838
-2.7616316232862608
4.2515093231725265
-0.6234358576682557
3.6928288249547876
-2.241800998872568
-2.0526948066634216
0.08284667883017628
1.8267020922303603
0.09430859949939494
0.17682650002505773
0.27448166054609996
-2.516051188525204
-2.316121614696889
-0.8034410299869846
-0.55129953958782
-0.05827815644486003
-0.8293271784947711
1.071139125558896
0.37524858358777724
4.1567658567121
2.6206219369123454
-1.4598164608900843
1.6798012643569131
0.06760912521437097
-0.14999661200890813
2.198469099889956
-3.1081518005443236
4.073619423959373
-2.452949622779006
-0.47762251291059815
-0.8439009270605867
-0.2089285775006685
0.2467129221950977
0.12356778643367719
-1.048139332338355
-0.39094558739238006
