98.75343427186635
40.79384097372004
24.759479971745836
5.846516767639079
-3.2978288410731396
-6.256681144401105
-0.5386055639845381
-1.7370655922676372
-0.17627902019029384
2.2465043588793616
0.14737715600737022
-0.9920187587256746
-3.702101155523696
-0.9488779949434077
-1.641774377833713
-2.136575130586226
-1.7964974784957768
-2.1439593198012936
-1.3996499684098154
-1.2435286893474007
-0.26376637614802145
-0.9042821290950547
-2.6322459269023106
-0.815537166567923
-1.564616082370134
-1.9266494137483505
0.6045569731255414
-0.9496044634249372
-0.770143930192798
-0.4112497810181383
0.8495772690835637
-0.2075329519172447
0.025776719317739283
-0.4737987596740588
-1.0669000964237942
2.9801861545017334
1.7421054869488102
1.0968105060074629
0.28134359182338364
-0.9959998977967619
0.36697480737333704
-0.42505220551746314
-0.13248590672864868
-1.037197325948283
1.5537692953533568
-0.7179053233872357
-1.5604110313151427
0.8117721318289481
0.49887576940721634
-0.3480623209933973
1.3815627259888201
-2.9023065232630225
-1.6217816679019266
1.7774040218643243
0.004970352492843638
-2.7738621522291416
-2.8731706830399095
-1.3201299462248344
-2.154893604931649
-0.6867202625267153
0.17141100421290856
-0.8785660425696785
1.1467244163038073
2.572167092865215
-0.7126885793957254
0.9042102849707875
1.1554901836934914
0.5498231211618735
-0.5221039191112962
-0.9537219682998022
1.2844355900100088
-1.9629154334975176
-0.01298433191091719
-0.6988601904186544
3.0052991310496715
-0.115637096951001
0.5433440974083402
0.6775688035921322
-0.7620255912714572
-1.3651632417059667
1.067761800341411
0.8298097289549853
-0.6010367441423958
-1.3268001544111427
1.453893915654455
0.14983305766702182
0.13751013317763527
0.6620174411657933
1.584028381138234
0.7302203128482517
0.7149603286778429
0.5712743237242423
2.6824375883225815
0.05777491278556357
-0.4444724930371615
0.4117020772355577
-2.4553052005787337
-0.44529226243639175
-1.9857122397597284
0.14735141482281827
0.7643894176357221
-1.6278816858068752
0.9497530007105272
0.8498401871973448
0.08224649951895352
-1.852460695203487
-1.2157342983231327
0.05418911942578103
0.999892970218106
-0.014973810296230267
-0.699077938393548
0.8802994590674581
1.448354070366218
0.6556337503388165
1.018714609109462
0.09727987663241167
-0.8647753959755048
1.9929671761349426
1.4415362387181119
-0.31476786208696195
0.9910776170470676
0.2216341158218065
-0.19981706501189933
0.6196878917099572
1.2091368304244565
0.5995936713022052
1.2008161809303708
0.2486284507564941
