-17.540337408459486
84.00969988513239
11.13422847748342
6.05436961700313
0.27893773939277816
-6.346412672239188
0.871907716727726
3.577503553207774
-3.401008692932328
2.6631580490405153
-2.795449902323037
0.44467230692625126
-2.1910542569471643
-5.1810351292337895
-2.651692073116921
-0.6337241698317366
1.800147670141632
2.7798687806815763
0.4319277528199648
-1.1684552149701113
2.3010499335188164
-0.3959581242653827
3.802671636317851
1.3471427827780795
0.5695418318852934
-0.2618873141472028
-0.7980288475832596
0.6787017885478452
3.2450165834236215
-5.644105977043146
-0.1586786337086274
5.355871902707059
4.8393658214527155
-1.7308921939271027
-2.6240308790840845
3.694123310062764
-5.219735841601409
-3.135379915361495
2.1763531684560022
-3.4799651007238714
1.3763221292222108
-1.6469265534090476
5.1703402853163425
0.14740243890817445
2.611950136388001
5.61520779729818
-1.3012514564954643
0.6266191803586609
5.347632890043866
3.405273508079837
4.297679568150149
-3.0075651962213494
3.0798154894742185
2.8464222077608126
-2.136253252755375
2.0527439316495153
0.5286937498348272
-4.615341313882443
-2.4207050284698597
-4.185041053693146
-2.498465809439425
2.4800850937475976
-1.7828773885404174
-2.7347624514883075
-0.23318037574522432
-2.694373354572072
2.6969086050417173
0.08185753558268577
0.9470068574484716
2.1145977598137597
0.08917466888813677
1.393173442444331
0.995168369717745
0.5765955884436917
-1.3398560633388474
2.538382381306514
-3.0924764994394556
2.221713513374783
-1.432793015333212
3.4316354548322585
0.9925305750860101
1.2754813193494425
-1.0111453214724824
3.9406878747170517
5.89488557522858
1.6240202180722598
-0.3701277992754495
-1.5676247594315664
1.9021132074984914
0.31358835937399804
1.2205801650776065
4.507493660419419
-0.7750528611394475
2.8506760052689426
-4.069466807749213
-3.5392110311681546
-0.6368815933872641
2.79013301503983
-0.522558744509986
2.5134859674420773
-1.5610595859122678
-0.6135092832174457
-0.1661836460412529
0.836906195164916
-2.0215146920111913
-1.914437697923205
1.4267295198347354
0.8599938690948188
-0.7956983029759369
2.522373117476217
0.5134008472761614
-0.36323463599107164
0.6757280280899646
-2.3111899739137876
-2.624386475787368
1.8421517942561043
-1.4691423599478834
-1.156212368387788
0.07408126885164158
2.117479009219615
-2.923789797349696
-1.6526230363585868
-1.5956207849506423
1.131577580582905
0.42600918446780556
1.2558868464339348
-1.565699477175433
-2.31924180357673
