-40.78732458868601
-0.9853063487061615
-3.0294310135665037
15.266433853854798
0.6898090685399461
8.59200490295777
-0.14986015733123104
-1.0972275674592962
-0.180403184905184
-0.44984157364291016
0.15271559039077423
-0.19446415954866336
-0.06808634642771105
0.26594377768106003
0.13403291964456282
0.40082971835907566
0.12465908506362716
-0.4058139456405988
0.02977961002583443
0.08548593821810799
-0.3501665450135184
0.2964347281922199
-0.22651545202717643
-0.297379479251411
-0.04489896578577576
-0.46044219962309707
0.3300817878045247
-0.11447458675496662
-0.6312734549204473
-0.028914341895397995
-0.009195198009644884
0.1586876639257072
0.5559463566736634
0.09705170924241908
-0.36211268637593935
-0.042108045300555105
-0.08276939226258298
-0.19202353645199455
0.011961161684555077
-0.09314496154859532
0.1855283284043336
0.21705527083406617
-0.23083809545338957
0.25252341223598745
-0.004071657221770199
0.19354119331928948
0.461319251776905
-0.16087242269006327
-0.1505621617322597
0.05358424598093433
-0.02373083063166019
0.39139699440416587
-0.002500574688973106
0.1720292404824456
-0.13967077691313254
0.27742392440548935
0.1993596036146762
0.13531480309366078
0.29201055017623356
-0.17250356170887973
0.1148794938417253
-0.0381714813878473
-0.2806395212101671
-0.012284478252026425
0.06464288619448957
0.1401500272406223
-0.06207475865666005
-0.08839634690592274
-0.38718418910352514
-0.1289323797923035
0.039782758000885
-0.27289063172981093
-0.34147108561656986
0.20337044303581409
0.15885106251200734
-0.2472712681158114
-0.023080536672513238
-0.13005288473068036
0.2153817803616607
0.22616738028337857
-0.1753749546580438
0.21329696275120638
-0.30463840277644083
0.200557311676752
-0.09599620263280234
-0.04074720985797604
-0.19153461518086368
0.017373925542025492
0.21266333868377443
0.02457741483216181
0.09852436453083102
0.24299555516781324
0.20822619298743672
0.18855725515126964
-0.009681065530755723
-0.14202962271248
-0.05614591609481464
-0.3841947970914281
-0.11785156837076143
0.30140609704903937
0.5239372794651441
-0.07336140087628965
0.03948454773094462
0.6493531087549255
0.11869509711655363
-0.008385661262759699
-0.4858030556924626
0.1291390126459466
-0.08767495948515618
0.19924496957838161
-0.07662852410630967
-0.018252228413293756
-0.04607181673441299
-0.2107994388575976
-0.28350135539999743
0.029567393495421517
0.12586539969749952
-0.4551388027051157
0.02994997933175405
0.03269432875785945
0.08568148478948735
0.4322660392233649
-0.025685238090380876
-0.018509284640338262
-0.24434831641819316
0.17775869550756687
-0.10429069171273202
-0.19421877308576463
