-48.22312300595673
-5.4878058343574185
-10.756623546627997
-8.733624377578835
0.8848483906419727
-2.533015698822031
-0.07039289394224002
-0.9100609104297577
0.1048924729284903
-0.7453600144051096
0.8888352141934137
-0.11743453260132661
-1.4718218444756814
1.9895509463381742
-1.2647634239185277
-0.9652245404276538
0.18330827085366488
-0.2334342589186281
-0.29881482779490226
0.5004767333653172
-0.27507275414183646
-0.27411608839740487
0.04742411000472224
-0.32991516629536155
-0.2585561498482807
-0.07037830137180984
-0.19224367928748015
0.29621082642770846
-0.4936119262724583
-0.32002651359427436
0.1561320982848366
0.24543527365371767
-0.12907194521927845
-0.10302395693121287
0.3541556123521937
-0.2241731401887926
0.06114613170705545
-0.19683732196068754
-0.10173070459450971
0.1891003418027198
0.12821332744366662
-0.13638789985934816
-0.229046065858227
0.04526460049939743
0.1270612454641376
0.35216650095398844
0.2863880513638398
-0.09044460443711487
0.20435428992884308
-0.17895347627693875
0.17775264343593244
-0.10450186621780062
-0.13880933914844784
0.16907446305791485
-0.1018750365066596
0.19190382277770185
0.12012809738628158
0.032631580535332175
0.30284837063596665
0.22201107913714785
-0.23898178540327014
0.2850814715207964
-0.0395882338057795
0.1444969332400089
-0.19165949601371507
-0.010309245829738523
-0.1167141759268493
-0.23869813695174097
-0.005247827838578412
0.236648997636113
-0.6473971416703496
0.04389881027396346
-0.24959073836274392
-0.005629141657585053
0.046335277698786106
-0.4293025331343905
0.34505553386189125
0.2439776925250964
-0.32708344127553024
0.40976077376820097
-0.015998406286538265
0.33338368581741157
-0.13413958966661113
0.28635816374368184
0.19547099453923464
-0.13783136044298863
-0.03069047922172611
0.35972561690137583
-0.26348827624606874
0.04098376944342727
-0.08693620741544347
-0.20275210755163064
0.1803401913162256
0.41767290575325355
0.19818860510927255
0.22998730522112043
-0.28998612286901293
-0.0638135233759546
-0.006867352225867318
-0.08996021626209896
0.3837896915183416
0.34917737014563316
0.05120687743552973
0.21836405637322737
-0.03699615244022218
0.35132485684051273
0.6031870577601045
0.5228854534984688
-0.014835062760830303
0.08750080860027439
-0.32210734913616224
0.16246191333922413
0.00203505971335749
0.03145572009496838
0.02030718308846154
-0.25690033606373963
0.2525216931943865
0.3862272378509024
0.18064680673613645
-0.06934707318944022
-0.06461456054255198
-0.19247246444588023
0.13512330312230336
-0.2764559004382926
0.07171650017791328
-0.24025129296464157
-0.1767400539104344
0.10232072432853381
