-50.56247836543785
-2.9614013987323973
45.66309088085648
6.372364886941501
-1.0266718569232618
2.869683354241859
-0.9993455832503526
-0.4875948506136476
1.324565236888415
0.5148144862880297
-0.94688638130405
1.1496718030445987
1.2886678937852472
1.4164183126705832
1.5231080986027368
1.2286751252577117
0.7998165261520702
0.49314801297390065
-1.1375921709192496
-0.9861911033762653
0.09652917614960826
-0.596568805021449
0.6520132336321833
-0.4583658434260219
0.6544674271557568
0.8279920964843561
-0.19188635676835608
-0.017650802659998174
-0.2417273627356036
-0.18537885495418785
-0.13670905784205528
0.011156676393231646
0.2087418519237692
-0.2711141163760441
-0.08220346726325119
-0.2333760369044121
-0.04724422151447888
-0.5673657125558884
0.002469089121669936
-0.23856563247623291
0.19807984661077827
0.22396020481640647
0.08595887815079084
0.26790317736264996
0.03226522592105365
-0.2510339028634863
0.01299630157334035
-0.0832940654602646
-0.2474555621671215
0.09465759667378865
0.242491358023803
0.08458377524633146
-0.07138018357236564
0.03467398067295266
0.31183845972618335
0.027838059805854964
0.06138449529591475
-0.07580278947875366
0.34403342576271256
0.3511515542307605
-0.05833488682169987
-0.047403304800515716
-0.24697569186813356
0.2761945889119668
-0.27196786899030273
0.36675410974755845
0.40178868535128465
0.1999077579559027
-0.4239497444668101
-0.1699606233266374
-0.003991713926930041
-0.06812078073043489
-0.0565208095331526
-0.2370560046005974
0.3180978097735639
0.5433655677007652
0.3573918781976348
0.12117430774061305
-0.05183520585969353
-0.09044038064192893
0.3876305843937202
-0.12368964970376232
-0.29242795515984055
-0.08919942265104051
0.20261958156960974
0.4544574468183499
-0.05153954096085976
0.13934190616808434
-0.3441520221024365
0.24270531798114486
-0.23193712374218928
0.6862665236393818
-0.0766492279788307
0.23464037553533101
0.20266464807562895
-0.6766453677315727
-0.07583629938568519
0.5127777376539979
0.162668646380336
-0.10948484085165025
-0.23258089316640973
-0.010028056250164313
-0.13389075359282548
0.12282712952145347
-0.0037353735655937803
0.16992036788410325
0.34842487618984347
-0.0291218958450702
0.3462034337825812
-0.26469569919819547
0.05765131365758466
0.4428095961432369
0.17659121266991057
0.2746345861767702
0.3998476376295579
0.359710867596885
-0.20379349821498532
-0.005518956794161735
0.25748063490385054
-0.2681137434173185
-0.5199834768361884
-0.011836966905182905
-0.16165560624066286
-0.405061220845265
0.49376237255510935
0.06948428225060882
-0.1855724541056893
0.20641393622963974
