41.09843330442075
-59.9657196815299
-19.361419237877406
11.884865305702917
-0.6771459876200823
10.107163178570516
-3.741101987147095
1.448032804082428
0.48579264336713895
-2.599531141417531
0.44346473066479397
0.7866437817734522
2.668291850325502
-0.1591416983423833
-3.180958028376343
-0.9578925060803558
-0.6807884765395821
-3.1488207091020675
3.6202990691483645
-4.003287225040735
2.779209095931943
-3.192004555296944
-1.4812549256894096
1.4566538721936295
-0.8555982487150102
0.9732095048818831
-0.06370313388365623
-2.9767250625379527
0.5829179147489733
-3.316855807452646
0.6590629628311498
2.901390959516201
-0.10825972848423358
2.9841290501841256
-1.3924736172256738
1.0798387782533159
4.355800092967307
-0.35164163095398127
2.170250698679643
0.795504706125861
-0.5150031734500164
1.1702658325873658
1.9423445485009552
-0.12931801219652606
-2.1190300109258327
1.1502371878683273
-1.0069386701253058
-1.9679684528383856
3.0651793502964915
-2.046639759513515
1.7703084223033323
-1.6866326909828084
-2.3456758388305143
1.8995505380820812
-0.26825412041616137
-2.77558052598517
-3.065275222236463
-0.8265273570146785
-0.051128848556582576
2.231512580164095
0.25194959031284847
1.5266901908108883
-1.4654159476933337
-0.524944801715335
-0.570381757573109
-0.5682849175296332
0.3466374545943357
-0.9537351335649195
1.2007688853799183
2.8522989485058368
-0.31162559065844686
-3.9389920478328473
0.6941716044049309
-2.0723092085733006
-1.3708047886969068
-0.2927933307335272
-0.3119531483641251
-0.47686389216390435
1.9825481700897325
-0.3801083415786378
2.0533300774235186
-0.8773559030085123
-2.0048290269361857
-2.4543072882496335
0.4659692341778393
-2.060924711378619
2.48824424807301
-1.9187943562793024
-1.0337261688275705
-1.6968542083626663
0.22185065842879306
-0.8599776783210822
-0.8756633317524064
-1.6276840108633774
-0.6327435547770495
1.9615092170899757
-1.455296579580385
3.0470594137212785
-0.03072766094487156
0.3784890496914098
-0.6440575765088687
0.352414576347804
-1.8223464636301347
-2.560917106264345
-1.7991460956550274
1.9826486964132926
-1.9952542135824254
-0.425630463348656
0.7862849392833859
-0.17964766559082315
2.8914804718519918
-0.7497296761348244
0.4155607917550294
-0.3099095738944771
1.0223080115105645
2.110937362343644
-1.0502093602531806
2.3971828051964446
0.05599867642157466
0.25116964966476735
0.9025062936164667
0.7807418465952859
2.318712362664279
0.704193806643483
1.859232893720246
1.6021602476651822
-1.426427767001242
-0.37898235680143105
