31.114790132487855
79.58860811965961
44.63707903904591
-11.896395204789489
-9.47859282301355
-1.472002213796181
-4.5007710912125845
-0.45090836669853496
7.0883677462532555
-0.7089421060732692
3.449669187909381
0.24842944270862957
3.110282427209697
-0.7973270755531299
-0.8861889568742289
0.135020653583666
-1.4411355113772568
1.324681722164306
-1.1869259471479463
2.2363202886435003
-0.5112879708596801
-0.2878801438333971
0.3684539731190805
-0.3420986221419854
1.4223128282474744
0.33968850008762436
-0.14664079494147206
1.1323900732693666
-0.2358294132006915
-0.5032711271947794
1.098776750505554
0.44259131548311614
1.6228410063904335
-0.621686015363986
-1.275254760653828
-0.759361214279539
-0.8777640123602608
0.48715484952768007
-1.4475003296398758
-1.1945831108548066
-0.11128369330281354
0.039314604761938515
0.08988918442927304
-0.5485954171344894
-0.6448543993888798
-0.6346463520820365
1.0602223658455894
0.42714224097887515
1.6953916427289273
-0.452750286752578
-0.10847747150793544
0.4879489124366001
1.6396286976303305
1.443225528563903
0.03185455957261919
-1.3522949573918044
0.5640892526924206
2.3832122744175193
0.8245633624839785
1.3465980500932186
1.1897708388358859
-1.172729833643452
-0.8135587824898205
0.07238186369319799
-0.2909612658018662
1.3045358862144592
0.8742528966439844
0.6210321285278838
0.20280277670626334
0.13282844234833038
-0.8027525196354472
-1.095670205197323
1.4322141138991635
0.7923991079841312
-0.2545839704946581
0.43491474184081946
-0.7511771274718801
0.0883777153954684
0.9348497286155559
-0.8874317393248465
0.955772031076139
0.6906764925053415
-0.6450437555426186
0.9971051259382808
0.33674557158579654
-0.18425435167765913
-0.13812338761827517
-0.5762878309900771
-0.7203549969812613
-0.46340930065461666
0.5269268480237865
-0.04399187153137878
-0.7535625683587758
0.33869610890237456
-0.6921558781404122
-1.3500614871111076
-0.7697485420660075
1.468548465951151
0.36091477590544896
0.764489517752771
0.9042175295397183
-0.09797418743869638
-0.6623472878482243
0.7108446337162615
0.783161719466283
0.0045402269058468225
0.5740945440624137
-0.4589432169300819
-1.2974637954880375
-1.7593149938679875
-0.8936474603621922
-0.4863973601944155
1.1660768595024749
0.3995444275673594
0.5176085903709545
1.562389752014388
-1.4139497978399667
-0.8374203829740091
-0.5895367686899118
1.373577924531987
1.121783735275112
-0.49908775281813855
0.24239376718407626
-0.6554276253509048
-0.03071579883905376
-1.2840304745980162
-0.1713020713093426
0.15483063994340934
