-44.854634767092385
-0.5403562557847872
-7.8916258901934215
-13.277369603980487
-7.706490668710599
0.10291199884425023
-1.6790563569853099
-0.3946369950650931
-0.7386993314681809
0.024512654589216032
-0.296679936251505
0.11535757478803098
0.27977779495006544
-0.44523867406623013
-0.17764698117950495
0.4618306241305654
0.5690849259760045
-0.21687676128570937
-0.43005906200182525
-0.7076658795867279
0.18537735377421127
-0.06331596291235694
0.38835101521117243
-0.2817840570897504
0.17853218396872655
0.02983327117249019
-0.230099080688639
-0.001942458497495414
0.19560427194822666
-0.16536435957179846
0.23433247099912688
0.14052575153516095
-0.01533519103418951
0.1040067441240517
-0.16092051022608483
0.21248472920967187
-0.27125832473674616
-0.24837766150747614
0.31741451103750257
-0.08104241186812078
-0.20761860074071206
0.2561210148272924
0.2942510329706502
-0.026551817293919158
0.006491561861000375
0.07416938780136414
-0.08589428954073598
0.13601101053095427
0.22799377120270042
0.15594915197320774
-0.09757893002072325
0.32895413162276865
-0.13166276894761364
-0.00869416617494606
0.07584193527201444
-0.05384596282568132
0.1689004046117084
-0.20306656730659636
-0.06230686159927676
0.07872294083778086
-0.08147007648708415
-0.05058739808200066
-0.20991519062583266
-0.05634006174731816
0.11941265791083563
0.1709554032392541
0.09556326751537858
-0.21886963501934992
0.11588454953156888
-0.2589846974688799
-0.17263512518008586
0.13117553980232058
0.01822805643829742
-0.07656297588847558
0.24257439695895122
0.041672518432123884
0.07136947534984074
0.17502551913773004
0.354925480156212
0.03154698602414466
0.07788193291459414
0.03780653104063758
-0.2701106391630009
0.05630954721199105
-0.027655058494502775
0.10085652301382873
0.19420268529859036
-0.11031606239543093
0.26363074919813834
0.06889868531118967
-0.04321349825604291
-0.010362191663889077
-0.20511848133316188
0.2630152330402157
0.09065250214870534
0.05237098924000142
0.04429015004317295
-0.19928202189131627
-0.0784780955739935
0.18223427567814673
-0.022020651687585283
0.09945439345374146
0.006275997299357506
-0.04985093341861926
0.2829085694113355
-0.24694756317604302
-0.20349804707650512
0.3427735734026542
-0.13535054865922355
0.03802686838243291
0.03269773312072663
-0.21827358290435342
0.09408228962649756
0.16881731700845487
-0.005903783523543905
-0.018480642778441685
-0.04670053756684737
-0.008018499432144246
0.12086899063594528
0.1631177526417652
0.22196470710355626
-0.026519660310538012
-0.14795624038893923
-0.1133220568895659
0.14618819300548072
0.22456078576614738
0.022952693578909684
-0.20350055146512738
