-45.00037100130358
-0.363070921860162
-7.766257068246598
12.393351782100348
0.09085678407749351
-8.391773215092627
-1.9206763608761768
-0.9263064118618305
-0.11005644785199487
0.27476824710696574
-0.4500947049274257
0.29450505206201294
0.3936038690471533
0.4750530768742729
-0.589687149222438
-0.13691702729504182
-0.2747919434468373
0.5994219984023792
-0.3275379124136213
-0.019534754990588682
0.002502890646944346
-0.056922925226160326
-0.28030702455052814
0.007481688713756207
0.2209026739161985
-0.22073164353614538
0.187416855087862
0.36209539367568644
-0.10266750067997321
-0.21577688676831444
-0.22408250671322455
-0.1913164089934471
-0.1896973054538716
-0.15269576195708945
0.07833375276525542
-0.10088713506662249
-0.12074472628597406
-0.285669241847293
-0.22632323590434136
-0.3766847567741559
0.24361737620427545
0.3088555597050019
-0.0563378773546329
-0.19177360933059412
-0.12705188305140205
-0.0880744118439773
0.325466889237047
-0.048243892919114725
-0.05845391660463799
0.050966051352538344
0.16140739247920832
0.001983364756788175
0.4588983169563082
0.037144856244470933
-0.2504384027358948
-0.10995030781797271
0.5107418552976215
0.011000353662911938
-0.17337989750706745
-0.14294140129161775
-0.18956022569683617
-0.1465416168474271
0.30215934940485717
0.1403800105694301
-0.041864850270802126
0.028549484160853334
0.2347070366366018
-0.08543875414106303
-0.16723355778175966
-0.028805754874840404
0.08016098619434077
-0.49874303951522325
-0.270252511256751
-0.1603648598114134
-0.2409731358957129
0.4334739519613711
-0.3084125774228534
0.04622153179948152
-0.23783564965990436
-0.1933610909491736
-0.0005195229008253532
0.1539438019043906
0.1080545579667731
0.008730328126545901
-0.2537553318245999
-0.20196805174605395
-0.032807190463362716
-0.014467868033514485
-0.02581788542412978
-0.2829858165690307
0.08411619843293952
0.019376056765572143
0.06600529118695422
0.07875209753389373
0.05888941950041428
0.019565594231783993
0.2350546191004812
-0.12555186255289602
-0.517587862516178
-0.27155856489507374
0.24896586453994313
-0.2533523041005288
-0.24497481258447204
-0.14970118453734696
0.03624251253604658
0.09069471709493376
0.002668413888633203
0.0013776785823125526
-0.014551556139625903
-0.05977070288377355
0.32542300723590334
0.1648426321252506
0.15951914450315122
-0.18146668088482584
-0.1485282423221612
-0.0017101528125865618
0.08478394119895122
-0.4829528792808426
0.029751531264016643
-0.054130834290685916
-0.2948967534773691
-0.22780891832765296
-0.2454784932800867
-0.10958499230361982
0.13089929027913966
-0.013982441498623464
-0.1453975372557052
-0.10517568174559663
