58.884467038036455
30.483089327738522
-54.218351785279005
8.033642513742965
-0.9756521143622184
-3.067913101605133
5.628484650078724
-7.412707325051723
-9.822371942508573
2.088116344492498
-2.996105980810906
-0.7759551532526933
-1.6995337086194227
0.8289639245842737
-1.3969759453581798
0.6066039892448168
1.0472480766960457
1.2271938412623105
-4.291823692368672
1.1325742522089526
-4.2558488058265285
2.2748221241758633
1.4058554415923277
2.785391013484397
-1.0408843649402988
0.08790158473078474
3.8269647436542193
0.5766955315663111
-0.24810319339562292
-0.14529578834199594
-1.5614122197931348
-1.5742926667296826
2.7300120369131076
3.0300353158178472
-1.7782217287508186
-1.6537824712243436
-2.161790834525629
1.2678415759189734
-2.4398579800407085
-1.6369444826136783
-2.8813642536635
2.560612082628377
3.2073889900308266
-1.4904989372320139
0.36908613296560383
1.6089821408628506
-1.0426811963893274
-1.691212476973518
2.6292872938569802
-0.8439061575474103
-2.4398629857827494
0.28756368463022747
-0.8086748122233115
2.154711496823421
1.3745561829735427
-2.397133996898853
-0.514085459163495
-1.8018221500455887
0.7626962398396802
-0.5671024823762065
-0.5494140529458436
0.32813665121482194
-1.0859931306825603
-0.2986734186167215
-0.4326464297067222
-0.4888687344710959
0.5391291943228148
0.8059610037298471
-1.1266890318918452
-0.18355331113223644
-0.9961545038634128
0.8402337138223082
-1.8524597498432123
-0.23249725453667294
0.6369875987873301
0.6810838784335272
0.701740803893327
-0.1301504576557122
-0.8583979816785983
0.4385953594034667
1.7187407739177665
1.2450152416383689
-2.002990698566451
0.2350911243146983
-1.4490618225742697
0.6648161883945382
-1.827030764358346
-1.448112015168276
2.219808395573692
1.8263764107502236
-0.28672675545725845
1.201017582700714
-1.9031012120537651
1.3156379300630432
0.6877667227107792
-0.5753449146993576
-0.28449656565438897
0.4876989808597579
0.1800909641888909
-0.49982988264962286
0.891186458684922
-2.0963631959559357
-1.0389096613283786
-0.5895959529559123
0.1031775525302937
-0.25925706428618933
-0.9542810217421887
-0.64702657791169
-0.9229745418237687
-1.2923620896871433
2.3058632090843973
0.2535779027818914
1.420835227500116
-0.25548959622838857
-1.5878077835366664
0.33745402588108836
-1.5939106214350351
-0.3393033866341838
0.9438643067469601
1.2418203405303105
1.0984270629381443
-0.5081103705732639
-1.1369148910870974
-0.836303276939653
0.5427335420947431
0.0895080810792186
-0.5425751371983316
0.20098804570704823
