-23.125281931212555
-0.04220847390916907
58.77688425815477
10.874958930110347
2.309793721187143
5.6499172241340645
-0.880227952516913
7.237320816672843
-0.8990054342838965
2.3726858814442635
-4.311040963590027
0.4217253449965507
-0.430306557906792
-2.9154804725438437
0.4058018129296327
-0.9137020125447963
-2.910496600256838
1.3292303445654485
-5.554879053882285
-1.7414407331703572
3.1499213966286668
3.5936637505519955
-5.12038447261196
2.2649756637860667
3.474420812429946
-4.476449121809054
1.8177853726616398
-1.8238916678999841
2.034098916631933
2.8173603763880375
-0.007505105337075602
1.351599709601338
1.482555039326743
-0.3868658485059955
2.6861831739559783
-0.050397794393019835
-0.5797762231763818
2.1373127314944114
0.2725079968850048
3.497537479165207
0.07075676324574959
4.39956471720175
-1.8150480367016197
4.174832250968886
-3.1077672795259272
-3.1441525381956805
0.4886155697269232
1.025226282014386
-3.744711538545543
-1.385748196396656
0.9992948360328735
-0.039593612010386414
-1.0842289667855853
0.017872953072036214
-1.7905510135450118
-1.1684388695011074
-4.251815009810428
0.10594122044534263
1.9496247414100212
-1.6806782031253216
-0.7012264101671323
0.8416492694328074
-0.41544196613536716
-1.0638854857233329
1.0049247653598874
2.1723969568048354
-0.04727607081809222
0.16989638306676724
1.1955146486455799
2.1231142848459803
1.435872373053558
-0.6189211452568254
1.3916217001047135
-0.43042175847939995
-1.0960062711069865
3.4640995971672544
0.3678811349001529
-0.20125159814157495
0.6227531405131067
0.3345001809974175
1.454828338376047
2.382123112295601
-0.5685065808057291
4.488089704436354
0.4242689724596018
-0.2699420628162314
5.08795944834864
-0.030436222748486966
0.3268732209445896
4.459934641057572
0.8838085264043591
1.7564793472667222
-0.3489364072440282
-1.9489456522490536
0.20111299947583253
0.44762559172273564
0.27463210076112987
1.2387460116996192
0.42454867112265876
1.4233453910515355
4.761562439641192
-0.2550808848151696
-0.8893222457643714
1.6459696866974176
0.6002044478709974
-1.0295190883887526
-1.1184225640099341
0.5719827927003163
-0.09314000157086069
0.8718507851158628
1.4838470506457813
0.2483784849983236
-2.714961434215886
-1.8834652512812422
-0.31287374390959594
-1.264194081170396
-1.1077692131272645
-1.1495838431342411
-0.8536640457378032
0.028160564249678117
2.1354385911627647
-1.5188937407049443
0.3591662466270238
1.376871810363053
-0.3874474223295282
0.03993586382886491
0.6443941977272906
0.6608248768156372
