76.85793813713738
40.506824663202956
8.982363589215792
-8.87512910635457
-5.042652611676877
0.8226540161318531
2.187785484841551
2.2693555907925402
5.144604450970767
6.224370621643091
-2.8265126687762328
4.432612074874729
4.56818583921941
8.099856491827815
6.218446662881766
4.922937322168944
3.4785483351619
0.2606198229072845
4.198079050483033
2.8863335928077922
0.5632720146421986
-2.4537840327607032
-7.5914566627581
-6.551691955491929
1.0437602110165405
2.072101403691487
-2.0212626722777456
1.964043395979706
-1.3446909261758808
-3.5233641151645867
7.460377971878799
0.359026912284577
1.751352639015118
-0.9583241435892305
-2.819040762443656
-2.547685752833983
-1.7105265525363136
-1.0226001475566906
2.2154266540938803
0.09553094803573173
-1.4085306680864247
5.150453859663346
-2.2621153848660214
-3.755853889274947
-2.8886466476930255
3.0117415452189737
2.2857318509153015
-2.1898023589609754
1.181943869022875
1.2305086810608536
-3.0734226745596454
-3.6421645738089423
-1.8804791857694931
1.3863257018793052
-2.514415287099892
-0.09226037894962505
-1.9556265047896433
-3.153008789256832
3.0714727075516395
0.4890665257628083
-2.4015399065865766
-0.09950442708492432
2.344406155069072
-2.9509849422437937
1.0559356490982454
-0.8557782416270778
2.1090366825422797
-1.3017345190062795
-0.9056561379423804
-2.5959332348655177
-2.338328770246256
2.475869122348766
-2.4265868705079066
0.007357745988829101
1.781097987669429
2.3900328737233063
4.3542099294781895
0.7089535440948367
1.0054496593239808
3.184041937978385
-4.514864494406076
1.8667089079007388
-3.1310358303093038
-0.1376658018455156
1.2369021690344997
-1.7892164042444243
-0.7478836492375731
-0.713115540283468
0.8964022917673233
2.5508500250662105
-1.9596130348921244
-2.446764091279923
-1.2243836052917474
-0.32651025496653396
-0.940005932069061
-2.010502017079772
0.22885983318649733
-0.3539767968015134
-1.818009854577872
0.9382179949519173
3.065863092040295
0.82807530879205
-2.2166127585965008
1.2236724010974995
-0.8394947979581129
-0.6339938650283554
0.20837690220628408
0.2460407496536339
-0.797572637086469
3.4687983216387153
-1.6314471589803363
-0.9012785350932306
-1.3224141430133436
0.2767388626543897
-2.99116438217127
1.8027078360054865
-1.8987815846261138
-1.2522377265731703
1.595084651973854
0.1278919604379562
1.6641261118267956
-3.294043520383068
-0.8034254037338657
-0.6210397379875535
-2.3887566745806326
-0.08303830219588225
-0.09146733704102837
-0.7211011242778679
