19.621464037145913
71.6846535889796
-25.851088052825727
-9.4365367475926
-5.04447314034616
1.7627253743838767
5.27836505366441
-0.7258635469120756
1.039175856848985
3.580848567136296
2.6757454745437848
2.508328463585474
7.200143743909466
3.469233622915154
-1.7201567988416082
-2.412902924254525
-2.0810435421964897
1.830713794222243
-3.1450764546571244
4.89020106765021
2.421578328244675
3.0907331231796236
-0.44788471526032936
-4.852838600394713
1.1613300531556892
-2.863910004704602
1.8080273060423282
3.560335408880942
-3.399207890482273
0.6438880770399679
-5.741609898877812
6.3771551415091015
0.043974216626464266
2.619340204587334
2.6331082766953915
-3.0045096907074647
5.796837216576934
4.035851826523363
5.417027774061618
5.608367653243732
-1.0506814784315224
-1.0783467946310048
4.282597302170163
3.2235315904301203
-0.6238332757338976
2.9964163633871546
-1.0590723454896258
-1.4175046308917865
-2.2567651284632553
-0.18188543552433334
-5.308058743646286
-3.562876820706626
3.0590427191406886
-0.8636866532994589
-0.582284297827055
-4.729522671602866
-0.47865437799464294
-1.7591502550095044
3.4222992240728995
-5.002409527434528
3.2333047453177657
2.2109825792558944
1.2754402536088572
1.463271882816843
-0.5047902164894331
3.2372858711654713
-2.515387600122977
-0.3636377564929507
-1.3505231006947758
-0.7072164159944918
0.9123512513072396
2.603380334643441
-2.0797897788417123
0.8820543936054945
0.6465655943946106
1.0374250962428022
-1.3899326418186166
0.9517816106178263
2.3053767479073985
0.8591594168305772
1.6447856820242235
-0.7628903229186352
0.42962707362356845
-1.5577814226892357
1.7302781355995358
-1.6034618646125824
0.0271414743265721
1.059749765758579
0.635132644053374
-1.2262969480378278
2.0605457349052934
-0.4456674140130515
1.314756051509863
-0.18765287677644657
-1.6262249350186078
1.0769883297520375
0.6556091212627109
0.7120074715118005
1.5490519052773155
1.8757332758451568
-0.11559943315013588
1.4456863971478657
4.077242019170247
-0.14937842001778623
-1.2436247386636976
0.25002903064958837
0.8950580405682553
-0.10015899143081125
-3.031778081361338
0.012788256409973525
-3.257841457818614
3.779273318191068
0.33575754549580483
-0.6083769749952842
1.5936609963065014
-0.8521123558202769
0.8474156718493957
-1.8364356604501544
-0.7952261527640287
2.2381266953135617
-0.19112922703798046
1.1562593343829877
0.3977227951089818
0.17433974263316032
0.9682293817473132
-0.8373743302891438
0.9262340268226132
-1.6366049128745226
