49.42511863389204
-61.606996768098305
-17.205641340478756
-15.870813396736672
-10.090496055504993
2.0310206456419535
-0.9648749604088694
-2.1968567498258347
-0.023820436206711273
0.2939972197845287
-0.3087977401777775
-0.2769499382293677
-0.002244475295995356
-0.17576908034846012
-0.6266165537515757
-0.7221227376727418
-0.5810127081771681
0.8543826936383163
0.47732435398186107
0.1339175510969418
0.016354802736310237
0.6509396648092691
-0.4329157592691998
-0.6721727469769028
0.769940166239268
-0.3815409667263104
-0.33302375334116696
-0.3296163652581117
-0.10574060804937463
0.13859937564940644
0.7225569887065013
-0.2217149021749309
0.48081835991918775
0.18332084748533953
0.029650709904667925
-0.1677849183114313
0.04815586252872539
0.16640269206575303
0.32248751904162587
0.1653177028046536
1.080293689677175
0.3000843933770804
-0.19536875550666316
-0.4424484289729367
-0.23328258767263693
-0.47507656168917545
-0.36605272937913313
-0.1590014117656615
0.6161141538728672
-0.3877720632063441
-0.3619555056621161
0.0944330360896016
-0.1946802322342065
0.307279383122756
-0.06420308658764068
0.19725526181819186
0.13089330166061944
-0.20917781840790795
0.532583220583575
0.1007923532162696
0.17779077052460718
-0.3704554163296153
-0.19246325754691626
0.27214526954559376
-0.09617030119783386
0.22012151271288144
0.2602346306646418
-0.08907192400961933
-0.10519294100729215
-0.1902012326792575
-0.11953285862468876
0.45209982736639237
-0.18181781580697282
-0.030593460782685725
-0.45904042252205857
-0.08675709315416591
-0.2058586161216477
-0.03970573615877016
0.10298404667873592
-0.0843851369871015
0.16344071414020225
0.019733681458063757
0.1232586216408541
-0.05476561057952212
-0.027536668388546532
0.06260312812232105
0.019429222618093305
-0.12540081212235932
-0.040351561127990376
-0.021182975562684475
0.13795603107919974
0.5408467475423167
-0.22208087076578092
-0.06948996482836473
-0.3854255379642787
0.4912748108882494
-0.10092691621220165
0.5771195467741687
0.33937226537018794
0.25494584817331456
0.1300771194682445
-0.042526314219784984
0.38350298567014557
0.14598448093965344
0.027097215271172634
-0.11290805649029123
-0.18104103169944258
-0.2365856088426904
0.062123090339802005
0.09275090564100974
0.19819083749411223
-0.17930912192705273
0.08397839523785208
0.5652521240926659
-0.00585980223240451
0.28764621875291124
-0.18946600496648336
-0.5139159940607817
0.23489130568557418
0.30959297406644815
-0.008083681194234915
-0.06762921773665821
0.05257700352782947
0.12377203253008184
-0.24170917358682925
-0.06349966320158175
-0.07564681035503187
-0.09873615423958793
