29.296208798715195
-63.782405141376536
-25.39073949054378
-9.866764779568737
-7.45230487510626
1.5585126214215634
3.0480634309105703
-2.7332793651856004
-1.4746525708762097
1.3310309422436353
-4.852070385157866
-6.551055851403456
0.4831912117510371
-1.0067197841023543
1.2124707691400842
-6.16597710193683
-4.482328534649923
-0.3691160035320604
-0.8440738691481894
2.3847691542569462
4.117707574783413
-1.6065873541545637
0.016411724796118687
-0.18000532777580908
3.4272609878624554
-0.6626139054137011
-1.9916700278061852
-2.6842336790400676
-0.3645274285269062
-2.3544039154469205
-0.052828030064479545
-0.1903186307860958
1.5337190415807183
-2.272815335400421
2.505444717465114
-2.206015036419033
0.11287775415630662
-0.9835855452241553
0.3472019612625531
1.3287867028272358
-0.2619141053656915
-1.3143830348853711
-1.6746051148165852
1.363070744749042
1.2280270163084628
1.53943922112828
0.16295977011049018
-1.1604720649093436
4.404146618039078
-4.131063371205848
-0.5542653328304425
-2.244036913737053
-1.9813928838992925
-0.6696224113178217
-1.0763744645008009
-1.8015556312007266
-1.7063043044180066
-1.9521188619501775
-1.8960890169966034
-0.3701384271874537
-0.7721703338738446
0.08216562785357984
0.36896524183533586
0.6190702405736584
1.9455483022594025
-0.4353525414873978
-3.0389491830993616
1.4907023325592146
0.34957054593506254
-0.11574517321848249
0.4108163494570576
-2.323076290523193
-1.8853061464307077
1.205471505634699
-0.2388193690504932
-0.4658497731910474
-0.7109151218705648
-0.15843944001129082
1.2518337927707943
-1.717869240854817
0.1617356490621941
-3.8739867513327138
-1.1625656455445088
-0.7913849642826593
1.3710747123192621
-0.16342323784039126
4.700830780040913
1.4673431997625106
-2.651523756980186
1.3066881141867819
-1.533297697426419
-3.6635978688560047
1.8512201591273072
1.2528627928891278
-1.8628832575344958
1.7716256284545482
-0.7020254242870568
-0.42937357271406007
0.02206650929980844
-1.1035731113733553
-1.2480358275754002
0.2523463472006083
-2.1571780858977743
-0.7775160610303978
-0.12704450812816787
2.2987721259319795
-0.3729476244625265
0.47184885568410173
1.5280079635768
-2.063005579372251
0.15511054039501723
-0.14488317678856238
-0.2792218703459712
1.645433365117629
1.0430277457035755
0.5684723352291357
-0.42480859392706155
1.2994807744408359
0.7680495684964558
-0.9300568981852685
1.1984705214435245
2.9211613858014935
0.5309308277537022
0.3524236866293048
-1.3093761314589243
0.29859673863747976
-0.16746886842685116
0.750038004300328
