15.776303532115513
-54.591081660217235
-22.80342784494144
10.57033830935423
-1.6478596427308505
-9.400297688429996
-2.015469766533572
-0.5875275424122651
0.6202992872150436
-0.47808870165084905
0.2146706291409487
0.06692463384714395
0.0671513563546238
-0.2731817610713704
0.07253568853822548
-0.3553476687421435
0.08917618019958479
0.12236299286913568
-0.2685798617403843
0.05038117541643436
-0.13217948220467352
-0.08243186872778259
0.10594845867980372
-0.08606623543279371
0.3117295755543632
0.24774174340082938
0.011982835371808345
0.3886264528215784
-0.20260060496018673
-0.16430135741355106
-0.25907531509406945
0.056008385846107255
0.04363807569956432
-0.28477613560429005
-0.19313247413150592
-0.3796283847638223
0.09362787473937761
-0.2512573952364228
0.29092019344939435
0.15483821523077138
0.1478105876115388
-0.12093066268365421
-0.2693053720125372
-0.14862868420058517
-0.30799886901057816
-0.08868853506980556
0.14739639323547435
0.22550630370177036
0.03518937680941178
0.11872296632143775
-0.08788896985068047
0.00480548740850073
-0.15917950356676625
-0.23242760185078082
-0.38595418043855145
0.4893539434101501
-0.08967100468392575
0.012869299086551364
0.22431306284029634
-0.1425895799077984
0.17552778898517657
-0.039978669621301796
0.16268753627346638
0.02685503918715588
-0.2177021644757903
-0.05069787459069068
0.03247049831220755
0.2875302465566661
-0.09231563570784851
-0.27023232081134185
0.30203099138443124
-0.4414100411303172
0.30305838090572557
-0.24007152966219483
0.19156814919546655
-0.091364967388489
0.1938410306445253
0.2504967496448525
-0.320079231756038
0.13819905614367461
-0.022626108669455296
-0.16786118206756104
0.18689515414328683
0.32578912986452746
-0.011410550659819857
0.16353661917313167
-0.1713112611298087
0.07956366334833312
-0.10193958123166538
-0.18886941205665078
-0.17119529912684484
-0.4246032813048194
0.13198983682087073
0.054549266063341526
0.18264820017970304
0.17097507559238256
0.15657190104407065
-0.12595360464302013
-0.029136318880929934
-0.14400946462583852
0.17133736330246482
-0.11785729092395511
-0.17945151953670882
0.20882414365521043
0.048956005031231195
0.3009536132873172
-0.10173975064514186
-0.1804539492461367
0.15598938741306997
-0.22915230887649962
0.1621006497097005
-0.2554586984169399
-0.27097328698952716
0.16268026635823024
0.07217537495311119
-0.13749140909549978
-0.04500709318846498
0.11824089726815902
0.1322675150239898
-0.2476178008059745
0.08414970196148261
-0.15984440966367736
-0.0575942385063513
0.02423038153656361
0.05182642815753598
-0.36225448847557484
0.07860997610811597
0.07916877228573722
