-47.171817435147055
-1.3204798041532664
46.828113253140295
6.044792813008872
8.997006367720978
-0.007886978544906942
3.083036686696645
3.024942772052769
-1.3048629638321707
-3.09271331449026
0.16760940403888752
-4.0086305621938125
0.7782038408708375
1.8499446730104114
2.2090168833323602
0.7534639085844619
1.869302147799642
2.284065357427855
1.775154578366939
0.6622968407077328
-1.662157909440567
0.9794394541912678
-1.253299982034975
0.07839031362090818
0.643800382316909
-2.620091726336429
-2.605411252835254
1.8129084300426597
-2.304505731174299
0.3604829211138082
-0.5105127073989763
-1.1744044738935062
-0.1730938828798958
-0.4808498591607825
-0.47992492988874114
-1.4967016541895866
1.6623979599285728
0.9780084872577098
0.5109198071563622
-0.5333803020035504
-1.662733678953881
1.2844901986925379
-2.0440755456386555
-1.758189987299537
0.19566986284494403
0.3685841640992922
0.9268450645964312
1.9985616623524487
0.8649983239894397
2.692773861156677
-0.7128658945803957
0.7535107081847248
-2.8252376152648337
-0.003943027654382869
-1.1980055380457344
-0.4835368759495128
-1.4263358462301878
-0.538319574091528
-1.3123373409897314
0.09961674351671723
-1.146184390538134
0.4222313076152435
1.4958675976899185
0.4125860572228295
1.1138561960792872
-0.9913895288771947
1.6397255961759807
1.1980507292865954
-0.9018025311778668
-1.371392940829565
-0.48984329190567455
-0.22582423699188697
1.6167217746638607
1.6624999408093029
0.3670080725582623
-0.3267389530850837
1.248656909314152
0.7064145458605389
-0.7901603158630847
-1.4000078304903378
-0.9722389300607024
-0.47348669945835575
-0.3811943244283978
-0.1654944864301308
0.49827919214608213
0.13452767831817491
0.47304989521269114
0.5981197472878765
0.4283140784815036
-0.6260895702048092
-0.3064490248898214
-0.003752485188319655
0.5356067749796599
0.5318926200592706
-0.9193995388620461
0.5474980393474189
-0.9903143251860785
-1.031113520112587
-1.237287480567947
2.7582000735570036
0.6368223320005366
0.7661370380672019
0.15945319750433237
2.168004125888901
-0.16759141527182164
0.7285172094450314
1.001254061836059
-0.5093617434837793
-0.41061731907955273
-0.6306071183105859
-0.7689551215558404
-0.9841106445107779
-1.1120712904010477
1.123480256184074
-2.35260359149178
-2.3918224536843256
-0.5863143920866716
-0.5670269878186033
-0.18905261628526077
2.7054264248380107
-1.7601242810313011
2.8576239733443005
0.7671345674933467
0.10107139125806439
0.21182383983958014
0.6055413591954516
-0.8063704575657584
0.17925225901987707
