-47.48415439994623
-27.748995300706227
-20.029295162419345
-7.659677190536063
-0.35906647132969755
4.278586410751973
-1.5098260431773984
-0.1238474987449433
1.2543754411126409
0.05982383431573418
-0.770398099061973
2.000316796405717
1.9372330103746567
-0.10424873919123967
0.014518364046693544
-0.43774825421299235
-0.45621896002445256
1.159287474965989
1.0695209765324432
-0.6200797188423124
0.5697857182808651
-0.5474903173675089
0.40084197697646573
-0.8167259598354157
-0.5670041563733232
-0.27293920649339054
-0.2524021192977095
0.2831751977896763
-0.4303516475213346
0.508850927132254
0.38791033429884014
0.1322303000102601
0.28756849054944794
-0.02866059875857932
0.35096829522041256
0.1628995274067585
0.010703845063335524
-0.038606807463281684
-0.07673657005480676
-0.11236508680451326
-0.6504277123636648
-0.17223118896445055
-0.11879817190759753
0.17706899465371484
-0.16565842172579076
-0.16646200064436614
0.27396537119074216
0.29662662918954474
0.2043181982882801
0.2083727179343423
0.2360797818021776
0.13140936376657
0.08165289297134111
-0.22634943621261738
0.10515523225427859
-0.2854290981124221
0.14005950829490324
0.4066465497062133
0.013989395976761323
0.01916058034772155
-0.18237037153107943
-0.003020275395041294
-0.2157625454318287
-0.32387463137824113
0.052583979422294
-0.06784497018446334
0.08253563730576612
-0.15810988892070812
0.07797102371113787
-0.019836711011415598
-0.20632020126528455
0.3980083658314408
0.08893172477974268
-0.12504724273738957
-0.047992454691264966
-0.346786541658996
0.03677156831849553
0.3904509972415772
-0.11357887151850829
-0.13814402940393544
-0.05245740512053281
0.21322278802581754
0.1373058863327617
-0.37454939493678063
0.27877765260868337
-0.0960373472176505
0.10514177362798124
-0.10294351931763693
-0.03933534222065215
-0.28515287812445933
-0.1489803271471103
-0.10471275347035935
0.27040896192064934
0.07066149950158597
-0.05327741848807336
0.2537315820066518
0.3233200925471685
0.07331946455701549
0.017398604158762765
-0.17043354028751836
-0.024094965876170486
0.026150307536821953
-0.12195019246006979
-0.25454207135735046
0.06873955001541651
0.09358026477977939
-0.21912720255316195
-0.11665312771713922
-0.05328477932736258
0.23991597977861126
0.016920383110577863
-0.4709050204202038
0.29741202058183713
-0.2947768031014054
-0.1724368600388918
-0.077554812732539
-0.28450362575129184
0.08896136615331739
-0.1683678554835945
-0.014313344383015066
0.24302737463139018
-0.007856710139429846
-0.007169338400531702
-0.16187012594067285
0.07820300389880672
-0.11137378533842343
0.06550503367517448
0.2376694673998207
