5.123363543437219
73.08798738310567
-40.632932590487684
13.970093275972033
5.882728257818235
-3.1855889170608185
-1.0472207712831798
1.0357909032237567
0.39959593779998415
-0.38236217137017653
-2.5765562906127037
-2.7067367561703124
1.9031387102135988
-1.6369042476568396
-3.0051109256549524
3.074945342164333
-0.5225389021816624
-1.5040268759877322
-0.07176508982302296
0.3803361520660412
1.610574007631823
1.069370410335823
1.2634698073333261
2.2372623455564726
1.6908310259909076
0.5836153854912138
0.048428557044850495
0.11867053657038765
1.2870401862015979
-0.16901977835647197
0.24541135743389042
-0.15174971062398754
0.40582515234441435
0.8266129138598293
1.135904699167126
-1.0321024175631106
0.24898526135291654
0.6832132071581981
-1.12041065216803
-2.1617331203708137
-0.18821555864045755
-1.1524617448684014
0.7376160508742691
0.27155212344901425
0.0950874994000655
0.7310191770172343
0.4112449621746249
0.10204932907274258
-0.48130742977539215
-1.5161233265426448
-2.244710753921724
0.33558290974128535
-0.12224360987787716
-1.3942137401424335
0.6200415910626255
-1.0155350503959115
0.7930505762370643
-0.0037076504277498284
-1.2165933131384896
-0.09269205909039288
0.3472332908940598
-1.9181131526286601
-0.6730711208081237
0.236698415192222
-0.4874277099003854
0.7811511693305206
-0.5081740010325837
-0.39923974389458106
-0.3929600810452053
0.48707722722208935
0.006133245755544886
-0.5939120388058231
-0.04605790561615293
1.3332904346694612
-0.11847323965632095
-1.040851557436576
1.3851707057044231
-0.05150436915967728
0.07634343522102949
0.06599643877803313
0.4966366403265479
-0.07223113772132256
-0.3857355352377739
0.3636919493480203
-1.2868892887025671
0.19327282182033606
0.07017198698594955
-0.5287694711437203
0.6845135391071346
0.43344859507308814
1.0650631270375681
-0.29372057028533893
0.88687670717186
0.8245662584481233
-0.9062908826027966
1.157230543079458
-0.6435994082140781
0.10407257054278804
-0.4612269251613801
0.5556087907333893
0.6320628211205421
-0.9982986132464258
0.11127799772267276
-0.003215363421449284
0.07108190947333187
-1.4425423737502685
-0.14794014315244083
0.1518537941641835
-0.19655170104640005
0.4184605041114864
0.7813724041860831
-1.744355208317046
-0.7440647111593122
0.853153069638016
0.4311848081939016
-0.8024490736601049
-0.8201329783852161
-1.1027047132693628
1.0336788232248297
-0.06709180343467554
-0.1916348307632981
-0.15463939742051852
0.49946037631538565
0.03719677515211723
0.8433572800136657
-0.010903316712906758
0.03570416911689159
0.5930549177457649
