-26.01439290219896
0.24016281347307225
56.91064321318432
-12.42815984643838
-7.259501881948721
0.3088934370338208
-0.4788899475252977
-2.679365919012558
0.8143980210372045
-0.3152263759960127
-0.21046750412046572
1.7610246474981999
0.7247195044999069
-1.4094197873530683
0.05310585208802643
0.6540063322132306
-1.19398459138282
0.813479500578979
-0.13971713079734027
-0.4128335205849687
0.14298911160463687
-1.9771787142331114
0.987722679240859
1.0315971540677173
-1.5709226927589408
-0.22711886936516132
1.8573081073064786
-1.3261294991685322
0.23595183286757732
0.5363123681750434
1.119413212336233
-0.6711990780532656
-1.0984057800205498
-2.0333996131914085
-1.032059348013241
-0.2838411977642054
0.3704578103626837
0.4397238788119474
0.4073158442837569
-0.6575564889700701
-1.2805352138884254
0.2748019855251185
0.521919293031091
-0.26823429942655164
-0.162651272023368
-0.38767936640280587
-0.6256674938606668
0.4944854340567193
1.5962761440593334
-0.9051529991926802
0.9214435701639989
0.4180981716373926
0.00399312036692151
1.138449814505693
0.3972785260864083
-1.5543353437966734
-1.1137661355563606
-0.8931222470060354
-2.484876632102147
1.0852430824826664
-0.846371070685346
1.4441135618369885
-0.7554922577597796
-2.1699544670764968
-1.910882814656212
-0.240639149771189
-0.4162579521927553
0.06787473484534068
-0.4577578783168738
0.49448101123059834
1.2366487955255163
1.0204433845099379
0.12097220606414259
0.2279789820094108
-0.4696344914935266
-1.1150893143040908
0.21338634742186305
-0.11419620448292375
0.13759874005853256
-1.291000376211413
-0.21315271775483047
0.9598921645831588
-0.09922840267164228
0.552968174679616
-0.9161911861523735
-1.0995408677791505
-0.3546703763382666
1.9292027255734445
1.7025867154147285
1.0076125878657651
1.5023236927471149
1.633502290576516
-0.6441109431305676
-0.7337344931980769
0.31079183495641055
-0.3630637996158067
-0.571056347736762
0.7080212042147808
0.6436729037761844
0.8010135858282654
0.08323979511926002
-1.1376718257092449
0.23116028313993658
0.22055017279401326
-0.06576232608278601
-0.9199697772093736
1.112741700759764
-0.7369971538080269
-2.0347494210585575
0.02878949801556074
1.510210036480142
-1.5018211776807213
0.03630790537653597
-1.0074218661660639
0.5727442841838414
-1.0505695388526257
-0.23130516880229485
-1.0883225639305165
0.4616520510347712
1.0024229867193406
-0.3690226409307374
-2.0388632328078407
1.2550281184972554
-0.5298437557994399
-0.25399272712861165
-0.5777834960907431
0.23618380300517153
0.6952640345538383
