15.507750109659435
87.97994929862698
24.14033153446538
9.583372249617714
-4.223593456936678
3.8319413238374134
0.16741329684156836
-6.109131609766811
16.500571442392932
-2.6629818508492615
4.515327896608814
-2.165285793018512
0.8569177798933401
0.7054100167543682
-0.8147474914602502
3.472844768151549
-2.109490708933137
-0.18686787196269822
-3.327616089143633
5.906294919149505
0.46864886255573296
1.081298427570947
0.8153405072907642
-3.702687973133697
-1.926745121313769
-4.764428376959484
1.774994359710848
-1.1106298823899419
-2.3516924643597212
-0.05138011841115781
-5.035361730235974
-0.234005179444384
-3.1614653323752973
-1.6181909422022842
6.640349046079192
-2.1588430014530937
-3.3577443477683033
-2.9968940147199494
-1.2761861562197603
-2.6825141310115694
-1.8193908470851197
-2.8223931193625407
-3.2939721841434166
-0.931423162388171
1.4396031314304556
0.6513479980269063
-0.3957774598642484
0.3333150082539015
0.5775084862654416
2.863392457427517
4.416312383325053
-0.042486694850218054
0.05946409851022033
1.981994800230156
2.0964764064335744
0.731521308962001
-0.34023005705166626
3.0081755174212232
1.0769805969540927
-4.225259603668253
3.378480246431015
-0.7675282797649857
3.102252860606937
-2.0332408467298704
1.5679303204880137
3.9931646862130186
-2.4156868348841334
-0.9069746298625811
3.544695608542874
1.0360646192591716
-1.8056637302247205
-1.3253448146703048
5.833411204987141
-0.9901257569126762
-1.5111263091924119
-3.3832473636952676
0.1739430882723077
-2.073679204927151
0.8305287378478571
-1.56834547550761
1.6532387502490695
-1.6015895709473127
3.036897289912395
1.70139002277981
1.476953131476635
3.8346428924941716
2.9274162313225167
-0.692468484187476
0.6688695382751998
-1.8092212019352503
0.9810581311129016
5.01434070153239
2.239401696073
-2.2288340086782825
1.8078902526657876
-1.0063893664950938
2.6158709747175575
-0.7007331016253723
0.7437416638871087
5.757735572556726
3.1877202242370606
-0.6097760053907344
-1.2434073105302181
-1.9352803779932441
1.4817014557118449
5.665101123432351
-1.0522724361932863
-1.5979811590201478
-0.5081154817122177
-0.15431590068649137
-1.817391123713464
-1.0621894246491135
3.417853077353879
-1.5170231549083135
0.0009161028512738312
1.011144535748834
2.197287484784394
-1.3050637977677926
0.7991910342310089
-0.020963896976773255
2.9863712858060594
1.167149653198395
0.12947329533354351
-3.87512484470747
1.2094233970798913
0.43595295978897625
0.39675058647191497
-0.5941295925869868
