15.780877341168381
-54.391852380189924
-22.21969686295161
-13.187599339169052
-7.324959310687903
0.9762593906357373
-0.9472311983532374
-0.8660539612381067
-0.06875060007609925
-0.2311348072984607
0.5805605955796833
0.046592264911434034
-0.3950899279012332
-0.002477269205969107
0.018288435996923966
0.3624694194679259
0.17441717221583564
-0.31844343485103505
0.1649263845149963
-0.34983227424263913
-0.5243632085571216
-0.38046335051866476
0.2142450607060236
-0.6181160873779492
0.4885382184555503
0.24064418466523865
-0.1350138132337184
-0.05488781687491259
0.09532284495670255
0.4834226582400991
0.010550907498950421
0.258133003033215
-0.21903124210137176
0.05746296398001499
-0.05129524387733998
0.33293236879728777
0.44666799113564043
0.5599994591989772
0.04915028541628352
0.2218838949100921
0.004850881640459617
0.029570705279644144
-0.11111631951336853
-0.002283895400100877
-0.06645529515544887
-0.024861308981132146
-0.31882880405574765
0.15065163432242656
0.2829146404276402
0.04167143730532541
-0.3013554627173335
0.22229444859717845
-0.42009928578029765
-0.201749996892727
-0.09128329874130538
-0.6014949737902133
0.3708635579228044
0.233449424569256
-0.036756926191803874
0.12889633483061236
-0.23666177021422502
0.050664435925030615
-0.03309672692153304
0.02610537524419186
0.30350938614205436
0.3134710516067339
-0.5542403810793681
-0.5193978966294058
0.47590037027374976
-0.17375274969236884
-0.025393343816836354
-0.2938406913739605
-0.22623118826039484
-0.2323026497417889
-0.5733007545490816
0.1370694512782183
0.10313381224659768
0.31501243617800595
-0.2392389488896403
-0.16780751815740486
0.19252255735429047
-0.049973232309277554
-0.3452408270597025
-0.08630804470845574
0.29443345346741184
-0.07469678871827737
-0.20231776381324124
0.1959833283943778
-0.01342709504557471
0.20319603315976123
0.432941472428745
0.2327987042452797
0.031117311177476313
-0.06565225552795158
0.5494251322643259
0.022207300100132287
-0.23605342613215127
-0.5840503102918071
-0.1574414480493642
-0.09769554742863575
0.013395859766936385
0.09603161264294703
0.28170579637389764
0.34950355449234727
0.023087217150691113
-0.18852752174928883
-0.35444036323069916
-0.576843949459028
0.049499070540037556
-0.14489274680722056
-0.015163385676208826
-0.17533180294092754
0.03828356244937425
-0.03485630925755137
0.09221412037872831
0.27424891743716934
-0.34094798538337623
0.09305381850717086
0.20614299097943964
0.05405043309315222
-0.18149030518077136
0.04416328250736801
0.07365007913872806
0.17963142016931333
-0.07797751556801781
-0.25689679643536933
-0.0037162204267494415
-0.07883425027635049
