-44.874586249079066
-0.5689910537597325
-7.964576675106871
-13.21320821007912
-7.385765574220608
0.11115320119253734
-1.5575528962902034
-0.3105692790556663
-0.7339699774483834
-0.12240040779804531
-0.1953795856414343
-0.0015264153577348172
0.16716193109800667
-0.45099931406910754
-0.33564036390473884
0.4009548196520327
0.32752428944221157
-0.08465280012250563
-0.4433625592443742
-0.45649565061063035
-0.025847460804968872
-0.031720087171560704
0.2623531121358691
-0.1662475538197643
0.14844347340024108
-0.05762948755344556
-0.16619240240777727
0.039351137743300686
0.18480877289299347
-0.17134037659712248
0.11801345886732886
0.05132684792680768
0.020143260249785813
0.23724025233249374
0.05553462892136443
-0.011833100723756318
-0.19627133902895266
-0.2515606768007886
0.41151012909840734
0.054121026314988024
-0.09540611573153907
0.1655091290075055
0.26229698023048253
0.3127034386922016
0.12699962725173994
0.11837682917906583
-0.1386030115689455
0.05578058903616484
0.2522244482753695
0.10747832470378021
-0.1435617892261818
0.2669952682681917
-0.027753944711127576
0.02574339833396068
-0.022637724300479417
0.019162156308958886
0.18312493320000545
0.08828419538943896
-0.13335352504902784
-0.004950312163596319
-0.08591658478745762
-0.33755938737662883
0.13811310836655968
-0.07838862645449929
0.21387598608907105
0.26759491685662407
0.11781194795412304
-0.1600266611897337
-0.010084157536515731
-0.2588585576302158
-0.016615498197874792
0.11490891713401659
0.07674865887078386
0.0349161032527132
0.08032781279808411
-0.00789454222834965
0.03685596447338572
0.14404653840971532
-0.012666911570316242
0.1977891422699489
-0.08381370589524037
0.25181335067984156
-0.22248783490253984
-0.10175865968776125
-0.07354959985556968
0.3414283724005996
0.13029871028914297
-0.1432630807939142
0.02374741843467438
-0.03138811149363917
-0.12678902874077305
0.045580780226189735
-0.1591099178215174
0.040695071098230784
0.15283843648586248
0.1227042485049011
0.0854833197288036
0.10153897703441703
-0.12330652271014372
0.14154677132668256
0.0006424695217232684
-0.029083716515120414
0.03988544567107086
-0.03285960492333589
-0.018853152245602654
-0.0632337788464826
-0.10699825691537115
0.04076322213423572
-0.40642343573833345
0.09795727906129031
-0.012277299495921212
0.19449347192994676
0.093839764377386
0.08041237119479781
-0.009058412966351077
0.013575048918530794
-0.07509822069178204
-0.07830587483482249
0.0033088256248364444
-0.10418657599497462
0.053130643810908394
0.013995605745169518
0.023697958625982497
-0.12993626835482314
0.04000408350293855
-0.03837285241392524
-0.0833858948604425
-0.06434555476696115
