-43.91408268047926
-2.266384469994584
-8.584974160848102
-8.745789911323746
2.0185826379209533
2.503135257284096
-7.082507345319125
5.44007890458398
-1.6696917449886852
1.3017403391635494
1.703261081639273
-0.523932985837358
1.329000623239266
4.928817249122067
-3.912375541884401
1.0854411389099476
-2.074370208169378
1.9089952342933434
3.1724470843305648
-2.3231858876392257
-0.8970776001485452
-0.922610081715151
-0.6033322991461024
-1.3717189698150964
-0.6362038398419972
4.525256185538952
1.7640125901627972
0.905945431761952
5.679958385723448
-0.7954103817284628
-4.027342622152971
-1.7485333945496122
0.6097466464159573
1.607185841616821
0.3705760480098363
-4.430467679367949
-4.601269263038252
-1.0737844682032234
1.927777044502548
-4.569039503764358
-0.0605981512934578
-1.4033583609546822
-1.5052770506637994
-0.8715800212455238
-1.953334303598718
-0.48478052388061976
-1.6355048091108049
3.865337168834913
1.0347732896745865
-3.4614379891470093
1.3773955134662832
-4.255455503886364
-7.25576694411032
2.665820678052644
-1.6134570788827822
-0.6715251812976136
-1.4108921316856515
2.5299506747752996
5.419664132273747
1.034247141777535
1.5629291156290108
-2.4336267589703438
4.356812442622118
-2.0176588769991888
0.1765081878625701
3.134842932741936
1.333547881163671
-0.9679634656886077
-3.321370720148535
0.332127447944701
1.0204773710166464
1.346244021375026
2.4228971053471224
0.8220399480118845
1.0262556056352592
-1.0923857940617074
-2.013211986078864
-2.3095766013072954
0.4891594437362848
1.6675181731036375
3.8613166865062936
-0.23075201673189696
-2.093190319568644
1.2997663983876568
0.44877701179376756
-0.1700819591008143
3.5656754765089187
0.7414192627377155
0.20524995518640496
-0.8251982787776344
3.2685209671023934
1.2464594894457477
-0.42021298053558553
-1.3328464033541683
-0.7935998594048052
4.065717804887126
0.8345573092608931
0.3944061655116965
4.498818381209694
3.866834673797315
-1.798544325858726
0.13436057947404462
0.37707641797564667
0.534607399937729
1.0329742290872799
-1.1831681740749989
-1.3346329841307025
0.5849624226133279
-1.5452036288849766
-0.9479151839103414
0.3218229912172312
-0.46311260496364104
-2.6865416748763695
0.6715509275599766
1.9669023926219662
-0.349262735617463
-1.2710678653720566
0.343442451018178
-1.5895087407265662
-3.6557230355245527
-2.784673276741812
0.7178810625558351
-0.9755239152936533
-1.6868912374978033
0.29976892206046646
0.08804605901451065
-1.881304813859316
-0.4633682704900587
