37.079992311720275
-54.1403528507643
-8.249453871749516
7.331569988874122
2.3188088975374495
5.599149594120872
-1.5138388617150371
-4.92081354841872
1.9344650617894419
-6.182267821354551
-0.08193002827438217
-3.0874255983077306
1.647959211404421
2.5621712020604934
5.086472382326871
0.897035180569998
-0.7893576480858626
5.564523979923534
-1.138297644735274
-2.8675018588350127
-2.9646840784655937
1.9342713489179135
3.5678233357076956
4.150714318661084
-0.8881952812956917
-3.187222725234192
5.621928813783093
2.4503463104423915
0.22998329258053887
-1.1862691495070559
-0.032738905130760526
2.925418004779579
0.7746822430670459
0.25728763966299273
0.13252421174502338
1.7615029704248122
-0.6084914502240771
0.8088332275627026
7.209115365271896
-3.0896217032649895
3.297436107971882
-3.2293079376756966
-0.9008637188166106
-4.4570766583522134
-0.4197414129052561
2.341507409926395
-0.1319971712640168
1.0172597283016014
3.8448399641132918
-2.8873874599736182
1.6271158490590139
1.3248600038795764
-1.7781326098422263
-0.9038930732949508
1.8393023853814627
1.1229528765226284
2.2733481989507798
-2.5649787522228253
-2.546300532985185
2.0651714479163643
2.733468246850369
3.119701533473598
1.8469150902450857
0.1384693801224187
-0.26504482305328597
1.5648568368164804
1.6314778817618856
3.2728535323527366
-2.539669696510308
-2.7042137427996997
-0.08907780635284623
-0.4565608714441165
-2.9913450436752456
-0.5677288156134852
-1.3259130016800393
-4.850481639563196
0.9819306714558671
3.6580068286732144
2.194444236014147
1.7857657325718719
-2.0151339235527534
-2.122093797599531
-1.549859893050851
-1.2316713430981596
-1.1004344263761423
5.855609140548404
0.5450083994777926
1.0315524576587463
-4.221079549087907
1.9281165110378171
-1.484066354263332
0.8770858135328238
-0.7444023200331075
1.4869773213932589
-2.165184764484066
-3.0795683031019494
-1.3023992690310804
-1.645411644578041
0.11262125913114554
-1.260933856643639
0.3648078610496128
0.8627139461874912
0.2802152636479315
-0.3999989448237966
0.41846024809239796
0.3461299591436343
-2.866300409006227
3.534693770774184
0.41911245684061393
-1.5481580244695239
0.10318949123729224
1.7735039308622194
4.328272417802098
0.869545469493619
0.5800586915036494
0.78705100568768
-0.9938390402316211
1.336323158919158
-0.1797843813348015
-0.337142826922212
-2.870118895479899
-1.586544430478953
-0.2489153867996707
2.3670383033686018
0.3545567248865002
-0.906259906992277
2.9430029056239593
1.1368314511288098
