-45.060062131263
-0.21022854349407896
-7.558051725401024
12.356085876655778
0.06834050815315645
-8.052038866994831
-1.7858180427293078
-0.8622636050034076
-0.08260018236240659
0.15637676563328123
-0.3451104135208371
0.45560220703842297
0.22723984769160516
0.2305831870291516
-0.7189982899690125
-0.16631493307987166
-0.5238824352912246
0.428140962064447
-0.29572916251461895
0.15247989101912401
-0.3310550402241791
0.01701838109427685
-0.14168402138458142
0.3153782159810535
0.000620426485525509
-0.446231821348005
0.34433163038188497
0.18440555253453975
-0.037791440436182586
-0.09395642451597068
-0.29517761351961996
-0.1850216980811088
-0.11650559051733281
-0.00948848093543546
0.02384913020130322
-0.2748131277655731
0.05145361094506587
-0.04349385127140817
-0.13492555651756422
-0.08823676965228419
0.33028678509426124
0.052519847886959986
-0.1745277200118532
-0.14222156012678086
0.010069740456665838
-0.081863912374133
0.03033505935229778
-0.1896428711188583
0.09357600430770856
-0.10292437139327103
-0.35471825715350813
-0.16401000220316314
-0.07522790527182525
-0.08891610883329316
0.29740325562785874
-0.024579063755306416
0.3884077788659746
0.2939903688015574
0.07385143584194655
-0.05403725811222497
-0.12512625731164184
-0.1998786857356703
0.33531553490265265
0.10702969381175122
0.1370542747690051
0.05468432767752698
-0.22405625338330337
0.21787376954166343
0.2353034248536571
-0.009938149600772071
0.0773367143730391
-0.01923366136139227
0.15079438928554215
-0.11225365767443934
0.3779464935152559
-0.002076465881330619
0.11218774722236884
0.04230381564130574
-0.2944165443323154
-0.32674127712341877
-0.4232505572672337
0.136917681483493
0.06344505535290818
-0.23152632138138712
0.2511482462012037
-0.3361915135703555
-0.27494650463722703
0.10033399214440786
-0.005419557261744368
-0.12446253262239619
-0.013080624457587557
-0.2609532504435147
-0.21519726247157772
-0.003906253992351283
0.1924520342752074
0.16294669845848367
-0.028546177763543484
-0.12719135306778356
-0.10037521345047304
0.09025345748351951
0.39436119131223935
-0.14740957119170936
-0.03197528286004602
-0.35965849706930364
-0.13140909002764178
0.016859805449940313
0.04616209250193842
0.0067105398662656475
-0.06400679177403253
0.11165929712987034
0.06306279897834904
-0.1468129187118321
-0.48383141915593103
0.2822261396578603
0.0216677957934412
0.029997313640503977
0.0156825061042902
0.11320102347549436
-0.31086394817756713
0.03932881500269958
-0.011972286726337586
-0.09020042820311702
-0.11896442074060809
0.04988562960837217
0.19604656257279823
-0.013033450569663096
0.0021367626641701463
-0.2600719114273729
