-41.56655664428085
-26.742804589204052
-18.21891590126287
8.991720751311762
8.176073602573753
-0.8751488970747917
3.418835113024938
1.5730046860113196
3.26678375198568
-3.2890389498626575
5.855486609721437
3.1631387539595623
5.351410114903939
1.225452272923784
7.980413893425182
0.4806014789772757
-0.7848685342349077
-1.187157488068123
-2.6472373022633033
0.7545457484704713
-1.4728865160526339
5.9497043786827355
0.15279225973587063
3.4144423129852233
3.3880981892119895
-2.930886154969258
0.8093389474962456
1.0486651109088998
2.305878050900815
4.966363778368429
-1.2347553570639516
-0.6309902381027626
0.858219376919745
1.2484445377363629
-3.3585274397002225
5.002825275611026
3.3509444020176247
-0.6865450440545232
0.9363931250093691
-0.3914633901339306
3.8674002922552826
-1.826290324005785
-0.7783427819738409
-4.249188293122236
-3.163925679668344
-0.05860539090315417
1.3982077840830869
4.653783460402952
-5.908927287598688
-2.646541559548584
0.5130730540252897
-0.730249057414911
-0.20339688268529865
-1.4536413412498956
-0.6758901941670177
-1.8116140535166165
0.6444951498570135
-1.6731125665291455
2.219893510222847
4.274502307266004
-2.8250715688985855
2.344436965966456
-1.1425693551769254
-3.6293004631057526
1.4110739941397852
-2.8106605074341955
-2.912408871139892
-0.44834530061790523
-2.631964240208447
1.5319453660870863
0.49595508177185144
2.1362396503982377
1.603154786972526
2.203671867066164
1.2325541364659112
1.4191030561426177
-3.4143107373693287
-4.193777359009613
-0.4087170958856176
1.2379663010805342
1.9257241050396845
-0.03512256817711818
-0.9228881522396847
2.0146995740042892
1.2147634591916683
-1.5028889910530565
-0.7860911891722172
-0.17108041660592332
2.332556581112987
-3.187028384069261
-1.313562480978422
1.1996272079198274
-0.06550406412945434
3.453597538873528
2.1355570663734396
-0.021145429410084432
-1.0555614109932674
1.5621452056064262
-3.227827618438484
-1.7969250748161574
1.526266995545511
0.5619758720172509
0.42823860745384623
-0.35781504823577553
2.1076854442438018
-1.0396966805432988
3.4505999147701063
1.6162291245331106
-1.8338378934110349
-4.752482268525305
0.34072229055778674
-0.08165131018853039
0.4486271195226208
-2.528288692638944
0.9699766680157441
1.4073716623309152
-2.081644764237253
-0.4706815337738731
-0.2396011284857609
-2.4476349234837063
1.9669655629916598
-0.7290555559624255
0.5117931014067723
0.2816845412266717
0.6156638671925795
0.32140189842734007
-0.49231458241043025
-0.7105152881157579
