-2.34611275933936
91.30487838574602
21.318697997539935
11.183496159346262
-2.2373048132891986
-6.741627111678531
3.390827754377165
-1.4492271719109349
-0.4463504282876688
-11.59349717004814
1.2251301095329468
-4.103478186552389
0.6831252266851495
-4.587132808806369
2.4128973752157163
-3.3541993222976823
9.514563456913619
6.055945277194651
4.522879531826792
1.2075959832191088
2.407278544326513
-2.9969272135952103
-2.1374061447701886
-1.3296357388274866
1.7656230682666658
-3.4742306971653183
7.378453989329455
0.9279550353782604
-5.072015661852851
0.6649663263009329
-0.7339375861662221
4.501667999247205
-3.0674469992416586
-0.868666147345057
4.617538375837183
4.648441377229697
-3.8691653820157557
-2.6366165508654915
2.189098463469082
-1.9403674759344096
2.0445927341388166
2.141428832082403
2.7571374269082556
2.0341390197617155
-2.3048394761655415
1.2065149581372463
-4.2824295924571425
-0.4540666161760559
-0.7061685336187381
-0.19538447359867256
2.171156254657664
3.1829133250650976
-2.10153798039917
3.6568916766446695
0.3151676967110858
-1.074276093002017
0.6266080097501182
1.9743081393284039
4.313444751838952
-1.342235040387075
-0.8462753197907041
0.8939691714692486
2.4532311757276766
-1.1279617687308716
2.3348798910767656
2.515329697802671
-0.5582582661589355
0.6428897708056257
-1.9985299253423077
2.3600828608226867
2.962800429918006
3.682070478368938
1.77661298449657
-3.2888454991577167
-2.870876026304656
-1.3332086446499507
-3.9583982283368346
-0.04167770976328192
1.1973956180412688
-0.5235314568405536
0.6541175253960917
1.5831654731406473
-1.3891475711953638
0.5816359269703868
4.17825848958358
1.4946453936807818
-0.0517776275427099
0.513023589480519
1.5379860649547257
3.077102945371111
0.3367456367415374
1.2455724943227207
1.394153160397037
1.6414781389566415
0.22979164654075496
-1.1695397679469932
0.251620472124426
-0.38208583733634105
1.2164779060893136
-0.35326226642432856
-1.897854394586918
-0.048906074558693585
-3.579393944418578
1.4903523251628377
-0.14497273854066284
-0.11576755863506044
3.5026632620623603
1.5913778594494927
-1.6439343566637625
3.5823427772324594
-2.144027053487352
-0.1940989882992838
-2.9135235543525986
-3.1254481676093158
0.5787964398302902
0.9067631618279001
-1.7927097363386166
2.5835878194002215
0.04016374073390652
0.6563060047055358
-2.195569167808684
-0.19271034924074998
-2.581563093728046
-0.8784737320499807
1.4192647627328665
1.1340974683573537
-0.5711526810696388
1.701161183285612
