38.34640169074119
-54.55464213845768
-9.932446081101967
-11.818119715938327
5.032496763964879
2.201814869813927
0.263615985598893
-5.9016445290572666
-1.5900476650977913
5.583954878247814
-5.791651242749352
1.031968206998157
3.5569078597874197
0.4566889393606106
4.898188455015734
-0.005676736617715672
-0.5668924372912788
1.0679096502635859
-3.0294028900333627
2.2296396528748645
-1.230806417740175
-0.49331061587228314
-2.682904426352449
-1.983714993997042
-1.595200917259215
0.08825154893434005
-0.07287546030581585
-1.6859924267890227
-0.8023336290233525
-1.4271485959689882
0.24727634604471757
1.3917294143556271
1.7065781292533726
1.4784727100097454
1.5641163667885116
-2.2207584460821868
0.04179437071195853
-1.8141737160979015
2.7071712345918
0.14189206780444785
-0.9541522077680533
-2.3010687412710316
-0.16953063700402085
1.209779374973101
-0.48541541543835787
-1.2712943403911527
2.684123170920616
0.7696142953613557
0.29441995386487035
-0.7908221128453614
0.46149033431152603
-0.06527396671917957
2.2276282289446288
2.332657613923483
-2.0165330909998804
0.3014606912431177
-2.7699211809776814
4.306631208483857
1.6932408121013907
-3.4349401637834545
2.688466787187814
-0.47204253003316116
0.020851183037134124
0.7559499414061408
0.5750605272155785
0.32354376291553233
-3.2911091486901114
3.3493969204670435
-2.0963109008082945
2.35375768864046
-0.9414243796028008
-2.819129994177168
-0.31355159074383493
-0.784156463686707
-1.8944100280879803
-0.24506282121492995
-0.8367448469419212
2.1244301627243796
0.6144740425811229
-0.34438775447868625
-0.48083071002639566
0.6192006600053033
-2.845591728335652
-0.4306115354113319
2.044630592557226
-1.5992470455484473
-3.4283453977264826
-0.507099758231492
1.463782527612166
3.4891703736874797
-0.7029846907954124
-0.7088774658566527
3.8762406035716204
0.575186133906028
-1.102849959931326
0.5003456910626594
-1.424276902131303
2.6453898565903198
2.34440299878859
-0.07696325639799745
1.4934195922115574
-4.196476501406225
0.6985096949226564
-1.1829816237653838
-2.1770341149052728
-0.9542319862610313
-0.6307107941098375
-2.6800902721540427
-1.4616677444447652
0.790303384595695
-0.8028571472512486
1.0228472798515498
2.22094715467737
-0.161980260179085
0.037194087105444446
-1.0950210791575845
0.25424444492747744
0.38459899006972165
-2.1433915786710087
0.03890686305419332
-0.469087878517449
0.38696413120799744
-0.7981854199787822
-0.016838449525353932
-3.6364531903679373
0.9430695218760026
-2.468028803591219
0.6677691898705321
