45.477607461536934
-61.1191704776516
-18.828420975690833
15.032505511759236
-1.1732605829606442
-7.663638203705287
-2.0365778095368223
-1.0903991081265696
1.3744752956734116
0.17583354230080173
1.6714068048036548
-0.37755437840991696
1.030609561112961
0.09544141371122727
-0.22043113738585576
1.5737893782566879
-0.21268323672505043
1.3640008270770505
-0.7744906505223078
-0.04672759432996179
0.13294112660427237
-0.7711559833323498
1.5881747724987327
-1.3129152978335001
0.22018527700886273
0.2582090072459418
-0.44996342319503346
0.8823010687945322
-0.4158503750191542
0.0016522986660287564
0.11702748092345869
-0.032784353358016716
0.08406423313101766
-0.23158821133800517
0.4121092649266991
-0.35188168698588684
-0.5273183323149973
-0.869106815157809
0.22580413832257407
0.34866790410815984
0.10787688245099303
0.39327935353364996
-0.6384803899171054
0.026630119886451115
0.06287206484883066
-0.07014463922794376
-0.3851376446514102
-1.4392493120039653
-0.7414416332408456
-0.21489835972473945
0.6894268489001717
0.271591254831401
-0.18833200916887266
0.5721487714774204
-0.6994595846050252
0.1503659138260553
0.8673680478245488
0.417127544153144
-0.3044899185300002
-0.38793173707196327
-0.13436188867118967
0.385828093127097
0.3466965894593894
-0.03676950475802829
0.3172449625518239
-0.3923349201513131
0.2765700620148681
0.14734533995666682
0.9819191062717388
0.5982342654833968
0.3796674806930235
-0.10426598293985485
-0.28555540651414946
-0.33993815911862063
-0.0354211877319183
0.4819672239475354
0.7900862764275591
-0.02944004708329641
-0.5765602325503211
1.3526021317167147
-0.8383991095419545
-0.4999332964466586
-0.058661538316981975
-0.5281210821360564
0.30336257089405844
-0.7471952963511455
0.37650667974820395
0.7926753384883917
0.394114098486788
0.7665640174274835
-0.9839749952172364
0.04844173743633323
-0.6225717296021321
0.5762063605004588
-0.49349053466271153
-0.10592875971913294
0.4407598031184692
-0.6338253444789816
-1.073855163321133
-1.0670206829127404
1.2576220729146266
-0.40092736883656305
-2.0768561810926323
0.19641729277703907
1.0009636108902906
0.1831766463248139
-0.8793109780053134
-1.7439034806960005
0.0011874278148994721
-1.1745825959144391
-0.46909501010720617
-0.9125746314102839
-0.3396170725296744
0.050805001949619864
0.21586367217238533
-0.23056752290018293
0.6252215433196995
0.09098479763544881
-0.031476364100249885
-0.688043791380023
-0.6484135525177372
-0.7305240549087133
-0.2431719303669666
-0.5870193174593645
-0.8261775543085207
0.16457864646773418
-0.24908778805813891
0.24947131443360526
