-48.61784988255348
-4.503031016796467
-9.542755865760336
-9.133676781409115
0.7337580561534465
-2.324947064440643
-0.3229887006992566
-0.32877934915281626
-0.7793337657904824
-0.5334245694370376
1.7816656167025033
0.12059266639876509
0.6350665993972533
-3.4605600789921716
1.4695592590792483
-0.061472445505442286
0.3681750611835815
0.37352048625647033
-0.72994189468841
-0.510452849969101
0.11086333786317562
-0.7850168409802549
-0.07800415684932199
-0.9692269850652797
-0.0988428423228973
-0.7169704454521759
0.27302368654788567
-0.35548939914553496
-0.4757465381239961
0.22333331117506378
-0.37552755835769713
-0.07253145077621112
-0.06795314830942192
-0.0656766147884744
0.04662212651966513
0.22415464219061207
0.10598866809987162
0.025787419190723533
-0.13193183542922446
-0.1625769100640544
0.12871649443766262
-0.17269200772023174
-0.11265897183996372
-0.5875637728990527
0.251657773327065
-0.24384557937337265
-0.10346043041014782
-0.2562716311992096
0.2493275125515185
0.15138890855832787
-0.0671236412176491
-0.11768867138860653
-0.16732050948972893
-0.5004021493947618
0.11796111169576441
-0.035239221482032845
0.1083394892593775
-0.09706224378853609
0.37590141799228
0.11000017718710318
0.5262573775451195
0.4738757415583734
0.21999175953959035
0.028269222549611173
-0.06196466195340486
-0.10040062922271849
-0.22758582045362313
-0.15824381554926018
-0.05329330254900552
-0.27762943352902514
0.16790024000069098
0.03790394259189919
0.3856897438276911
-0.34268761950435733
0.36867993057330795
0.1569358489378741
-0.2689957585903848
0.05861116785240797
0.3166825605011266
0.10699357605870133
0.0786280424964053
0.03356293137733042
0.15647253111672366
0.2632611549183173
-0.2013648816984438
0.07196726258937089
0.11955138195412766
0.052159673690743036
0.05441506067383731
0.2775559326152335
0.15959745030993913
-0.0047566666786206385
-0.17753962236237636
0.05666942456734238
0.03858168510694915
-0.3215314676995796
0.32014286603252534
0.08734130565097452
-0.16403441218451648
-0.13691054228912514
-0.223633214110572
0.11726807429391323
-0.17701921095244944
0.010111816481918615
0.03639098364874213
0.11987050403126792
-0.06476550891533063
0.165026949105952
0.22384391065530904
0.14645309139363882
-0.0762423841664322
-0.2663187340709493
-0.1539588684310244
-0.100794465666495
0.10131441870620864
0.11125152822523046
-0.025970457601378543
-0.5982474694691119
0.06861492737073646
-0.08261601620144435
0.08251817332639272
-0.22289340759647466
0.22290614009569387
-0.1328410145421468
-0.03129708417419519
0.18313579943481578
-0.051800396373953575
-0.040282997394989944
