14.58938455497674
75.67557148287221
-22.07973293767397
14.866900416919234
0.4844790112112386
7.75373262834098
-1.7918540815694053
-2.7362126532483675
-0.4085006965239068
-2.3124767904895975
-0.8147003590534941
0.0852245639773489
0.794166152162309
1.2788223290029226
-0.7954558024618452
-0.7352653936476352
-0.07872447871127594
-2.9013769637869524
1.4860017542696222
0.1564703471691194
3.051786144669518
-2.2198395697701567
-2.411211022562514
-0.05970126110666629
-1.8359903994248947
1.2232005872488931
0.2259289377877412
-2.3885230100512382
0.8357848573838769
-1.1793983440860012
0.3124253353787817
-1.2813031003576647
0.3469760036795283
-0.17621607710105303
-0.7909957404614434
-1.8095839884025064
1.1616722288607575
-1.1578665394530214
0.716824512240026
0.7021734402373492
-1.5791240923278558
0.4009509019930741
1.3574575086012626
-0.21283695020150495
-3.2545247543284175
-0.3275987114707989
-0.43990632645107264
-1.5524455680807232
-0.08948357808433417
-0.22153239438952455
0.40830725712523946
1.5990618035304187
-2.3446220898429124
2.1547679600852523
0.5747601153592069
0.1717932111591609
-1.3579467079848648
0.01627895008548566
-1.6296634684743783
1.5418617911236807
0.3658943834624723
0.33804442753595915
-0.43119077123397864
1.2644815683133224
0.1079007593331939
0.3276475510957445
0.4586666800696178
1.401419692849954
0.3812737328072316
1.4329274209266512
-0.5423197687874987
-3.0943406659844293
-0.11992214052199512
-0.05017274056972749
-0.8428337835704717
-0.7745812870404689
0.17907569820445113
-1.5452618768765451
1.3130532161100545
0.6109962952604672
0.27838644823389036
-0.6816190728566459
0.7976897400889886
0.5372579438197836
-1.4332553571681834
1.6682231989855474
1.9361712087682896
-1.5156327951627935
0.749671587014197
-1.1480918977145347
1.0216338950516415
0.5785480068875204
0.42757298788959147
-0.7528671868715167
0.7598404471196252
-0.5797219301532431
-1.6928124426459434
2.411101496264272
-1.0086989922054235
0.797737580718885
-1.8936042500183725
-1.5737772154534773
-0.012897059408880751
0.8925472935418456
-2.003805030939721
-0.20108129478033557
-1.6841036224877448
-1.9945251050934336
0.26628473702847877
-0.537563778037503
0.2912899119988971
0.38355883319631323
-0.6945415004438085
0.40991304208867724
0.5151338535180405
0.011339488834413665
-0.37012260096590244
-0.5352061521606348
2.6606901553458937
0.8961884500626014
-0.22215870691314799
1.5087803593457025
0.7430119700050098
-1.1266557665963455
0.11570088721994942
1.7708246938345775
0.4644434211095615
1.937427463060947
