56.563028914045866
-55.2010337348787
45.71661785662409
13.357869166273524
-0.19764815556516413
-6.762054116907253
0.338904337647321
3.0193498356330384
1.2300047867578017
-1.0167112930152886
3.8732412758817576
2.0055918225565446
6.687012033834188
-1.1906349906050988
-3.0966292427740862
-0.7277961163686224
3.133721384048808
1.0131670131586599
-6.418521873100974
-0.6092047512396818
-0.8119869488870229
0.2613608329366429
0.2971682134930148
-7.2290775336104565
2.447396015905193
-2.931158776478811
3.066947688239365
-3.1302436333962578
0.28175990719876143
-1.8905056208586326
-3.1597572215206884
-2.411185134423767
-3.8870969774853807
-0.14226150555207823
-4.0617954316175915
-4.76011980336798
0.4965289900566991
1.1531886911493974
-0.7371483425237011
-0.19615909647961602
-0.7288719014396151
-3.199420001835612
-0.21839896315044238
2.5140843731021603
1.7861985470024788
-0.18644148141144595
-4.057679379639935
3.7101893889518616
-1.040987170831955
-0.14087706738485148
-2.0493925727571165
-1.5172136776580587
-1.139179248648634
-0.28814777826641513
-3.8823742436533184
-2.0808709026766365
3.6266563913622982
-0.021570144682719505
-1.5572788999021085
-3.894074909268896
-0.9227957982017434
0.26049007045504835
-1.2434879971242703
-3.723715196930502
0.9597082693412112
0.026205604927216686
-3.693814142249575
-2.3290507819918798
-2.4201158509994443
2.172927048553081
-0.45844295803445473
-0.5728606220510466
-3.3657838838702285
0.4403580160189988
-1.9703874418576306
3.512440028553393
-1.0065310970374628
-2.819540006429599
-1.0776053126149852
-0.9026547193323924
-0.7310238712158994
-3.2762725323467765
-1.6451825513015528
-2.44369783501073
2.731870906726183
1.7948390010874418
1.590117376241597
-1.240906883612756
1.8723918713018783
0.5558405231798771
-1.7670964224147006
-1.29931257991855
-1.2470695091677726
-1.0109077809186144
-0.5492462707417429
0.016998280543120553
2.386809787641063
0.09500098217615943
-1.7647671308977
-1.1119675049524826
-0.7515005854574234
-1.5623232953451782
-0.27931807688764076
0.2572825730563324
-1.6089739236025467
-1.1797249925210997
0.08468967899697757
-0.5886438993351941
0.32924037742075724
0.2938972791657725
0.6245118115905742
-0.38552742229794906
-0.05150627139485431
2.4053930314697896
0.7577467898281366
-0.557206964192933
0.7016151142630017
0.11959811882845962
-1.6916745286707149
1.25363024094146
-0.8350707046179725
-0.5401086907184083
-0.8286178740721744
0.2460680143090065
-0.23870609572358173
0.4166990797575984
-0.9151642733786324
0.3169386922258244
