48.11087317768297
-47.56346765145508
-5.8302965672271485
5.62197966168182
-3.4629771218846463
-3.7679657921852425
0.06481518614001619
1.9578039423466245
-0.914987782080004
-3.109269664249378
-5.588621537143959
-6.7254530943503905
-5.4302500734182955
3.922831753895751
-0.17057334648556227
-2.835558044057299
-0.6031984487267511
-0.9903776538751307
-0.06323608045887329
-3.1832963144267152
3.4747710049901026
3.4723293273232794
-3.465576142392261
-1.0769841180964332
-6.079505736399523
5.309550761207285
-1.6137828138749213
6.726422121011443
-0.5341324248113534
7.857507144307806
2.0951099415511707
1.920061940183239
-0.8130349469639945
2.840496002630861
1.8308167168426388
0.34914721320612807
0.4331692088396082
-3.4348350126728935
2.333817168504849
-2.5082843469976366
-0.6453370044541636
4.508821467549233
3.600976460187171
1.6929008621362096
-0.39217063062388785
-1.41725031127325
-5.586521114774836
-1.9130329433709214
5.959543717539766
-3.7530229374052406
1.2585380322700495
3.279564589426546
1.0105726791842091
4.013254383649669
2.037871018921154
-2.1827838591787674
-1.6129834459053394
0.4088342983586492
1.0025895067293609
-3.9574146508553336
-2.78883749875259
0.45028960655621586
2.327220259164923
-0.13847531373863442
4.439446432645499
-2.900719359928463
-0.16859926349109383
-1.3480566669509966
-4.95168669658922
0.4417325523342871
-1.2387761108255178
-0.8153389286052786
0.33649170134556383
0.8741582079159382
1.7027628315616752
-2.972760822629824
-4.718701702498986
1.7778897144118262
-0.498824157574924
-1.1200098038735633
2.0904677275593784
4.404645605432715
-0.07022242706786092
6.0215336505443435
0.5568011891669976
0.7052934220433149
0.3326146093263531
3.656543839173674
0.756069058873832
-0.35530499463750825
-0.9853580958295671
-0.04442960809395802
1.1321909038429567
-1.679718880837295
-1.8698878166281334
1.4078677616202586
2.708292811444508
4.121691971586727
-0.14626022115776555
0.3856116847930224
2.114149304172908
-2.122403447370029
-1.2719545422779321
-0.43637271175109443
5.3035871819780045
-2.857424423245655
-2.108416143556213
0.24255378032651043
-3.066725139546767
1.5622692340844861
-0.8701814745904185
-0.492059455170667
0.5155243414405832
1.149762252339347
0.9353732625268804
1.1169266856025375
0.7475367017444322
2.8336559858551182
-3.827453352482651
0.7526072194801301
-0.09971391459006537
2.6240871838826383
-1.5744561566229216
2.504857483266887
2.222505534822803
-0.10288163677886691
0.9352249501117793
1.2418958718768667
