93.4979791890203
21.262579161833273
-38.17014884834615
13.743483462962498
-0.2115516903791511
9.668724468199512
-0.35803115131608226
0.14679693164402186
-1.2662925618267835
0.0946928426063243
3.778020340107542
-2.628670681846472
2.5204036848196507
-1.318475670647476
0.5710182987983108
-0.42869653790059314
0.9947421613647699
-1.3215650291080216
1.9444025527926156
-2.954431092554802
3.281751058472736
-3.1071829745345205
-1.3090343040363106
-0.940395780841866
0.7436771298910494
-2.1669741621428047
-3.803176951000006
-1.4152265549207161
1.0799404460299293
-0.38904564584444
1.1837037924259595
1.7336153838325234
-1.3480305739769
-0.06265060322902016
2.2598448684174675
-0.5146142446732643
1.2636424462181333
-1.403457239906241
-1.3712391970295765
-0.8207399665948932
0.6262041474592462
0.4074348825340735
1.936708461812282
1.8794714174130498
-0.47090329408422527
-1.6200618806151683
-2.1590136770657926
-1.9485794546984045
1.0818168777616053
-1.251736750964992
3.33474854776138
0.9859866110864516
0.1790579910018699
-1.376786873755985
1.384852509523703
-4.013544252552886
0.0529937527686061
0.3395381703740564
-0.35196431408416895
-0.6496448956988298
1.68325045664411
-1.152385665551199
2.9186951588141348
-0.4131174551711238
1.2028455348155942
0.1170064575825831
-1.9712674549727296
-1.0910151882390653
-1.6199893720702447
-0.737227039356378
0.9463244363626901
2.424460236492444
-0.8201853961806508
-0.9801423967432225
-1.0207541998947443
-2.006450886999216
0.3876329748925333
0.3287741930532748
1.3230958788496285
0.1134463978859878
-3.1281105146919397
-0.3551489793508541
0.8201619651867188
0.6779920498303642
-1.5369998361385493
0.010358320576920555
-0.24983854631539162
0.13609473310031323
-1.5458421097490644
-0.8116265563222497
-0.21518601657090308
-0.28642882940386155
-0.5568118724805324
0.7864547304392766
-0.03751127780347832
-1.8080721070121948
-1.312854331333804
-1.562609768318809
0.899136799857334
0.0023140094183389448
-1.7930152254291891
0.5642892033287094
-2.6337233060868668
2.729513275317396
-1.7909269720572862
-0.5864350599242711
1.0720288211045577
-0.2525880173284016
1.2283292125780447
5.3318702703865215
-0.16729982526080328
1.0878468616850476
0.6696048192357631
1.6774606038419124
0.3561616600365653
-1.6138096313204593
-2.25598368748415
-1.594017805197533
0.8046285122507173
2.1180454496883647
1.2012338984687572
-0.9431413962766941
-2.4272437279358545
1.6208655281343638
-1.119808626997183
0.10094325343975413
0.7144379676112014
0.9017398554354301
