87.83044730936903
25.472783280890727
-38.057479877148005
-5.563669709058705
-4.066863379963343
6.219773770286709
-1.8204284507162538
0.3974061034963968
-0.5371933638857396
0.6365924566155751
1.478321770429151
0.2872310348400752
-1.1561241003488238
0.5074595814334454
1.359925174577126
0.7349899871015695
2.1157746991429613
-0.2975331489339399
-0.5564712156157021
2.9310114801440084
2.549141649565061
-5.239232917899977
1.9502067547188244
0.636451633524473
-0.788763706463092
2.08275808352939
2.280400311383579
-0.17325864286971326
0.5746356233325681
-1.3662428553465709
-1.6961963310117223
2.3646893206737714
0.7043404470132506
-1.4162368103374416
-0.7464665202845377
-0.37383243235953456
-0.1962266680553838
4.995417637495695
0.21765833683233324
0.77357419881273
1.9870302456265925
-4.1725653711562645
-0.8084282015557559
-2.0149249807447283
1.8934362826542346
-1.146338162038169
-0.3025469975554117
2.0057162895962337
-3.4257649716007896
-0.29323168174283093
1.4572854526632664
-2.36351050024762
1.144572036693155
0.10871112347983197
2.334549612294545
-2.853530041354971
1.2580117342506267
1.0806432226531957
-2.109377923589171
0.6754094779136671
-5.135149087495434
-1.0845467485675446
1.7782801768567282
-0.5840494628470652
0.2952169999463398
2.629858206577763
-0.5676093331811708
2.349549624262935
1.8110476663276902
-0.8176347317514919
-0.4295236629427853
2.7257385536078504
1.9446378112734357
0.3517150428924843
-0.49925231857517505
0.9314156543720037
-0.9747541601659193
-1.3384249915369255
-0.013462354134195664
1.6766804329703064
0.12458489725848647
0.5979213331372102
1.101874580605399
-1.1007359087373958
-3.071360366749051
1.434606885248629
-2.886307640820783
0.6757265533995608
-2.026438939918549
1.0158703159228626
3.169176828097933
-1.7157255528739663
-0.5181815716485022
-1.9965808128241667
-1.5392920072314755
0.949125366864974
-2.392191076456021
-1.3823026469412596
-5.2200300362667935
-2.879609285448087
-0.3033490683627486
-0.23432475272492068
-0.6963093727170271
1.4271857482259207
-0.9413133256581616
-2.663435765997553
4.4603445526695715
-0.7345728651057037
-2.7749416081421736
-1.2560190858682252
-0.5793203814557625
-0.02869025266352329
-1.4292312472172202
2.2893693741731056
-1.3742218298503288
2.4667273036882698
0.4857514811453202
-2.8337003685184223
0.3829366883994183
-1.4782986487170613
-2.498470690140255
-1.9192235837288363
-1.0179582175381037
-1.530074767475832
-1.4262035201016297
1.1957585681819052
0.9543321980763813
0.39458956848947746
