-48.31670396846201
-4.861208944609678
-9.564214484267488
9.553240695093475
1.5600792660484852
-2.2012795412650354
-0.28869173126439823
-0.7850716705226108
-0.004752977629633143
-0.718514544770053
2.269625623004579
1.7511238259382262
-0.8676706763124591
0.7382150699072819
1.656948195778293
-0.5222000488199809
0.4332132779368928
0.22988990529424927
0.22031162618244055
-0.12751229924961024
0.5004331436711363
-0.41204226351192264
-0.43116036140187164
-0.6634929843583642
-0.6638456104547696
-0.4550032297576594
0.42411412706394386
-0.35119174309706025
-0.22265271310649704
0.7469699141021059
-0.19372311121185867
-0.06574271557091965
0.026970652506579776
0.22743722418568513
-0.042438137801751874
0.6392984618732678
-0.046485816252502726
0.27927870977731295
0.12259116828544522
-0.02339704247177886
-0.40024470564084014
0.27868226133912044
-0.22441910319836217
0.0006911882035758876
-0.43390956564749933
-0.04934165240601522
0.08688859604915805
-0.35515069111928477
-0.33528787837846225
0.21609679389285355
0.20306906406231157
0.017227016937739432
-0.17333221416082026
0.344950536605698
0.327630115079371
-0.25884107622248925
0.343385003557725
0.19358556367199903
0.18360515444169476
0.22194221101210257
0.08140821358064186
0.02988633957232787
0.05954207719614007
0.28466147678517606
-0.05146486371214726
0.5158419008770525
0.1178786213248407
0.3530104658189045
-0.15884359655794947
0.1521070122466996
0.2594850002353421
-0.04951785109663544
-0.08791814761337385
0.024955463429630835
-0.13156358235463297
0.05519521674566913
0.19612264126081058
-0.16891436217087577
-0.2533147053490219
0.049309247373198695
-0.037727292672304444
0.11181823599724929
-0.0666523070950197
0.0775104958297916
-0.07139856201774064
0.021923613184037093
0.07128279414398139
-0.2717950763223127
0.08878541332393583
0.06977581710760297
0.21393541119353093
0.09396030606288265
-0.013396181449037092
0.054663807234017425
0.13737153655803996
0.23148370898791715
0.20579694344328592
0.41243320471829886
0.5670103461947527
-0.05970850211133235
-0.3550068491780703
0.16768088220391045
0.09730323898236151
-0.0939464951467633
0.2582108353347716
0.16422306394971783
-0.015701252324802725
-0.16318839248587994
0.3534568178117967
0.09861439316712592
-0.3494468222865406
0.08032690545476508
0.10555698806795344
-0.14629345103108782
0.3029131255011477
-0.2090418538635529
-0.23428033260235945
-0.27612906751234617
-0.2940836650186349
0.062152739047011935
-0.16509835772484557
-0.18562926299242022
0.18356731896938827
-0.2202841036835224
-0.19059432015850683
0.04798439900085031
-0.01887945258861161
0.1477357217214923
