-42.0931449214488
-23.873290063569776
-18.27071619984049
5.098960281174247
-2.843675057554358
-3.361289171257542
-2.084689104881285
-2.9878187558686986
3.6917196118358695
6.99745533153151
-0.12168029444765499
0.4661399872527062
-5.994098776236963
0.7092218734293223
0.6526739228431501
-2.3245523616484083
-1.255010330723545
-1.2752563415742915
-1.9873127841684413
5.328920888850662
-1.4905685989213602
-2.3273042730719253
-4.0185443718112825
-3.3652877286740006
-0.06968580888921426
1.624880560917703
8.141394233229196
4.621795735905341
1.2846502663710622
1.5967303248690219
8.611732747534855
-2.8392918708272776
4.718036301338564
1.9886496832334215
-2.5989088028130314
3.9732880732862426
0.47899779767341294
-2.9228220967870016
-2.6695360411062357
4.020732711948275
-1.9317927060506344
0.06754926571217817
3.56361188166226
-1.4911128202309123
1.2173425222570535
-2.680819048944
-4.307038892869769
-2.7298967640660043
2.3324083387761703
-1.8848143915635838
2.170692996049333
4.716010294166425
-1.169052561091173
1.798825302725566
-4.652235829080254
-2.784459086602021
5.513907402037949
-1.1531018798397266
-3.4030121848883694
0.45038945692102517
2.246155979531818
-0.6808873548408434
-0.6982343900040359
4.824539465069461
-0.7916017848009622
-4.26519472889682
4.9194143233178576
-0.8546334314659806
1.3792826029867344
0.48003459154891903
-0.32386625133918073
0.04462825913903898
-1.5249845605233274
0.49584998296672345
1.685683635556953
-2.626752329428823
2.6704986838089333
-2.5144893154214345
-3.029791351292498
0.02121622331464676
1.5313800555874637
-0.3420707718146244
2.4357579028220173
-0.5622351996564068
-2.781929250786159
-1.087560449406269
2.344475832719441
-1.0731879020000403
0.6467789284140276
-3.9264336602662837
-1.2449515578964558
-0.03876525452730123
-2.187947869211377
3.3625754886880483
-0.22242796653496105
1.8854034354148332
-2.7610005543661997
0.440433592371379
1.9648889565987395
-0.25657148727500917
3.1782180147740466
2.3838312322684683
0.22576450080877755
2.2143087136025494
-1.1852164233495697
0.6625782733710474
1.3137821542041679
-0.1570395589494972
-0.063099309569218
-2.9132975193160418
1.157347013404185
1.1757594232381043
-0.3816181489364504
1.0254456525640927
-1.8402876088369624
-0.6891073670717949
0.08626801764296183
-0.38479377250774643
-0.5124322831454601
0.2749599322207722
1.9292942880250061
0.916076364978683
-0.91712225684005
-1.2762509919488165
0.8897098686707671
0.4729440631510659
-1.1797507957561133
-1.5041363245597617
