-40.616213678275365
-1.1611949186939283
-3.138399057029685
15.708488221098063
0.7397077690284553
10.208998626239845
-0.5924732874895142
-1.4103176908501789
-0.3420462299250673
-0.4534030534700435
0.18942401486214028
-0.10553211302595025
-0.3620239577282601
0.5220129933787618
0.31759708502906364
0.8327602636862586
-0.15833134726257897
-0.6070104758223307
-0.12733217237661973
0.5337548773943788
0.17340189270260462
-0.15829935167005757
0.07283726006138298
-0.018186563837042743
0.2201466594682689
0.01744032480003744
-0.191614387314939
0.014627501130693582
0.486697733571119
-0.1295369233441501
0.385333825632841
0.222577459492774
0.04809316509644605
-0.17673028147562875
-0.20870876981641356
0.22930403605929975
-0.3872547510136864
0.23895530316712393
-0.014387604691259798
-0.2913166375757078
0.09239004776248022
0.023387947470665138
-0.15917546213234338
0.1686346482867962
-0.09791292695435595
-0.3157831599303387
-0.027144113441711096
0.09975759926057215
0.03127881982956318
-0.09193316204125879
-0.12651393913375666
-0.08534320998491236
-0.21326054153431395
0.026976836295755917
0.033379086924184065
0.13148368259712187
-0.5297797270748451
0.3754189455218796
-0.1595842718082537
-0.2920359105886808
-0.10064360014288012
0.10481092998871344
0.004814010851733504
-0.0637576154155419
-0.041951063218342924
0.13316383709802676
0.14435256226792623
-0.073989094316156
-0.16698799570792194
0.27136262645762554
0.07613753005901613
-0.3673332114448786
0.17672237112539255
0.19373557214934056
0.16349987287677484
0.19923807696244758
-0.13062218766988554
-0.07108829324224736
-0.05426541793817201
-0.0310980354749855
0.21445276373674432
-0.08223275315941611
-0.19105778948039676
-0.22765242547985312
-0.01182840896980735
0.24391372017973725
0.06633368023976223
0.04225151997944486
-0.12593969062677707
0.17450558323364634
-0.16134799383203857
-0.3127203327098705
0.05633912035368523
0.19854207667133772
0.2805102044622551
0.033236409114366906
0.23981488359576525
-0.15778258291095965
-0.22077789380368001
-0.4078767232053667
0.33808825525815905
-0.014937301528956878
-0.3021140930462602
-0.23130988145117795
-0.14481510324993413
0.02802112058222082
-0.003411759191343622
-0.05073931391419416
-0.1203348219012145
-0.27024270592073696
0.004524148675354587
0.08437265717248117
0.21832281863539044
0.1927532059676863
-0.01905801860025902
-0.24277625925756485
-0.0030773785524649544
-0.05399668474551168
-0.16610241748916596
-0.05239546080243938
-0.15158002942317433
-0.04678396129875364
0.10627146551220976
0.04420402945283838
0.27040098946692104
-0.345809947894266
-0.06509779209121573
-0.09647772721222851
