38.59181374801954
-53.83678604212505
-8.835775293095322
4.120835946334363
-3.9362362520071876
6.671954053000345
-1.5070918336783787
-0.22879557007533746
1.1500763233410298
0.8062678799162585
-2.194155758654653
1.3414042489966906
0.2522852303780164
-3.784904441093732
-1.263030681961469
-4.968096819850848
-0.6904295979941562
-5.8599514203545615
-0.8039687817342722
1.6461105886521978
1.4267649531619988
-0.989674963362984
-4.4117497862415185
2.0192026652558477
4.610384801985352
0.9560868634069444
-3.1699180622027243
2.6034795874599674
-2.6615217723439755
1.6363741132993694
-0.7506673725662862
-1.3714639955880454
4.3993278474764015
-3.4583910716593556
-3.9821459974634084
-6.211390509346683
-1.9291196292249464
-0.7087934456836418
-0.6153162240104064
3.0591240547761855
2.987803414778994
6.558063845524856
-4.825072374510141
-2.4918666301545573
2.078809275197911
-1.2893299357962564
0.34541215293226896
0.8296869858512413
0.3335149193220955
3.3606051831629657
1.9091682254805078
-2.695018241900239
2.4717440271787474
1.0961341409350887
3.615238474184509
4.21189389648449
2.10902667596129
-2.270873656269364
0.8933669570514603
4.096426726899914
-0.670523585456879
-1.3281634746690987
5.057695649424277
5.149157570427961
1.1927802355730543
2.9305633682028396
-5.622662300233736
-0.5036588764121692
1.9765073920166614
4.192766284875958
-2.871770946975779
-2.5650468898059477
0.5418691709870116
0.25604698170401086
-1.355959599595997
-2.3381247491128696
2.168215788949311
3.539065722868298
-0.8456073241524311
1.5929135593189296
-1.684241367167034
1.4674913802691543
0.35932548886271704
0.25738053314278425
3.437576354036888
-1.290189419632907
-0.14030455528464794
-0.9717700245750935
-0.0077364740269239285
-1.3264526696128103
-1.3441020346089851
-2.770556985781705
2.9264322840066597
0.09546521774672476
1.977638495180223
0.016229528125770516
2.9956333786977063
2.04022695513327
-1.6385061223212505
-0.6990166213903511
3.2577466525981977
1.8792167884121604
-2.575782439809422
-1.0649407861773268
-1.2915516114387393
1.2962701574426272
-0.8100266963883029
0.5689472685236673
-0.49630897965832876
4.444693030321294
-2.102842943739084
0.3608163445933613
-2.4692894045504605
2.2735669283620727
-2.5540084145235613
-1.8316997898280307
3.3106437462285294
-0.7452237858943955
-2.286650525679582
-2.0728082319558645
1.0137391951213666
1.600414296174698
0.820111359126386
3.5102598306212034
-0.9032917160604766
2.4394730055895772
1.724480259218853
-0.2428729887119585
