41.23254848379627
-60.387705184945105
-16.97572399491598
-16.46853792055918
7.967721024043086
1.6023548155798872
-2.1362394061419723
-1.2718417489295892
-0.01507322399264252
0.03863384455405919
2.4952847172194357
0.7363544234012492
1.1717643723820097
-1.0933767563957741
-0.7303872164613734
-0.10381936209310155
-1.3905409731000424
1.618667117976166
0.2882344341169681
0.18146959476345464
-0.1946899896163927
0.724172589510155
0.5990946859221254
0.3021491136474724
-0.521860778206981
1.268851907470255
-1.111607882903312
0.9356367218619197
0.9129921204512141
1.3324591476894099
0.08245805460295161
0.5382170451016952
-1.1462401826427555
-0.3298423424183355
0.5995655291437947
-2.1781644808426246
0.6063267633931251
0.5032477763380597
-0.8178076741304778
1.5030071003276777
-2.525367076325913
0.6770462081535373
1.1774439430699126
1.0181365525199104
0.8927420871186782
-1.2710034806417452
-0.899840854327058
-0.44517015857895614
1.7430827038625432
1.7818090699337459
-0.43809252504187896
0.10777261895582907
1.0413029610293187
1.1819980230911855
1.2168520877496933
2.30536497970305
0.7347618285935851
0.6222543889870364
-0.08915297409667203
0.3955543614579706
0.07009031849035666
2.0765758887500034
-0.5270038008086585
-1.6705532675178254
1.1832374903099785
0.04976119769298892
-0.28490417155197717
1.5161182027649025
0.6799772824473479
0.4264626242717412
-0.5958131186867116
-0.35846129243194
-0.6139086801427023
-0.2257180032709146
-0.6888027373838322
-1.296356543576417
-0.14736836724839458
-0.6178324526664032
0.34564700462935927
1.4231583857387422
-1.111887780706631
0.6502911703506205
0.7567053377095045
0.12598153990925334
0.45445940945007324
0.08519363689834358
0.6535179922064439
-0.012734768355575209
-1.1118019454258894
-0.49595192868261273
1.236970820931689
-0.033512226472716275
-1.5184235440063363
0.07327556630439612
0.8374359076451074
-0.4651334715916196
0.12547133037402214
-2.454347446488374
0.3005936569647534
-0.10316258891823026
0.5117004315585505
2.0142009255150484
1.1104934908499227
-0.613373573699663
-0.6890422243378788
-0.5913756715091403
0.4086540149915331
1.0254694863882443
-0.06938397230605732
1.9728053658358786
0.31341845018581027
1.6356714747224872
-1.4027943283009396
-0.34654793486169905
-1.4065276023727056
-1.133162411554817
0.4753057164373096
0.3340921121012878
-0.7413931943793087
0.44135687151762365
1.5928690932450935
0.07790139215004892
0.04211584749091753
-0.43140684387173317
0.16889417299215498
3.4371037173040753
0.7870115302469174
2.2764920905812973
