108.65750479916775
25.117301176490407
29.54538492056857
-11.970087282159636
10.300066647917355
-0.5000093265966707
1.3860722941708667
-1.1259436240719087
-2.0527377906311237
2.554698344839661
-5.32584076661233
1.2796116544232892
-0.7886248945072898
1.0802969125892183
-2.052547665176425
-0.6581702224457583
1.7788341741558162
1.7238584873216296
-3.499574977712562
2.0392364237638283
-1.3095164989008348
-0.24778260033409796
1.5840236324590162
1.7918826895281412
-0.42807792218004553
-0.7718614433070384
-2.117518330619594
0.19644552976466426
3.7586347353908893
0.1254061470693069
-0.7917033354815652
0.9622755672806808
2.0580262474009734
1.022658056781434
-1.9273817574446441
1.1012551419320633
2.127089955500674
-2.7888904864161206
2.107429693147378
2.1455694612806
-1.5071646494079507
-1.230428142947111
1.2237485763632838
-0.42395587694838327
-1.5654225661326853
-1.0762598643549195
-2.2349633706999534
-0.05266304259175802
-0.4269109097652325
-0.23247003872251343
-0.34328075460058705
1.3567683496814233
2.1424380938976717
0.5198094364480572
0.9747222985160844
-2.235297218435328
-0.7993340590517821
-0.1419958672895364
0.4530353869483808
-1.2855777853953254
0.30849334262655825
-0.74924677481425
1.3555319162742698
-0.5289637323223896
-3.798282426092222
3.9873954865465238
1.1069600275305498
-0.3133185811121976
-1.4855929258031988
-1.675668404068308
-1.6731192664938808
-0.9712559702798966
-3.10744512649131
2.638001551459812
-1.4530036817805279
0.7950062972544736
-2.731220062199123
0.3053079279171593
-1.3420005568773214
0.11979736822561513
-0.4447782461665057
-0.4495001843041044
-1.5935469296731561
-2.9513944090730484
-1.4584520352855266
1.5940984673406031
-1.4401639032002496
0.0720282597150369
2.9459320429392757
-0.2609292756186461
-0.24751493967050886
2.1898269167143436
0.7794809780207529
0.8875217879152371
1.7097238951875202
-1.2184357435339113
1.081697233818309
-0.3792715921982824
0.21823692630970987
2.1342823870623007
3.6142168183875367
-0.9698543778088615
0.22033226702304906
2.088846387567208
0.5055840133610948
0.9960735962581738
1.0350485677667198
0.2595698079965982
1.1637509484117892
0.07604973735843942
0.18885760060319162
-3.1113579612670534
1.7504114612123405
2.7224376793062013
0.7120440108541622
0.1949674121517806
0.7528653827661611
0.21429377577937475
0.5186275435688396
-1.0114674793198006
2.9619086672143697
0.44815813851840125
1.7909700912297912
-0.8243588948118497
0.030454411276885474
-0.5665446052568401
-0.8874364187475035
-0.29038785387168164
