-44.783451072192925
-0.8745007268623379
-8.467899220868034
-13.00117722431895
-7.1739187515223675
0.09941017617824088
-1.303746622775496
-0.48799333184202487
-0.7063761503632761
-0.14249041595097142
-0.6140661886393721
0.15848201028749231
0.5152305481216345
-0.35490745887535957
-0.16464144709894726
0.29759526764204636
0.40506650221302987
-0.3540763683232479
-0.2659432472559374
-0.4251590834850184
-0.3018645415529122
0.1143512074124624
-0.10906608847200597
0.2135471048480642
0.12017476905279592
-0.029985411490970573
0.25007974266644084
0.018690134849067258
0.2021473213204833
0.022085029151256208
0.572785876408973
-0.035032148244805786
-0.05422393783328551
-0.0977640628140496
-0.002687945862571095
-0.17884375986788992
0.05208191163027012
-0.41796981192084637
0.23696193561330262
-0.047805071514716
0.362839580450436
-0.09171833236691898
-0.21566090182940853
0.011839100869920599
0.5021937980509926
0.26176181928779585
-0.12054271024788567
0.5804833057285949
0.21343237746401328
-0.2968265184333453
0.1029082603455556
0.08896366044297814
-0.3566663454170229
-0.022804811883652465
0.1299952455937002
-0.16408938008606372
-0.15573108360270152
0.18483763151140598
-0.2549716361071314
0.3750046339158816
-0.10099139129728896
0.01975346503437611
-0.15323956472555822
-0.6465236924464858
0.2913211562565315
0.20653953373785502
0.18297967115661218
-0.022525055470394233
0.01467532625801848
-0.23933152377074118
0.141214017385001
-0.08606635048348757
0.09300342696376475
-0.03910869306571697
-0.020146962384090403
0.07130953431146209
-0.2870695000148496
0.19550635143964257
-0.3250193932030446
0.11967044722023298
-0.18914988470069233
-0.2924665670202624
-0.018234499429328622
-0.23045241782154524
-0.17472039293480626
0.2399739602175267
-0.1060937598046505
-0.2987301934547168
-0.2243308978417884
-0.44434290562197354
0.42709510860784483
0.4193644444014838
0.22920206949968439
-0.5166747058283396
0.35639553939859075
0.04765403096438152
-0.09748457191944064
0.09726128637093892
0.03190851705406953
0.019384731288776318
0.17420413546145253
-0.3125278542404531
0.2059716429201756
0.09290788024206428
-0.5339902499911938
0.15058846173150653
0.1601960071615869
-0.3083279041159049
-0.3842777843718545
0.2976036984736523
-0.2543811648241305
0.3948618679857389
0.10546483335947114
-0.22277728521581347
0.13514536979404768
-0.28851109083592685
-0.1334370080981877
-0.5328873426033771
-0.20744305636906063
0.05115505250996884
-0.2706230484497715
-0.031789208355618666
-0.25087138166908485
-0.34018586156466396
-0.4082595911442925
0.021959049062947086
0.12335079219337561
0.17951431442574523
