-40.5574866762108
-1.0540523499769805
-3.093934366950021
15.842185739893136
0.8076461099118877
10.16882364129235
-0.5486030778700883
-1.4677895964047871
-0.5330299664358088
-0.5371429731994333
0.169312507392522
-0.10245006455790223
-0.029041686493129132
0.33247888622411886
0.08342551244476173
0.9342267267836372
0.0123543514699474
-0.6098852347019358
-0.048903881079669254
0.5360405635621894
0.17371627364131673
-0.29082942394613764
0.19784775801542165
-0.18355951148603758
0.04842157663897623
0.18630545186338726
-0.11856352082425811
-0.07285915404271569
0.38830516794352965
-0.09120316034123552
0.6335788377034465
0.2159460666224006
-0.1556833279795151
-0.2029518802361406
-0.042526343096471894
-0.011511184144711972
-0.21934132100230253
0.24773333269002723
-0.015087929904794545
-0.3915214766006013
0.11919701278391664
-0.05973495115375825
0.09618733126426954
0.4179306914845552
-0.015533124246819071
-0.23347467701529112
0.33515403487314466
0.06417739462098965
0.27691655488947126
0.11479136927319639
-0.2376349743759772
-0.21723657012447922
-0.38485475856206974
-0.002374855848893312
0.2726854229492904
-0.013351827077874523
-0.16946187920121117
0.09238786068400066
0.03340571421920552
-0.3426305584740936
-0.2197198688672808
-0.1346814356315295
0.016273187066935646
-0.04921599786377261
-0.18857137020615006
0.13701623273791916
-0.2905847114607931
-0.20532732844016252
-0.22318811358677876
0.03787874391627119
0.18148751197130777
-0.2730243516217145
0.12435431055215983
0.3306011573500566
0.25193861769538184
0.1755616678245192
-0.37417459432657657
-0.09800610407918338
-0.09640010621532802
0.034740711902527775
0.17730885565763313
0.054313443295936945
-0.11081482956591485
-0.2720920402410887
-0.2886211603005417
0.47627848693625474
-0.02619542222276622
0.3244131014373516
-0.08390971895821292
0.06320100059742931
-0.13302592604930663
-0.2913132798977875
-0.26020847804425834
0.28803050975480127
0.1374303569199521
0.08283986329619085
0.29358403095236035
-0.09001113818950272
-0.14607705730069193
-0.10661697584004158
0.0648418638902607
0.1565585105609396
-0.324989119045285
-0.4500398243804188
-0.10099901434649018
-0.07085492492387653
0.21814496835555744
0.31566265155165835
0.09325571518501291
-0.42495075968004126
-0.12227685895655584
-0.043319655161595666
-0.23506249368358806
0.22362678949961332
-0.11077010444536978
-0.09706921426905193
0.1366636035156763
-0.23852623596885114
-0.0016177422064706619
-0.051084525551128815
-0.4214340569978624
-0.07996874853494693
-0.08196783613448133
-0.11706946858765778
0.14148942099391582
-0.016188311300850453
0.19676243254765108
0.16696222236020183
