-41.538232414904705
-0.5284566521138957
-8.176569039759805
-9.736436765349573
-5.3633357173390594
0.2709452920181448
8.392558529290746
-1.1867039763218328
5.118569179941358
2.6573003049489925
-1.8192628285993706
1.3358108263891837
-5.129447935408493
5.748477078234496
2.9925294264300915
-2.9593851110683067
-0.6428014948424965
1.5124685962903006
-2.725959307505263
0.09584255468443995
1.4493544831004102
-2.254402086234693
-0.6480153402742603
4.985922261707896
-0.5129503428914596
-1.9614406950786591
0.07718571994410632
2.4608235464595656
-1.8627409197059634
-1.3458146594956926
-1.3858984643310837
1.1830384968144712
-0.7408733665586036
2.32821647824678
2.5185234817337507
-3.1392897444825327
-4.3863976543867595
-0.7920487991356653
-0.6989094684690913
-2.1649646650081027
2.3853643408971634
-0.7652246726312603
-0.27118743611544927
4.117337403797957
0.023601396044262646
-2.348298967656651
-1.2374353781008594
2.3938261114935804
-0.7538894014377497
0.023798010796127617
3.390843247037756
-0.8037018293771848
-2.2741695186051762
1.7853938152215982
-0.9543499356123966
-2.543731919191354
-0.9771497120947462
0.1681229937942738
1.4839105860867836
-2.774304353935051
-2.1884331410411417
1.364997719571805
-0.1074456788455432
-0.08893153924883164
-0.5850740839352879
0.42839015906588535
2.381957428323944
1.6269213819608823
3.5640900614018562
6.101496162222551
-0.5481790726931832
-0.07562818238658396
1.248293864573587
-0.110553212617955
-1.7381638401155515
-1.1291073334519437
-0.25585915317895536
5.273528216243262
1.2390539564787184
1.1357730055241642
1.3538818244051367
0.4036524191222418
0.383362312215455
0.4459552172447705
-0.5087473108563021
-0.2572277308594924
2.490587032352526
-0.2134002606127789
0.8318431030983003
-1.9861559433464593
2.855875254888853
1.588890801553134
-0.5119026208257711
-1.0397818064051834
1.4466513773715095
-1.824793473261847
2.8041847761573107
1.4481923475948748
1.4965273594734136
-2.343596584578181
-1.1195901685663914
0.6140199432857795
1.4528037108668745
0.3227037677200818
-3.213044040272057
0.893161328802177
-0.38457161520559524
-2.3107633109979075
0.44676711694967663
-1.1430759448157977
0.8829806308138306
-1.820405316517541
0.8990348901787367
-3.376243529042462
-0.46233572083241414
3.1692460521094867
-1.6373530266642682
1.0148586007315428
0.2675749303831481
-0.7736900858587356
0.5482677304553792
2.191408384239681
-1.5634168980197718
-0.38389560915380344
-0.0761112394122336
-1.2378886884527995
0.39515138578813036
-1.4453920990096711
