92.28751555736267
6.778278094389504
-44.38726055318957
13.69465331442988
-1.0757422527513127
-8.30281677712078
-2.0615345225956236
10.113504629641133
5.096341209150053
1.8152715632951226
-1.272520931364007
-1.6091107115250158
0.4874901395592139
-1.4616782612165224
1.541186372945421
0.3839219805057597
0.1616484474630139
-0.2911248161824891
-1.091657464173778
0.4027139002640342
-1.5027039507029363
-0.8687221516259663
-2.0271428930662307
-0.46942423531921185
0.9388264966369513
-1.1972339574192414
1.1250243046407657
-0.7401712178941638
0.6906461684238719
-1.4746234468350359
0.3615261694630394
0.38943981402811884
-0.9290537782496743
-0.6788574778092318
1.1882931880007108
-0.4520083587034819
-0.11930026214500622
0.13890471009511474
-0.1470870407113321
-1.5050715629860334
-0.4655760309144677
0.34469246238291623
-0.1855366003264393
0.6344341779476421
-0.9881964477801696
-0.49492454047591344
-0.33074430161819646
1.2567235936288388
0.640109714950593
0.8301226058989173
-0.266956552921237
0.3687280203755851
0.0037121216885826896
0.015010215892417245
0.831567321345539
0.1753065516063804
-0.01816628330410451
0.39802537916172065
-0.4929048695563368
-0.19611414292955734
-0.5432992654876481
-0.862773353577859
0.3109301566763401
0.24043437451758531
0.11845023536950777
-0.4060549976264549
0.33510285836290665
-1.0633661456234924
0.1786782461671977
-0.33173700372342635
0.7337308816588474
-0.15235007132799572
0.3021846077688807
-0.2678910535196359
-0.29913087865640126
0.40215084052663647
-0.5690871638619366
-0.17170738106266875
-0.11364657748064005
-0.12075324824142311
0.0752078031725509
-0.862440216797963
1.0067338336797098
-0.24828765673710723
-0.7196164776856389
0.32013382620564323
0.19947218174085585
-0.6758337563064204
-0.7180504460572747
-0.2146654469546443
0.19385849119199583
0.22044692219067352
-0.8564169110865811
-0.36381503839228635
-0.5193327403846291
0.9760449315422526
-0.22800377871571123
0.6325839839833802
-0.6176716057014391
-0.4608569792259463
-0.6698273966029299
-0.47799482939274973
0.39037515089496133
-0.05055457768904545
0.0534526600556271
-0.1740402569589004
-0.21728666811956737
-0.2702248336409455
0.13025667152304174
-0.2292749627938795
0.6520379269134232
0.6911955370459921
0.23016484526166556
1.062663763778661
0.4627734277979649
0.19816582218896012
0.08454437928602392
-0.32463443162815653
0.5207208309419574
0.10462861029884499
-0.11323252801289237
0.3495201367012022
-0.09524816994990831
0.12271100362378351
0.5574290485191329
-0.022587081448775137
-0.13223542720762083
-0.046565233533732875
