-45.8772270313002
-3.784899455800543
-8.608401405302589
3.316449050169572
-1.5877777638657584
-0.4476234440826051
-4.214492195343346
-4.443790747232003
0.06873301817429037
4.596650502934776
1.6114474044521192
-2.7266533902658927
-2.411576923987489
-0.20451749835167699
0.6281297301130454
0.05219595072484573
-3.7416283632868175
1.7566453862000109
1.7938010788032324
0.5899354741795869
3.5795899578205654
0.6851962186041923
0.0976880453053326
2.171287705279967
-2.61429759083174
0.31478899926251386
-3.0425526794307918
-0.8656667863567752
-0.40123792607761966
3.4933597412820334
0.08231528777595373
0.5174620086973007
1.1756177182024776
-0.40796113989830934
0.22354863432762795
-0.691656247102948
4.8045451397253425
2.572765126934166
1.7991396252809122
0.7312794593435583
0.4009807230869362
1.0045237147158588
-2.364533735097833
-2.1483187998387665
-0.982853240651767
2.931375638982824
-1.0263040717875347
0.25158164318235576
1.8021415910772354
1.1113993000816773
0.39722364225426676
2.985329514970113
0.3306007195925047
3.6101514914541233
0.7867632948414298
1.0001358528480155
-1.3079911477260613
-0.6918742247592642
0.672221659136561
0.4838033227639311
-0.21405825669906758
-0.3188691004997005
1.36105726433637
0.07023667973951622
2.000796977944883
-0.28810146255997227
0.6303716561066971
-1.5668722690591381
-1.3386495969857055
0.05821967733592105
-0.6388965498320314
-1.6710607113964422
0.2271535870003669
-2.4806154662914097
0.30888943484977865
2.226056466261845
0.9396099254285817
-1.516203712169453
-0.020164590638309166
1.0589658432718114
0.16302694179720378
-0.37583936036214194
0.066331277447833
2.2258897476533615
-0.0506898933926532
-0.6179361456557717
1.058323578544063
2.5444825191779414
0.5159601857051455
-0.3744831303861442
-1.2150036898146876
-1.0535589786497455
-1.3212146439609291
-0.7888633691598106
-0.054977287956342755
-0.4715829757921335
-0.6816779908059513
0.2534932218729214
0.6847963022876694
-0.10779633940055404
-0.37652872144135513
0.7682718941678957
1.526816133401631
-1.198927215909802
0.5271653570048789
-1.6595542208801102
-1.1475636366832214
-3.103772177832609
-1.6288828477382837
1.0939785342031454
-0.3790470277443372
-1.7111237246916673
1.7272799889329964
-0.13497440939205677
-0.24742000879045484
-2.688446917978136
-0.5768508475363655
1.1819572199380328
1.8752313066704598
0.9368854751939885
1.0191448612159153
-0.8528100388952207
-0.3667451217986755
1.8881133867924942
1.2239680886342639
0.40170828399844366
0.31366138487047135
-0.5165479932911861
