45.88022798872848
-38.57182218681759
52.58940314902224
4.084771338721665
-2.5432995547987676
0.7119978728563574
-1.5762107776855694
7.984188730379874
-0.6156828929412931
4.462269090967063
4.443531865828484
-1.4164849570174638
1.8547689097289337
7.289284351315263
2.545884599661764
3.3914597905613846
6.828278693673635
2.059766285792403
-5.301971640413495
-0.27172162552293905
4.996668456166113
2.3051169327792347
0.5082299521656288
2.1306508004569653
2.6535900044118876
-0.5241461549649642
-1.0318659123263063
3.063752235813088
-3.163632719978855
2.5184795945455627
1.777121275685692
-6.383204347655023
-2.3592724891913512
4.366244508640122
-1.657838630030763
-0.7757123775177925
0.5455362856111481
-2.5540385355090836
-1.7939523985686472
-2.5805890693023974
0.6972317856424569
-1.968495573305875
2.8383650743173074
2.614271252186089
-1.177786425241854
-3.389469749371299
4.385352105780608
-1.2991020310819155
1.5975943143546194
-1.4570771591475409
2.0847816673272965
3.44734799299769
-2.049028650747758
1.6650224276697672
-2.1329766186383896
-4.471258760960273
-1.0396864682085132
3.4910464523049676
-0.9333925984524303
2.330045496850375
-1.8639307016090385
-2.3130279347570446
-0.9204779342970303
-0.047584621629376156
-3.3400681631347044
-3.4439037285788787
2.46757028131549
-0.6328490523883074
1.1381534521743708
-0.1366669928688911
-3.1774054166929195
1.189913210220841
6.748103211182521
-7.001823092697762
3.2235058224961515
3.588163502434074
-0.14029691227998745
3.270515415649216
0.8578122869554528
-1.1063986115914979
-0.3742676003535302
2.240674878295405
1.3294022492468551
-0.27535405702318744
-0.33711871103694224
1.6299359018207997
1.076904204322798
-2.3403771758226464
0.10141066448204525
1.5487462409281831
-0.7180349014128382
-3.528713770330863
1.8236863726796426
-1.4886600823761482
-1.7234016643814496
-0.0239926306886028
3.0842329458194975
0.6204991399248483
-2.7288164285310277
0.9508323140869048
2.2237648884427847
2.7525847276983115
-0.5600822413435561
-2.699222198453172
-1.3889712511477992
1.2965116976525415
-0.48481563551178586
-1.812485481739286
0.6681344255275032
-2.3990749553971553
0.865090938010553
-0.6818749132592069
2.039871684141756
1.6792890853379252
-0.9631001637642157
2.9805440556809852
-0.8998006817357066
-0.37142469456895877
1.7677323040068325
1.4699004543090364
-0.602906832031362
-0.6110890197734945
1.2397144207483834
-0.9941380998036257
-1.7405649010030861
1.865578449328833
2.414075429144104
-1.0773266756310589
