36.40408374729349
77.14804280361118
37.64632622183336
-13.599826685509713
8.05143827767144
0.17409688927939773
-4.772604940358709
-0.1565108483980801
-1.3974113758268456
0.07860955288611568
0.8969271741279394
0.5884078818618921
0.8024443681586216
0.6955581370378792
-0.5704385220199883
-0.05797526103674444
0.3903900428208617
-1.1114798813853313
-0.8143025110769211
-0.6763221348640305
0.32431694059299665
-0.45329615985145305
-0.5273549074888854
-0.13014008132458366
-0.06838438238306888
0.304977035539516
0.5255492492299962
0.7261731477574895
-0.3376677294155312
-0.2671277424381287
0.059809060409595306
-0.02157396431034171
0.15960580534933513
-0.02853311594419969
-0.45321136039663446
-0.6406864894767443
-0.9781094755469164
-0.08777914512183033
-0.30938905595054705
0.21649365506858123
0.6653477870496176
-0.4395972829214631
0.04072426432031809
-0.24438059898117948
-0.42411455333534975
0.2508235801002615
-0.46697103452898886
-0.2140911483503885
-0.06434488005224483
0.009089293035824897
-0.09483681288957296
-0.22649860718483783
-0.4673459367521324
-0.04936631100207518
-0.1169738388491432
0.6725153455567071
0.48743105379992835
-0.31725730480165615
-0.16420589925506496
0.23613526169070898
-0.11416903295826053
-0.3104140620580985
0.2357908581724724
0.11868330817769812
-0.443438410137557
-0.3000092568024846
-0.00237065734508303
0.42490821912311
0.6958419645982544
-0.27173037722336274
0.219308640111692
-0.021651457955952202
-1.0503911216753186
-0.3831361035659573
0.14282354258270644
0.07957685098848774
-0.2078012071273926
-0.34663394228669797
-0.035433731229130544
0.13787170969798565
0.553627563858044
0.0802813147842949
0.13820251907582615
0.44579364369970564
-0.34853562844475106
-0.17354142052627808
0.1740765789559257
-0.3659281959242199
1.072620143737198
-0.0513627566529523
-0.25996836576215054
-0.4883305867016801
0.014239780496160648
0.12835755447034589
0.3892027795258685
0.2075532779847396
0.2846652205030006
-0.08018123929902463
-0.028576255461694983
0.035765458889124066
-0.42621986058062655
0.24751997397382988
-0.023754789653376164
0.018246231103297803
-0.36430985617215855
0.31625727749752586
0.37048118851274314
-0.17300444074882473
0.5329323243244356
-0.1768599040377454
-0.005441736226913255
-0.12875498182632128
-0.27046030948155075
0.3851292915927841
0.30034399896292874
0.5871524943352826
-0.2051115816088786
0.33227016331065096
0.05070436835180576
-0.09369371370974044
0.38779051150720895
-0.26467808303690776
0.49739273162312503
0.010950954340881135
0.2513291872693336
-0.44942720644269857
0.2477763428317952
0.017145894805904227
