-41.71943487413356
-25.212888277899506
-19.547927684011494
-10.148971540631587
1.417330866574458
0.7364825674085991
5.332500212242377
7.47465876233641
0.18053883271296944
-0.1550651747029287
1.0888628580843291
-4.620863997373467
0.932694469470073
-1.3177999456546383
-2.4185112139767915
5.087673990641289
1.8646137980369857
1.9644446993014881
-1.881567039205027
2.3767782791689727
-0.7914625564088517
2.713845195176599
-1.293027529690041
-0.3508388137607822
4.3349439808270835
-2.441607819770889
4.322117118737406
-2.539645989838637
6.937458887829254
-2.209765960471775
2.697634664670757
1.737690579580759
-1.7517044286075882
1.9315575900959656
1.2635177369254178
-3.863344210951073
-0.092636347349906
-3.3994429038200367
3.812225858628307
3.2777118255259854
1.506607650417946
-3.692344189946083
0.8286813399364823
-3.7461067975296856
2.4190082924692033
-0.6279130092917403
-3.583172300504245
-0.5710002360428025
3.889388693339805
1.280878142740503
-0.47158416068461423
-0.9173377862378793
1.3366188071149399
-1.114569521142517
1.1206822208047273
3.9264670087406164
0.6605662791909094
-3.0370811515790184
-1.0784150692805263
-1.59699292980737
0.3210550904541659
1.3732273541108824
0.059341526217203525
-1.9423126118451948
-0.002502159514867597
1.510496379086672
-0.27567652088454114
1.7625218865143144
-0.324320873794256
-0.957311007383277
-0.7118021983354158
1.6537705917165983
0.6424219208612166
-0.8963917461990658
2.3361592953530375
-3.0956546738194435
-3.5318751315104655
0.7955797256191722
0.5904729262872251
-2.5695888690688684
-1.0777079158515632
-0.10168274350653295
-1.251831570341917
-1.4066730775821887
1.2085166663200873
-1.3017272072284327
-1.8998289854944435
2.0807354200969392
-0.08719500825447368
-1.6249908371492903
-1.264440026594634
-2.9365048986516187
1.3948144887508214
0.9525099541252748
-1.3889024094529145
-2.765730336264293
0.19707888138738439
-1.0124086239842254
0.35500050383727666
3.4855434045348828
2.1832066016394394
-0.9220460148193869
-1.2630465936787891
1.9963330075178731
0.6662187405828508
-0.11494110481918121
2.489825243874984
-1.1107642098471306
-1.574443731561378
1.3418864372168324
1.4105415035684072
0.0006042241890212817
1.5543542032777584
-0.00828631479076233
1.6090971023321274
-2.1765469013849605
1.055379157921069
1.6168632388336273
1.3474565536398722
2.350922361986211
2.0732393224529453
0.9800469548360162
0.12132349408743434
-1.094974628476748
0.9874191361281017
3.374869754831436
1.2024929666573005
-0.4894879115775519
