95.67842515748703
41.088352736046694
24.64036751861663
-8.071016129214547
2.8534750832572806
7.079042416296597
-1.9842418414109035
-3.8115892599020826
-1.2067989679381883
1.0581931578153179
4.008799177004825
5.268459490647257
-2.594714856754422
-6.105753763471176
-7.147665506080504
2.0015730047780025
1.726562152159667
0.3267706111590337
-1.9276284337498035
1.8305838192382689
6.120559234404503
-4.1632183717354705
2.648253367058428
-0.5713085613874627
-0.3086817750785957
-0.15535531593665203
-2.256243671832442
-0.5725077978626274
0.5530362872948229
0.40324234356556576
1.767188917151018
5.297772259193633
0.9784265485122133
0.5784020676228272
1.5484731372099994
0.2885066874170959
-5.041508508173057
0.7679673746960518
-3.8145837319007407
1.8068293080082525
-7.031977794916606
-0.15552544405157231
0.8294615294273899
1.4024723237600765
-4.866378504760904
0.7301975332591073
1.7805922116230302
-2.26702400364017
-2.6073045688699796
-3.252018195916979
0.606433583168412
0.5604323757061134
-1.1823991278972672
0.37373430191754964
0.16033725814565994
-2.543415439414154
0.3309971909303397
1.5685696997221061
0.958762148816949
1.3422558283814037
0.3782026582851354
1.2575792432117958
-1.402006506361928
4.1000648304924585
-2.067022983959928
1.7454633658398242
-1.648984526450176
-1.1357726553281515
-2.570623792052513
0.9714353986639633
1.3110497059868491
-2.3155982648354634
1.8542462609394417
4.093883364166897
0.8915531639907318
1.3382561478358141
-0.8881156494866297
1.0996174147426703
-0.21197704839237144
0.2889968405613472
0.6641569113884338
0.6173127169636845
1.2065916610234417
-1.7593590217715358
-3.5927153401686853
1.3028223174188869
-3.8441100778968287
1.1668073558373466
-4.697749331349285
0.5641559707014308
-1.125660830628423
0.8516724100773315
0.8414966559428609
0.22264687473826156
-0.07036741601135876
2.2356777416199956
0.7289673805628374
-2.4339746423549014
0.9672290626606105
1.4765260285177635
0.11993214868605795
-1.4748601304242317
-2.4827313215304847
1.2716920835490184
-0.585121419784774
0.21504299423368997
-1.1536788756967962
0.7565347204916412
-1.40957205121927
3.4442587187144285
1.6824286394463415
1.0628182940131363
-0.453767180507119
-0.7391247510994471
1.9806834777636944
1.4305524382631565
0.16890953787188182
-0.9461296143078599
1.3190844855526194
-2.866733843031594
1.0271037237485503
1.7536882286252315
-0.06282324448045272
0.3090904679468296
1.3573245924829591
-3.3041776000446155
-2.053903906410954
-0.756529205545483
