-64.85735393921594
0.4862130405069527
-6.376156306482707
9.704828578827513
-0.22497142793923786
9.338692627359983
4.352099523462305
2.997874405872377
-3.8047853982986815
2.9073546773838324
4.4836256023602346
-0.2955729429377859
-4.020950186236271
-1.9706971966624098
5.3914449524262515
1.1116809319779848
0.00759635635439166
7.149866793837115
-3.4564260099862745
-0.7442164694433825
9.47162730738621
-2.5473869622229435
-4.6762584910348695
-1.613752600635913
6.793432286762765
-4.278370129334363
-4.391650231785552
-2.1378936316975796
0.06206865686580454
3.7860434354636503
-3.52618631329521
1.5138188712767862
1.5785164808620538
5.48341399529431
-0.48565311429822233
8.365366450842856
5.60754790017225
3.210644965810573
-0.7417056788386773
-2.540159927199724
-3.065425401265718
0.6498944927458808
-1.7472725863814005
-0.5098358461965621
0.6212358428360719
-0.4296930701992311
8.369455472113184
5.9245137676817246
3.272826107707193
-0.21385275818803995
0.17441429290885618
-0.35612000301052293
-2.337260980431032
-5.175657430062494
0.4272172976293259
1.7100381909535594
-3.554104083941725
-0.8627143947780789
2.8059165208477417
0.6590322146587687
-3.003334639295561
-1.9997845777216705
-1.2908376660992609
0.5526166047738863
-0.11556526667849214
2.7795544871382742
-0.7059570573022224
4.867521498078066
-0.34343335344675485
1.5387365577453005
-1.0698114595088832
-0.1032770372285138
-2.0277124491859158
0.3900882165838766
-1.0197742356748758
0.5303133324835474
-2.92943741019042
2.306871920743892
4.364371977694653
3.288336818522861
-0.9158271718080306
-3.279672307753907
-1.6431395509917484
2.3756495301311302
0.6926509566861242
1.9111695695906443
-1.6189009581330431
1.960072244222643
0.019857421844895085
-1.4814649957533577
0.8041107559257643
2.239731749060278
-2.6827666610798886
1.3410020031871641
-1.5800006472509038
-0.8163208352169719
2.460733682717879
-0.24592277200074578
0.47267534430129454
1.7982044543452274
-3.016512451332412
-3.3201469016680307
0.6584321393984967
-0.12109534287442905
-1.8550401249711035
-0.21132454356380256
2.1814680704433447
3.181138287833631
-0.6105448527021938
-0.2632549028008423
-0.9583124406603424
1.6128575903653002
1.1025619418169619
1.2755749369964977
-0.18267942969705056
2.163606998707699
1.0726261151041396
0.7186204730833499
-0.39767138386892553
1.243682478226805
2.5212710108473004
0.9080891324987569
1.0010452438008082
0.5071122649017789
-0.41837687844722465
-0.32188645435699026
-2.030833820097915
-0.49651269570326756
