-40.81403926812166
-0.2192940381764973
-1.5741850032554332
-14.902483510018152
-9.986076704148044
0.662070838783548
-0.33444393998578315
-1.1512481771450198
0.0654415246080087
0.3116240467663827
-0.08505331219184241
-0.24083508980227447
-0.08168041743338184
-0.06493667176253987
-0.13526804000528359
-0.6319431755211374
-0.24956719332036387
0.37208026705703945
0.7178014896364071
0.09458007296497944
-0.04165522398908017
0.38544648117637026
-0.24391883253269292
-0.5601258241232636
0.24786956327898813
-0.10575800492897
-0.3285220472014033
-0.12206528658791288
-0.05813418421053596
0.11945723162235965
0.7546058177491178
-0.16043947000874445
0.14621205818234306
0.32123696067870555
0.1529610285906797
-0.364010272945663
0.11379305534253724
0.11899634101306647
0.47063550985251335
0.4171494996184216
0.6913155864446984
-0.08410221952390617
-0.2240133063659458
-0.5600965425675197
-0.07658117713661439
-0.1375516042221494
-0.1358792773134003
0.03667781860871678
0.681583712251693
-0.31604656457540664
-0.12746818606623037
0.13584510522308368
-0.3246589264181161
0.09501708823670708
-0.19736534979692288
0.4856186132611171
0.0588906254543612
-0.03315098742589425
0.43457974425468376
-0.36468506609182116
-0.23472177876091918
-0.4646964458386261
0.6954381570627645
0.23117572625784005
0.05859711537651564
0.23497646365402441
0.21661270365484214
-0.1449231894885569
-0.2625198396539413
-0.010552474030126956
-0.25300295395648886
0.5161920791506885
-0.6097563796663895
0.11500160454785752
-0.4484059343201566
0.08562949016698566
-0.19333277453898384
0.1601473964446724
0.011221700703545882
0.11022413889008474
0.4717532731761788
-0.18027399189412313
0.528642217151248
0.11590864341897719
-0.16193169335571678
0.12487884017231088
-0.011511873596996736
-0.03325389646310581
-0.003430034995135292
-0.032404732469009
0.1573165077991482
0.1679289863071521
-0.07675580394657451
-0.049408948754386936
-0.01801704055334211
0.09446297566517624
-0.10352436296971268
0.3723446130313557
0.20798900394275766
-0.38280472661088305
0.07700621347320566
0.16605559926158503
-0.18886331215212943
-0.3485153409744084
0.15663637321064935
-0.6115241339506682
-0.5005567288544432
0.11534559414116599
0.10145836089846413
-0.22348191287285127
0.0897434127130146
0.127471013696125
0.03928861590774098
0.5414155232506902
-0.033242384323850245
0.3793463299522071
-0.03954119369202724
-0.3158199941462628
0.020342861488497094
0.47450638714372395
-0.25931301003920654
-0.0326979657696779
0.13386327216338087
0.1873421148539404
-0.1719951856793461
-0.5467935744293589
-0.12524502201434984
-0.17492798705916962
