57.04675970091597
32.042380361819355
-53.92368001073322
-5.04893440293827
-4.53359404560727
2.887149993853572
6.758602185550999
0.34844007954112327
2.1281513427632084
3.1128431907952785
1.5616124273598992
2.5278331169478916
-1.277013960026968
0.36526942261836054
-4.686683425586018
3.779953245334353
1.1354633837856865
4.114553946574905
-4.077920571470145
-1.8827406377607603
1.2853623867597106
0.6288686784869143
0.6430814363226979
0.6886384251754432
2.450583196950981
4.9873770952133825
-1.0099057356707581
-2.1798537811251095
-4.767773675668003
-1.7913667945982126
0.5115441994809194
-1.547256738031239
-0.5850932453001034
-1.1369898594185424
-5.394471790650538
-2.3929961795826196
-1.7452381329680557
1.9359374879005937
-2.654289685192377
-0.8250448859812897
1.0290288828465073
-2.1884996226542186
2.575453508400623
-4.7063622356008326
-0.7215325500318485
0.6218284171350026
0.21549863083214404
-1.4704739646698874
-2.178761526788727
1.2014333787960414
3.1947925785331663
2.6723917969000635
-2.5646695284001315
3.137111401463041
-1.198304277121614
0.4781931528036257
-1.5233400515556077
1.8837947276785036
-1.1850544609674358
-2.592616501543207
-2.773212007767232
-3.5220954237118254
2.8176483046888183
2.747656909660297
0.840656357616823
1.6534727130184637
1.7312174983643933
-4.04245705532568
0.6723570522613952
-0.6642629567083963
0.7472915318193785
-0.8577130009598497
0.8444273815058317
1.2751054529058876
1.118228906859476
-2.2224127764884876
-3.9901932152736386
-1.0243509625133809
-1.1385113082172102
2.1417873102389224
2.233912986944479
-0.7947169870253484
1.7436544643217293
1.0369739743504822
-0.10219688145348534
0.7451721570550469
-3.1799934794999256
2.861455655632295
-1.4242956309847856
2.644197710472304
-0.26091849885472107
-0.9580891492243322
2.427785800983017
1.4490322769921016
-1.3161602253506663
1.038998340984146
1.2480744992751078
-1.5540050974539128
0.06075821665339955
1.505239118507157
-3.3987501835161935
1.1177234248093468
1.6558007798798742
-0.05703087841705309
-1.3422768484684398
0.7244582086361406
-1.4555729180433103
0.5186644808041853
0.16906611636100355
-2.322850723163464
0.8343221490787802
-1.151411776863099
-2.1028678697462606
1.880950476213128
0.9476548078729767
0.8722039105179442
1.0845157457142867
0.8440857971683144
-1.648410285599401
5.314467475401722
1.7472262618636631
1.1390383782419071
1.5265734525553214
3.108801653821884
-0.7589080673209727
0.8374443080597241
2.0866557177733593
-0.8579928360277783
