96.31502824200578
20.42230244792449
-35.70390502512638
-12.701647022256974
-9.622615974320313
1.1724509267072654
-0.834442718771573
0.35556470740524415
1.167714595746886
-0.011181644428400032
4.243070904994887
-2.4427586393909135
1.5244380956279473
-0.19622753638079188
0.08025887830545986
0.37358031103989087
0.6514238566721035
0.19419562847995003
1.0106411813870584
-2.583685278455342
2.1590962115861827
1.0195339555452732
0.0115611085785437
2.133081201604345
-0.5976181301850705
-0.17605513015875232
-2.748664991335962
-1.89298641631144
1.8767141922640265
-1.6800525489382099
-0.3236970365176589
1.4536490895844114
-0.21322324679220242
2.6050426140055554
2.2454123228937135
-1.779082624659364
-1.0812694848818265
-1.638962496486065
-1.3913023653032177
0.4401324169889509
2.4441845273253193
1.6776377343961466
0.7595343574471833
-0.7654195708017528
0.5407903713923695
1.3189386372296492
0.08918692407748935
1.320759519621172
2.296956394264312
2.9314800460574952
0.33905969282509635
2.043210211710699
2.4759788203261848
-0.23026827234246783
-0.7711920202340831
1.243941095576005
-0.8135541151297894
-1.3275384252091436
0.7076925469100248
-0.06380818751937005
-0.5302604166538396
1.825992428530243
-2.1521210942860987
-2.780756484674405
0.11060503511579031
-2.5026007727314674
0.8744532992909667
-2.021543862371334
2.3201334754692944
1.4149739465907825
-0.053504524095587175
-0.23298395291703095
-1.0526227896503788
2.0811815055206706
-0.25763419065396787
-2.275804904689182
0.54021265516655
0.6868445110961603
0.10670363538835068
-1.6596330106681942
-0.5507270304498108
-1.1889010010821999
0.25122615326773723
-1.3921734976992124
1.1908924677625212
0.16673605733863175
-1.0829697055274505
-2.756979346619749
0.948974853247071
-0.43972521156450395
2.7259935640541015
0.1674231687918057
0.11266250981631701
-0.7654027432191708
1.7889551602646152
-1.714323822875919
-0.7571122358332807
-0.9857800164373067
-2.1488985891535966
-0.5417483796634188
1.9722291906899456
2.7026302998247695
0.32500489249272796
0.5385844494536757
1.107474318288054
0.8331501201414601
1.5758417299850527
1.9456032712769666
-1.4645106125800078
0.05661321474317095
-0.9481989629143762
1.5296461060525746
-2.6613139006188025
3.538594716553967
-0.5525085726188562
-0.9301287441235785
1.3701742340054248
0.1434720652768933
-2.5192788343922414
0.23075630804214342
1.4446598995259263
-1.4522024199081547
-0.054453680110501
-0.3506663435947085
1.5074923170860852
1.477114400713354
0.553538482753448
-1.0972656643322614
