-45.61039737323782
13.123749750370044
55.3154451505602
-11.516994202690872
-6.694484957396542
-0.5072152638162569
1.8955936650383718
6.916649867203616
-4.317945768267744
1.0616119329904097
2.941418558150775
-3.6098054114464047
-3.397813513303907
-1.6875092066159256
0.9228342821620343
-0.31806052801915186
-2.845600024961711
-0.1859026519839704
1.5865086821121777
2.4477435612926475
-1.835157700958156
5.9256744138471245
-3.726439921070993
1.7871103376876478
-4.137946577396134
-2.958799007576355
0.6233707465862945
1.2763230652195667
-2.7934680369395513
3.520246968041214
2.44687823362599
0.9743493437583388
8.156725681541552
-3.5927699601173986
5.038008816517438
-1.5024388873299412
-1.8610347671487537
0.636654079250734
4.465595614369
-2.657006379248361
4.267510149321972
1.7960331085241428
2.7437945043783474
-5.08038514521705
0.9023229009301093
-6.074207399367223
0.2739714924325114
-5.243072669665713
-1.3977057204766856
-1.568291866309473
-0.43122784940085446
-0.5131479308231023
0.8193088730371108
-1.102011880980249
-1.192265377820725
4.482092658431513
-2.8638238363086304
1.1247849074428156
-5.9092354203529815
3.381003118933084
-1.8480950433881438
2.1804462567462326
1.7192020677490862
0.2014216266239244
2.7977413296745843
-2.757446638492223
-2.1047939297659766
0.5475011092361272
1.1585581097926867
3.2810015082191275
1.7935120859559697
1.3724403786226453
2.2241152856625215
-0.26352146076926997
1.1008553224042892
1.5636593337535
-1.7601916451282815
0.6509358074147507
1.2872695902058053
4.381161597248314
-0.643254699209608
-3.525713216733163
-1.2989711686318077
0.5816290406760718
-2.41210829774225
-0.308815827490617
-0.7149449101722781
0.09424035216036711
1.0251525385598914
-2.2388367680093038
2.781721186687134
-2.170153173751573
0.8228490002756583
-1.207206704907834
-3.173793683595437
-1.4043365296810513
4.042900231854928
-2.4979916148950676
-1.6481664053658795
0.5069509154087424
-3.2966448185983244
1.8228802063781613
-1.317275243908674
-1.5656771211546578
0.7931492261124069
-0.8784429064579269
-0.07290925287474308
-1.0837455472971442
-1.5948594386637052
-1.27666016176082
1.699115875490215
0.052830307004575944
-1.2191898768155083
0.5359811543429442
-0.6823697596090815
-1.1116864991108637
-0.25425603728911694
-0.03817657294826842
2.7241200944460364
-2.449382110957686
1.6935933402903796
-0.017851569570883442
-0.5892731130815392
0.570932190909972
-1.007090697480293
1.2734606800321302
-0.4365358550531723
-0.9704890211295111
