91.67869489579034
7.49102093183298
-43.057757480997715
11.036460837453136
0.1730906142479698
2.7827620056976494
1.7469752542288588
-4.505958713275555
-1.0298687469462968
6.234825660033427
0.6257211687207016
-0.4127271519987212
-3.856706772042938
4.20708017455457
0.19483586666034747
2.8633974370069795
-2.6053870208867935
-0.8154118906652084
-2.2360599202009874
-0.5149446937062125
-0.1999745810773758
-0.35668132997081126
0.0048980838410604965
-3.276026659052718
2.244975362880175
0.6093727059312872
-2.3777577448933327
-0.8431077138204368
0.559628680648049
-2.0901043523937726
-1.1206915483366786
-2.5474125093830176
3.112016054467501
-3.069827031553175
2.763764428324076
1.6130794672371245
-2.036763472992321
2.004191766676198
7.3529042951582575
0.5807075625055547
-2.349037061958028
-3.0514008139051625
-3.3623746388501146
-0.9644507214270212
-2.63659476430848
-0.022668497208077065
-0.3042054556113274
-0.7974216570119916
1.058203379478936
-1.778669531576707
1.8221429258345547
-3.489795880770249
-3.3665174563284594
1.2250798183024245
1.8168092292593472
4.245783156759658
0.8464535688824487
1.0423533491042805
-0.5363544142457991
1.5885690293495136
0.937684490146057
0.6911559228929297
1.5699257947090677
-1.7540717948743136
-0.9609040048225435
0.7051176949440635
0.2049291608683983
-1.0322293316459445
2.2456656655518277
-0.5844374692975558
2.8319734338702096
-0.2528514771187579
1.4543313975968122
-1.6091614132913445
4.456233652338953
-0.8146643264987101
-2.158875324910288
-0.7192859034988622
2.3890036795733844
2.500544016690621
-1.5581856376820453
0.4552802279492826
-0.5054491339760481
-1.3090837879946005
3.140085996017299
-0.5204920559171102
-1.5670005654656325
1.442196937230921
-1.2347706375925342
0.4057444840684643
0.05843674111498634
0.8663246313261651
-0.7440328193374156
-1.4354528065766932
-0.08616257682586523
0.7308761507054966
1.7994306460649532
1.145544120329225
1.4748099629863343
1.51235984031305
1.0877348942649656
3.435494543890287
0.34559760910703746
-0.6518768442243634
0.7687763126038551
-1.3953271409770664
-3.8126192984121112
-2.004719068653327
1.6734298111388983
0.9104567886715546
1.8228113697861588
0.7016350585014042
0.20853014256256955
-0.9586443337563941
0.19331895597151572
-1.9645844353159148
1.5299813917317187
4.336380100314179
2.1155018129170213
-2.079155701897076
-0.8176942826675764
2.612041047472164
-1.7689745530193997
0.14379421965891764
0.08924094051000042
3.9025523071860895
0.06479193082519072
1.9203241870076408
