96.11458663013487
20.62899077759412
-34.29531355825336
14.288194992563712
-0.45706890292755786
8.985749755234284
1.3410307927769012
-1.7561442684386916
-0.9968760494529469
3.065715024931065
-5.046083934350704
-3.407595663017979
-1.5045118673180116
0.18729292686296112
-3.771362478268545
1.3189577532823502
-0.4130586587358891
4.07304324422257
-0.2834969000335701
3.0726476404008203
-2.069377761614645
-0.6950634234907624
1.7835672673595013
3.038384284773443
-0.8524639601853634
-0.2112109808258183
1.3659366106989785
0.3029418409740692
-1.068269993408805
0.6823891855340191
-1.3325973694854614
-0.9004078783038763
0.3280060099745536
-2.1133961139369015
0.008152358342485094
-2.0990333400032233
1.5701914425417385
-1.1693267941448453
1.0977640708100507
1.3612854323727652
1.4526042303824087
-2.7820383860569673
-1.4029432951030396
2.289070878805573
-0.41395152303854377
-0.46672424869990226
0.021217078782817887
-0.6233213850871523
-0.6903663984910351
0.6540060444370801
0.8341208720831739
-1.0138083114401562
-0.6358640058646579
0.5830363951213242
-0.21189869491314067
1.9076118304899814
0.3083621767962453
1.135269322763498
-0.6805892138438041
0.9298800718196466
1.7864109774665216
-0.3843253296735184
1.0822359365508758
-0.9951015946972851
2.329677671408001
0.8866657935739694
1.4416554122553724
1.6342807209042773
0.19449994925287595
1.384959261492605
-1.6398967083428218
0.6966705278728306
-1.4305178927855087
0.9067339623071773
0.47458618344224357
1.0078270121487798
-1.8781647692939363
-0.7188360062536796
1.4822933802844518
1.3178720428443829
0.687071236657957
0.258944095403159
-0.15629659059873974
0.8983115339673028
1.8016731870611475
-2.896292294021057
-2.2835152147194338
0.6112894928072018
-2.3478940177291534
0.8408253205610959
2.0297241767065266
-0.7406804212242538
2.770118706718332
-0.6281615981332502
0.09153024618971231
-0.5018380369497718
-1.897058212555219
-0.07077897453877428
-0.4594438536113039
-0.8277408158487867
0.7763961141926687
-0.8360664592860003
2.5289685631914307
1.7302967964373757
0.5806701935274277
-0.002540318383139735
-3.60281684418346
0.060949647150204525
-0.6907792325778969
0.2472004868758152
0.38846572279303815
0.8181253327566869
1.069966513431684
0.9659117256555638
0.3426227352193306
1.6992373133835552
-1.6455078973199848
0.17785496249106578
-1.845199811729773
-0.32233609087923343
0.7240793977308869
-0.7610126820753356
-3.0684344814004496
1.0174088238346954
0.15750258674199213
-1.3296656530015838
2.1249571353176537
0.0036758338615992814
