-40.20811972670201
-2.0570170628385163
-3.401532708904251
16.024093930149192
-1.0002862821522145
-9.761697391534144
-0.2511790855302025
-1.165837287344328
-0.3770300173354186
-0.004516090683721358
-0.2977232670083301
-0.3106591740645852
-0.22527573540761142
0.15378544389983123
0.1200475881532756
0.3284981008065993
0.6678988628823246
-0.5229564002767809
-0.30952245896735076
0.2739049410959956
0.25201298782972015
-0.645660985025358
-0.32490107266312607
0.5969385114473708
0.09236056761218306
-0.32101049744617705
0.26010044288099116
-0.48268816973399853
0.31802526874876336
0.5359208216448229
-0.24516596026590054
-0.7990625273676829
-0.26429235077576285
0.3190231061739072
-1.0038603445614833
-1.0613292715716292
-0.3940551635431976
0.09131204779857156
0.1329040643030417
1.0349573276064727
-0.8557357095550413
-0.046071729584812524
-0.09592020856422384
0.03530511216966603
0.28449092114961555
-0.16523806858722206
-0.2675223223613518
1.0193891289796448
0.3378785216032341
0.09883176041905978
-0.33605875314489475
0.03002040195041243
-0.15105005509135805
0.49086049747257987
-0.19439943879345647
0.24028694844977586
0.04503212397235812
0.006653406999079965
0.11632447854840534
-0.20801255536241348
-0.04264739183256781
-0.09050689602319284
-0.19283813639401806
-0.017951561215247484
-0.42385280670152936
-0.38392497766971245
0.18334553964480937
-0.16507650591445122
0.10903670643187204
-0.18657404169868153
0.025736318727853147
0.1779313142605125
-0.2399860580257021
-0.12342869730389494
-0.18557082909801792
-0.5054129188373462
0.27989377336137644
0.1577786381906917
0.3196330305111866
-0.4696173926529926
-0.06566408509831452
0.336079575291414
0.24239188351266425
-0.174276475343631
-0.08145057513141471
-0.48230968728083357
-0.8432228275774762
0.29046557722280053
-0.07606172263413258
-0.19528750013121107
-0.32482987089497406
-0.08167257573102457
-0.8729153794089568
0.05716312846605362
0.4316679872071202
0.1756139097293088
-0.26356598829367867
-0.072767075076414
0.19697453852784402
-0.45835722661281864
0.2409834618834216
-0.13450609491725785
-0.10152889739364118
0.3252124266322596
0.4261942506804448
-0.21430970746340897
0.45208266286274823
0.21213620329424468
-0.5485812767298632
0.28346944109533123
0.4063508166959261
-0.16409591293870712
0.12162725665944892
-0.4504061481670278
-0.2431450291770051
-0.3210661876529344
-0.08584075195001507
-0.5827688289403723
-0.0541221491414659
-0.311084731577782
0.38328013282084744
0.6919188897053005
-0.15741619286457492
-0.1168375574271024
-0.1921384240305793
-0.3241518803700099
0.10798247544543876
-0.4344831108831456
