-23.001934900758812
78.76301074919941
-37.64071766108063
-4.509805964002776
4.424414003945991
1.3637881291592395
5.992451901274638
2.1210628578516224
-5.280849327936608
0.7123958804909791
-2.8413251969062467
3.1429135464500377
1.0966508885688013
-0.6930916172793293
-0.6896090617421929
2.314645680788919
-2.5476109432296226
1.8637242782723202
0.03931959992727113
8.69100295620196
0.023376904807631826
-7.186875603325236
-3.519270542462341
-3.4604221005542124
-2.563127044192783
-1.8897258960978092
0.5531653173478057
0.2995888382362347
6.315371740141558
2.2507439735032464
-6.735633145716376
-1.9361557966822371
-2.073810828069098
-5.365809420012946
-3.7226855251819537
-5.492238021889562
-0.17311275829885564
-1.4238300457290964
-2.0628498633956536
0.723877159750574
2.0938488923968697
2.023614145689212
-1.3669176796902687
-1.319821316903513
-4.10770881565527
-1.424411067854529
3.1839232663119263
-3.040804768689173
-2.9375000700814717
7.827843780330323
-2.057819641364516
-3.015006620429327
-0.006497329097928994
2.803314641610096
7.448963490509024
1.8020537755097104
2.997893769154314
-0.598640848542314
-0.19347937790854206
4.49580235836125
2.065941443444778
-4.97916863574831
-1.1676085976788135
-0.08963683030654412
2.1803641612916236
2.888698204985546
-1.8701321744754638
0.6956790509661787
2.627746958015668
-0.4590252170165489
-0.7732272714284187
-5.198283991109552
0.01257560370021131
-3.4534190479730626
-1.6891350358066175
3.7116378937255874
2.8159124782745617
0.35202674379815535
-0.39179700306087306
-3.1138558168663115
0.04238616376111598
-3.7053154058969615
-1.2085671828040052
2.312084452922796
2.160650958604106
3.31770604324243
0.7009499031290934
-1.1255082558932565
3.691677846820241
0.153801898972175
0.8029442048616924
-0.3552930515323258
2.6599190377642765
0.623687173610469
-1.5382356626956857
0.5456414006382845
0.33379501855484134
2.574143526544664
-2.342394026304048
-0.9615614757260863
-0.20711595347625225
-0.9968279489617036
0.9860097243497198
1.470211455415285
0.06724754971012496
-1.4241304617435624
2.36344992679925
-0.5580969255920665
-1.640003067196594
0.9933650527825184
1.2203554071672924
-0.33526764033506257
-0.8075694349643643
0.2931546626212559
-1.2560332348649357
-2.6125798773507776
1.928373151986899
3.275422183254017
-0.5181430995672938
0.4565643712456186
0.9372961442269103
1.051896740835029
-1.2384454672856013
0.6726541865013368
2.1339061063575566
0.7152939077638095
0.7671262059584122
2.2925893919350657
