-33.841830943168546
11.879860149912561
53.03937767754669
7.982448223323316
-4.026150894936508
2.6462065550151426
-1.68559406196783
5.0275526002213295
0.22817596969990184
3.7565917830543323
9.795644226712598
-2.3251305510038027
-1.71817698613948
3.7126508244331418
2.5720626660807135
6.267929716704677
0.8149087794146642
-1.2110201841143
4.694115793636551
-0.5435783439118144
-1.8999590917879636
-1.2151096071912728
2.870383614513477
2.1470150546914115
-2.278917198359195
2.711802908864274
-0.08240214989057382
-1.9109413553492562
-1.4142568287488322
3.9326700052729446
-2.4021781820978925
3.167196604383599
-1.4520633979801507
0.3344740705764524
0.1458448962604541
-0.9095340238578504
-2.3912677742735755
-2.1411605688622375
-0.5576204857925959
-1.544222026786109
-0.5094616566990856
1.3119304007358839
0.6909674278751632
-3.7505040448158167
1.8393371443332978
-0.3924691028530831
1.0707653068897542
-2.6922436115361283
1.0659671974831824
3.225204998469158
-0.49345438853594137
0.6656041422858776
0.4892184335080495
-3.0891438916273595
-0.22574938276244128
-1.7577971727766823
-0.6821318516951691
-2.2454980962119246
-3.0750821065068665
-0.4458612466811343
-0.04041405039910793
0.03676775565392312
0.9616974160275062
-0.3727175440310475
-1.7518486064655288
-1.5903017200978957
6.3684471025090685
-1.6102280938645146
6.3520061201847735
2.2723853227565427
-2.6754093108025225
0.9493387287892138
1.9986580655672224
-0.44546143100892144
-0.1160951143145685
-0.35550619548006657
0.2388082750560308
-1.3617701739559234
-1.0117215212292956
6.358664637637518
-3.987749170769765
-0.8273666875807206
0.5514952815840075
-0.27775660075890735
-1.1631843413907355
-0.13824738099086906
-1.197885562363859
0.10645837624924315
4.349476746999142
-0.7679591772637107
1.133190921476239
1.5464324451084226
2.0647277016443946
2.351417802029635
-2.8328181270296975
-0.1589111553934345
-2.3433900861097734
-0.9775817766990855
5.250639635766781
-2.5489378446660047
-1.7687918631248682
1.208416663006004
-0.44065024600818914
0.5450794765663871
-0.8327215937909445
-1.3930675034888083
-0.2846337087927126
2.7352940390253693
-1.3010717670781704
2.179706103948977
-0.8419428226276702
1.7902642346744393
1.6014769723475892
0.9771561582490687
4.547800897626002
-0.1048593127814647
-1.2822296140749943
-3.0643298463106823
0.8980427255947296
-3.08348175962018
-0.25123207118964264
2.401435761526928
-0.5335632392584206
1.2765597936160906
1.3254814815757283
0.031649822515613754
-1.523802096884457
0.942852953447598
