107.90777289560712
24.760660174463215
28.93664383294224
14.072779936124848
0.2883924600223742
-8.098151295622765
-1.117539850664551
0.6238825927177678
-4.870285504429216
5.468002656946855
0.9653680639575613
5.904099150014561
1.2718708759620319
8.21003230275777
4.829568105597609
-0.8180915397030176
-4.158449977803299
-1.8224429555043031
2.602293934137684
3.139912059599103
2.03708323605933
3.4963029031392105
0.014955368925959486
0.9501316344443442
7.052459162944028
-3.2344844135566766
3.1376073452426705
-3.554303525443218
3.843549346637489
-5.295315698369433
-1.3521388910989904
0.7063417315504151
-4.8645760404743665
-3.744957629084158
0.9912391549884023
-3.2848198168898004
-0.5166983108905671
-0.7510479653678384
3.942401235315704
-4.17348437404471
1.5250064698112602
0.5569846403367248
1.3094347841449894
-3.1823953349454457
5.161141991692849
0.5869225631589233
3.5182769684342863
-2.609993533695804
0.7207213964392746
3.1457099516471736
2.52577825790205
0.5321223514990906
1.0649249269407879
-0.9134111911277947
-0.28347830504077376
-2.245726274649414
-1.9444203895092445
3.964256978778363
-1.388334135405804
-1.3619204438830232
2.9175536979437604
1.5736683527031932
-0.10876554298242269
0.031347257571901085
-2.2381860135728404e-05
1.5853242323582657
-0.20572875391399922
3.287617905368059
-0.6242630832296475
-2.297071602260527
1.6112602851130935
-0.8583668135744562
0.4693771466217382
3.0671504032303303
-0.22363950977981403
1.918087593162396
-0.654305061399848
-1.591291507865875
-0.8419703075937369
-0.8904141242235856
1.0927239126944783
2.7664008714878197
1.2611238639894353
0.8269606273210965
-3.0245573444924885
-2.2103815929930013
-0.16994312846096593
-3.0006285345634685
0.045210049030324495
-0.5976307075060195
1.7281310726707935
2.2161422044546173
-0.41285150008443
2.1307277728583296
0.24944525899352624
-0.516724561144613
0.26220564458856255
0.05105265548405993
-0.4810633583594277
-3.2893106457237367
0.41846138866286275
0.6431187228071946
0.08781817117371626
-0.4048633895554714
0.19626669150128379
0.05378149594842219
-1.2635490654446
-2.0045062722862905
0.13349912563414357
0.5311413662125749
1.6049081036918036
-1.248551073317178
0.5286488127937374
0.5015411261173041
0.3846209667449216
-0.12636672795227022
0.3646600367611331
0.8783689897569965
-1.7898512483066455
-1.7094893653724612
-0.5380655484763687
-1.7448353799694936
-0.5745516469638233
0.6857596655435307
-0.9300738366019391
0.5865330268684433
-2.1747846569208127
-0.25529933312954173
