5.115013931698565
72.2720100121295
-37.646384417216865
9.139112289326219
1.1610424599205507
8.658068806909414
1.3022702853252894
-0.45789356551239757
9.839841985123911
-1.3639342938124415
-0.3868779072252999
2.5469017882158997
-1.9700219824261458
-1.6458232005678926
-0.8624016654569818
-5.3573008818735515
6.878660790647266
-0.12346203623656606
7.446215948600599
-7.7353615437009315
-0.1388545960525433
0.2571756850801654
-2.4172007890700766
-2.8891053025589257
0.6285028205069734
-1.7632592594556293
-5.317763726963522
-4.227438428478247
-1.673213301777728
-1.9986446079707834
-0.9173542536459761
0.4625262827454718
-2.6515368201924896
0.2640776940878809
0.7743277536826009
-1.0068976863123598
-2.2156857111604835
-0.27171975530629444
0.8770210567408913
0.636252763625367
4.413977771090188
1.8961313843249756
0.38934299015792406
-0.6587165608324177
-0.7675457634383588
0.34570478655248754
-0.54875200965261
-3.246614559829762
0.10034047989542988
-3.8677557102644915
1.5039223882312203
0.14135971799799418
0.5695312461526458
-1.717843596038991
-2.3308838489108847
-2.4516862346038786
-0.8338049488267678
0.7023291246771286
-0.44935850975565106
-1.9514306695431072
1.1134826634420878
-3.5696088766669885
-0.23705336867031274
-0.5696714331251044
1.2686840640731019
0.9958341141301509
-1.0298379136666083
0.20481922751588716
-0.27372617580769676
-0.14472205251478945
-0.7358069721351891
2.079746539601803
1.0259052249370275
-3.5483259530716453
1.9529481753412026
-1.5205726928347212
1.9698660547907427
2.3862229822693326
1.133592891402517
-1.5596377327059667
-1.8244146081268067
-0.30051492590779416
0.24871110903881272
3.9482102436606077
0.5372742948526285
0.6882066368923357
2.593989975270609
-2.5455263552590384
2.477512412785603
1.3594198634680665
-3.989056397559594
-1.8695710849683393
2.530940056123464
0.6953945379498898
1.6367359867062994
0.5553437605313882
-2.76314789939927
0.7563011606789458
4.868152385195823
0.18089908964609808
1.5416558037342765
0.5096478006652612
-0.8219464804675805
1.6954898060230914
-0.9266625360407706
1.8569764123202395
2.14213164515066
0.8204266899768851
-2.780316095547719
-0.8331113289328329
-1.8622375215594544
0.9494966534053054
0.6395915995207935
-0.6378758765175653
1.3193395672785357
0.42826875622396277
3.688808457605924
2.80102452819262
1.5057892752956155
-1.7803628486732153
-1.0688676891062392
-1.2728313814723948
1.2681886381743657
-1.0529233461401222
0.4146134266773452
0.12659066626516713
0.7171456533087024
0.9529232460841341
