-40.62273140026045
-1.6227344721240056
-3.267712807299235
15.172761135370635
-0.8566651366896576
-9.884488183366669
-0.17661583364779948
-1.0453078862199925
-0.3604158154922248
-0.1454156719772615
0.025246966413091508
-0.14848744735576802
-0.2560697759994274
-0.2437692641716225
0.36280811420020836
0.3980879953322657
0.10733813546181722
0.37267724143618775
-0.2322068614141858
-0.5625833586686105
-0.8892658060142673
0.6288877678535502
0.6843610414113237
-0.45055024097837043
-0.6186465227581681
0.11645998404763215
-0.6094151209494959
0.7057514836444431
-0.0986140049537684
-0.3317529782724457
0.48127295223059136
0.634059357086521
0.05440651704641025
-0.10507574786990731
0.7872332363744983
0.6332304902944045
0.5416710115924247
0.21777446316289945
0.2709898320509088
-0.6823490697405302
0.1333396299723906
-0.19574455014166037
-0.2482609254974243
-0.17222924524942917
-0.19520324091695684
0.6175360408225227
-0.03377480660900338
-0.7132703239598683
-0.3455081041748985
0.1122480817449529
0.2652335351022186
-0.11604098698419262
-0.08510201493059782
0.017965288961283285
-0.37643629047597876
-0.7090544999286034
-0.20863002348381823
0.0005859772209904218
-0.25356619716010736
-0.10592330945920761
-0.14021256104745253
0.11451084453245701
0.5946104359005215
0.012044342703582357
0.1257746861241383
0.31610406313558587
-0.45294521176872593
0.009495301761225917
0.06812225920467875
-0.07245687362575301
0.15307064945449178
-0.48516776762125025
-0.2841996754001438
0.028380225219921854
-0.13585550145801956
-0.06002375279866852
0.07457645840964885
-0.1746341602486875
0.20967377482355762
0.20866175290818975
-0.03742970534313912
-0.1678747009575648
-0.09597235564264403
0.2446987442783937
0.4149282590807744
0.5990144016990809
0.038771944395791964
0.12555612811666292
0.12701393294904192
-0.3464328397570329
-0.0565103648058002
-0.11958033802297668
0.12559678613813127
-0.37498272563069734
0.4277766020778688
-0.1112288557880198
0.23066453880892868
-0.11479025291574704
0.23594796472621887
0.141170371984946
-0.17407863081710118
-0.1229986940779106
0.1357654318535761
-0.1825276540322506
-0.11329434180648787
-0.5286563116596497
0.16059606783761132
-0.18610206403703006
-0.055029096838716936
0.26344527438989424
0.14065470522256382
0.7043631911214517
-0.045256680590630385
-0.32810591802584593
-0.08004540435287329
-0.06748136016700887
-0.3624679887537183
0.5493398403555835
-0.28558294355672303
-0.46406178360906336
-0.039044053054339195
-0.2183349127349765
0.28589457522180284
-0.13626339635843066
0.055104409696249634
-0.1499484692886988
-0.29026972577496596
-0.0017172909552348081
