-42.59080782936381
-21.732142802905212
-18.120711642207315
-7.300375600589982
9.702951838675592
-2.2095104692993592
0.6623150364934557
-1.2311575749344645
3.8384139886811903
4.432490672125236
2.929304991242006
-3.4722412677473296
-0.1451078072667897
6.073034718216117
-0.6795163722172438
-8.202359357392117
3.4763738765724206
-2.0448686652357684
3.41649481738894
3.0287277628279443
4.370671090338363
-2.486286300823353
-2.452317105922821
5.107567282536795
-2.091774491582096
-3.5040937778678174
5.395244710963068
3.128223736152006
0.09735783638869076
-2.2483455906855574
-0.2382571471689458
3.723610720777391
2.7614465457850677
-3.1330599670032275
-2.3863067442979475
-5.715697123893381
0.9382897161585063
8.506186047080522
0.33588949033937954
-1.2116308567421572
2.025548622000485
9.295290621929512
-1.371934171760865
0.46678725847964
-2.7247725607455955
-4.207049140202019
-0.10302980633747488
-5.389531194954472
-6.848471719347232
-0.49618100458769043
1.9302283679648304
-1.3665920423813376
-0.388337727827747
1.286108226731257
1.7880439578799179
5.648769282922075
0.10841273228901613
-5.907225275676829
-4.845130172494051
1.8232248486115321
4.808265911904409
0.6935981365218714
-2.7192212655278927
3.3831030159479907
2.652938320957164
-0.009192228259515794
-0.9530181936798443
1.404162113795155
-0.030144040661927968
-4.025933261974348
1.3112903009403356
5.3250889233620615
-1.7881438409714294
-2.937249176945325
-2.951923177833057
-1.7365504867725334
-3.2125384067974077
5.511421752648075
0.2393444224128599
-0.6990003788322786
-1.1400594350553968
2.7670826955616974
-0.5523067995857929
0.051149576383471076
-0.942355946736054
1.2047014577777675
-1.099626305523153
3.365267092963615
0.6748362418224826
1.4553005287484442
-0.1658713314740181
0.5530354986804696
-0.5558395565206953
-4.6667086031531655
-3.2368696078273778
-3.0979096916147006
0.0058618192128493535
2.7294627241160403
0.15298061392158802
-0.7656246826240571
-2.07881180095402
1.4964676637421235
-1.232551625517908
-3.2246352871201642
-4.325755549513493
-0.2692391246472038
-1.6194068537504802
-1.1581144825402003
-3.0115180129822305
-3.3663399057668797
-1.8492054063470618
4.205553720864566
1.6606897348420968
0.6334040511066317
1.1018455816942263
1.614303175451373
0.623940382905829
0.380447363041174
-0.5949598447804184
0.23672500477752495
0.8824082961562576
2.200572739570189
-1.1700792113647394
0.5552736674572792
0.4093421887445578
1.6851140250476992
-0.7274363206935571
2.274311846814161
