17.347132024554995
-54.1932530029886
-22.292835803185362
-10.48198647672874
11.74491665648696
-1.4563492622216074
-1.7577817290733133
-0.8304773793208521
0.28351029929836796
-0.2305046462737811
0.29528649883871677
-0.48315229236124946
0.4160441482856141
0.4298017864307425
-0.010606732941001354
-0.01365452230881642
0.0007346001110517392
-0.5213134245806994
0.036820769959689886
0.14375763358333396
-0.773763386938642
-0.5943533640823617
0.021312939596583383
0.07747165897292213
0.8279613076996901
0.05870408840409219
0.09984776453385326
-0.23914993860075756
0.05442149687274837
0.04335093641623278
0.253704043652822
0.6624667841491703
-0.20942460974119081
0.3200565050409344
-0.14013622484375482
0.45558426683877123
-0.5020796804667191
0.4993810023250249
-0.07389610388181443
0.16762169445156452
-0.4032886367153201
-0.001859122164715385
0.014711522101297114
0.09499764728534457
-0.15087344148673584
-0.17712679896724726
-0.5683903044760623
0.06977271811795827
-0.26973958229722905
-0.5974359422587563
-0.15390902794323055
-0.1567988430848495
-0.05364407543296671
0.030706577579501487
-0.26631691422568465
-0.027259719605966827
-0.457562977323512
0.1205087030116527
-0.09356285451050889
-0.0880801814703573
0.19511801702132994
0.07049386659285502
-0.1608931919323535
-0.28622274856709634
-0.35560684467441767
0.2626433894534255
0.13429275273071561
-0.20261823616150507
0.10154971055441532
0.0646978332329412
-0.4087015790116758
0.004324956700317156
-0.07045293237071246
0.6391144242309535
-0.19461146294816045
-0.38032899938236125
-0.2325976779376245
0.00992200804907792
0.22411733134049094
-0.11599995078716954
-0.4277707108336339
-0.048290760820193235
0.07792292350864616
0.3177894242501379
0.2285385342994912
0.048405357902079726
-0.1801967903288763
0.19957875918938034
0.6802357377185333
0.06108230125752502
-0.12359194848304737
-0.1314361112560115
0.12308200410243231
-0.2664741585974401
-0.17945401684509546
-0.13750505394706675
0.040727547143027926
-0.19147897632954855
-0.09287730986700829
-0.04275593844944352
0.012065366799572458
-0.5594565241259405
-0.29936098555242757
0.035045106958293507
-0.3509141161714166
0.007849925317818987
0.41437669489400575
-0.5832149804399758
0.2073826616394987
0.0993149879299292
0.254489052587066
0.14008822779882918
-0.09386485999698646
0.47023657436300326
0.44646773634487524
-0.3017629379699868
0.10206424062878616
0.4923840714838032
0.1357548870723803
-0.2309404452949039
0.06577748600157024
0.09306909518820071
0.32952625858393786
0.23746246061367376
0.2371817090585363
0.3748448398853768
0.5327694849661507
-0.1570161864886199
