-45.01088964315762
-0.024395088957994165
-7.360125783274271
12.367356633258838
0.06405390707850678
-7.73442849339674
-1.7942583197121906
-0.6944203652370328
-0.05856545783359631
0.1771624424815382
-0.19262401445174146
0.2717411409227316
0.2203705829131486
0.6716220287455549
-0.7153938058864535
0.006348166963622309
-0.20189332684373004
0.4185596719902915
0.13187953376686384
0.22692617192422948
-0.39081332875080865
0.31102746583042995
-0.17760280002116038
0.09322795097793983
0.10245958441344633
-0.1553123343222931
0.25831566347938417
-0.17326677668675708
-0.004423278365956684
-0.18783762613580893
-0.25206140308053876
-0.0362358889022237
0.401724176543231
0.06907911907171024
-0.26464759002206706
-0.46190433054679403
0.08963493685910923
-0.38093212649128155
-0.4245454154736403
0.1950406230131193
0.3203775034155437
0.1452894326451515
-0.18723739581404403
-0.27027855378102505
0.2404266955676849
-0.12713672056938177
-0.10443686666143549
-0.06305759903442847
0.0547837837883708
-0.30399082712229175
-0.3430312972039122
-0.40730315119199967
0.39619268873774544
0.16294736331586085
-0.05585643207113638
-0.020244532720074447
0.09010056307108422
-0.21879658312096353
-0.32969874420217893
-0.21845104533884105
-0.06659095594225206
0.28729328031103657
0.07861054707833791
0.29847085347563934
-0.2643439258274394
-0.013320588347301328
0.09973662542214792
-0.11484126680911085
-0.2837031055516098
0.025910550146883794
0.22903769820195938
-0.1644912057497809
-0.9545903914819133
-0.09862454826707487
-0.14200262277038267
-0.04832575784755447
-0.011802067330818317
-0.19054097561936373
-0.025792381216248612
0.06560961435206301
0.1318401545658049
0.17038721892499745
-0.25775754699625103
0.2551659511489474
0.20462332157268162
0.47340109366440775
-0.2678389616341859
0.23533617789737685
0.2190821471809539
-0.19972221900733989
0.021198555907179235
0.22121492183077873
0.1282573064880716
0.03480418517841541
-0.14202166925856669
-0.7235994062929271
0.26307443047829676
-0.41930662684172887
-0.533547334403953
0.2667970146027782
-0.23444114020172524
-0.09059174590803351
-0.18010344373166937
0.368197566157582
0.1135208624503519
-0.17785255675455502
-0.1386526893333638
-0.11283957020461567
0.3438108477368169
0.1961118617413578
0.20490952172037774
0.22122909639710392
-0.09459952922967402
-0.19195939671792572
0.15271241051678994
-0.23238754147131183
0.23856389531301928
-0.42248112674162236
-0.4666742372346543
0.18026266004595326
-0.07317587076658674
0.19135755877574595
-0.518441433852883
-0.39314509172788353
0.3253225469470071
-0.04867178869987404
0.021656211663135163
-0.10983413882719292
