50.990505551291825
-48.39241867236806
-3.7491968105727382
-8.730542739091057
-5.1821011827445265
-0.8080933025959484
3.4227020121648852
7.833637695041288
-3.054947847075566
-0.45080890274254704
-7.323684311711075
4.403784805406425
1.4965973833230963
1.1317739604039927
0.14380009774601055
-0.3639626823504731
-6.062904852323372
2.1205148282472512
-1.7234277956860187
-0.15243931747246636
1.0963840089084764
-3.2511812430364593
-0.8756351747041347
-1.5856960347804439
-4.810112413624644
-4.025060817408379
0.8195473367054449
-2.6452875875377595
2.335322266096095
-0.7209225082556463
1.1906695955952975
1.5648078260569611
2.24708194484246
-4.370478848897844
0.5900364681730678
-0.3287310467396863
0.7200675752790704
0.9063130229932816
-2.096352477674482
2.0391115058346325
-2.294270225611161
0.769152996916478
-3.2714583773260726
-0.8340934870564364
-0.9091118117621811
-0.270673532434811
0.061519783219320355
0.5959030156572398
2.686517979905457
-0.2424704759391189
0.6359930137048615
-1.2524928610299295
-1.2183578533675812
0.9692866189447348
-1.7631443359058356
-1.5756176371600896
1.026422472463483
-3.65620056944691
-0.31976084566254653
0.8858519301106464
-0.11423034730336531
-0.5212068847541936
-0.46085002756888876
-0.32841453079669075
1.5391892547608932
1.6687536310468494
0.9437659295783862
-2.417560405783859
-0.6388053225842978
0.1255630466177782
-1.2117183825684879
0.5084805363118108
1.280149585465657
-0.12190346016836945
-1.2952719893555644
-1.8514989472462973
0.003584369451736402
-0.3789859860332019
-0.9381090521640438
-0.6595352779371053
2.039902544968864
1.5684161606249665
1.035376099318542
-0.7932628450457276
-0.8259012337546239
-0.21693118863381508
0.7208026611063787
0.7172109026661657
-0.7487333204994918
1.2925870366447625
0.26350672133733877
-1.0100178194368152
2.4366027831985813
-0.2947943359045384
-2.0023862956056724
0.8006602612664458
0.49877870072068753
-0.16253893603925806
-2.48714061562306
0.3730635798348665
-2.669087965247209
-4.727953974221647
0.6393531753976116
0.24625850346512856
-0.9455184705080533
0.45047145738219496
2.9679585940272526
0.20983318430212106
2.3110205184741144
-0.35634281930912065
1.5414224671372772
-0.9364350405918023
0.7544683519221783
-0.9076573072603807
0.8645025353141996
2.272845337071887
-1.9245459487348089
1.288013719889332
-1.2355166592791098
3.3291469274099263
0.41892595044245085
-0.48644635185466967
0.6353832631918739
1.0468247333126677
-0.9041179955661743
-0.28269141210013554
2.499491231003582
2.670839474681569
