-21.485140772830654
89.63658971494354
9.026422327046893
-7.126582237451451
-0.5413284204871223
5.243348930111942
-1.0826302158294028
0.5654305376738169
2.26253025466051
-1.0111427466498943
-0.8676720308377455
1.1905928402529673
-0.7240443175898792
1.1784614536503333
0.587461596724832
1.2356406419795465
1.4652105772878932
-0.3451553782043789
-0.07023422105737548
0.15345332483151952
0.7099596707939547
0.5071053493279672
-0.16169494508531335
-0.16189421615369204
0.5051369726600203
0.7127421258484636
0.04276056074742596
-0.5349100982107743
-0.04132297004672386
-0.1697245224692002
0.2350314809818307
0.013685854597070654
0.2890199990160238
0.1500981613124941
-0.1366462510628389
-0.16266351835322534
0.34298743272500304
-0.4794726210198951
0.47397913906932815
0.2757391710968874
0.39438473114514916
0.5271216639691639
0.7676436140961254
-0.09578113503404409
0.20878980560824695
0.658244124893427
-0.0007225449632335401
-0.10219076815117031
0.7000606586149728
-0.8696247657635491
-0.6213195524171009
-0.308264895149413
-0.11142960873224
-0.4111802652662035
-0.29824562067912486
-0.16430497768278873
-0.17822968733737163
-0.4154473806098372
-0.06896959885391318
-0.3801000068225606
-0.146736700587664
0.2764389116586281
0.039599914868837904
-0.324171723382522
-0.5808778480104737
0.6132213888428414
0.23863670970134626
0.2386185727208257
0.0019215343747657487
0.08147283980520069
-0.06938896152637214
0.16556712897180875
-0.23263578325134626
-0.21862807831620926
-0.18232244026622307
-0.3236794157302521
0.07674583234355764
-0.11684125322245484
0.470615386695057
-0.054466440330154034
-0.8746787863272188
0.10195819749695129
0.291528787376071
-0.1007717113664612
-0.0017642435930176614
-0.42911922637001443
-0.12608119190234524
-0.26830269471866924
-0.3351645859573572
0.003029541685928172
-0.19635263718795218
-0.1346455074519961
-0.10567266982027854
-0.06684607401258356
0.05034635798687667
-0.36031145016647054
0.07234398550633524
0.051664234727352876
0.09373629703746786
0.0939932568055531
0.0148280157259804
0.3302954640277736
-0.005499789170012101
-0.2089375522331712
0.056042857700304594
-0.03439781373820941
-0.36067090494216836
-0.20302800158823286
-0.11930856323736933
0.13117938854617361
-0.2724546659870455
0.0901244810789379
0.0073522761477842966
-0.13208824965426771
0.3524339824206417
-0.03761722000280708
-0.047944632298002166
0.008733864978206746
-0.10358648374843629
-0.11452739196199963
0.08442569139389686
0.12520885731315068
0.25081713116960586
-0.28701020151345863
-0.05266431505024379
0.019163049509066245
0.045891000763508605
-0.2309006868273612
