88.04095502110675
23.47526994998901
-36.86022496630499
9.419934904061483
-3.04089539666486
-4.9056564851821705
3.2414610766558196
-0.9227101941356382
1.3273880687377848
1.5020048871817604
3.779057484444532
4.029510077772962
-0.1925307818257584
1.178513918420912
1.6970577761827597
1.927015961400863
-2.972245006148544
-6.301587452715672
0.8096609645297363
-2.4566312773598864
-1.047505305519773
-0.472061206934678
0.8022044513191061
1.1662705483616664
0.17442551382344568
-0.8523535682596362
3.345634530141096
0.7069870240414158
-1.2056080559930888
-2.5823913685843447
-1.5253476114292326
2.0791777974103645
-0.7389946174053798
-0.14775927362907768
1.2088455489928627
1.554621678632268
-1.9187377065449398
-3.0118828527949653
-0.33573709300913324
1.1847615420554074
-2.6036814946803726
0.46230654447423275
-1.7235887910737258
-0.9879389862284421
-1.0841259610089697
-1.8958639398707275
1.371226075104004
-1.68783206428773
0.4630546609098164
-3.2980449241082366
1.3030528174921137
-0.30269980707240507
0.3859514366403673
-0.09807673063925285
0.40318730816907855
-2.6593631368612822
-1.3103024276468174
-0.9947254070560224
-2.332553349107585
-0.34886035752884736
0.09626966447360304
-0.9233937290593157
-0.541329864378379
1.4632351230358034
-0.6940315004300979
0.7725442113536108
-0.17152052380769392
-1.8689900204718133
0.3108501733908331
1.3060472560858336
0.4664189659181448
-0.2510264773252101
-1.6779046316648314
1.6739628236734014
-0.5676360414987013
-4.112688688200951
2.9147235607601454
-0.6918070383361556
0.511122322263353
-1.3003188825712282
0.39384408442877816
-1.7340364061306035
-0.7430709133067295
-0.18382438111398142
-1.4271015456836043
0.5131904471180859
0.5132778620272641
0.3564923005442536
1.4588753253454871
0.24958776506422736
0.7526047798416191
-0.17421491677682682
1.614870555896207
-1.8046744952695684
-1.0567613357457968
0.4898304493214095
-0.7981397668184054
0.5541054642710331
0.7736064403421095
0.5297079202087777
0.12396030198871498
-3.0122449317979965
0.6749795997250394
0.15328874111962967
1.435788044196129
-2.183601668028343
-0.4498280668709524
-0.30904310982561284
-0.675046205741932
-0.5202824905092425
2.0869408934292135
-1.3101718334133416
1.9690112969787639
0.3618429429014982
-1.540023784874488
-1.1184789576472842
-0.16400555101143036
0.8403873215655244
-0.8213709434677327
-0.11500334061524825
-0.634540624721995
-0.06608752897385688
0.009394395434567687
-1.3345459186102466
-0.505199488107469
1.5198255866297852
0.8274130654066011
3.0889668849853833
