37.65406089807513
-38.93012744692917
36.298071893029324
11.424401688976998
-1.2459866501822956
-8.506303390192818
3.857279585374642
1.4230388900120172
1.974398433379108
-9.687489827894293
2.4340141411419545
-3.4631561162744764
-0.5208830882714707
1.8475089379131229
3.138200491687357
-1.8835857036782724
3.9683244746853847
-1.9196046929369577
1.9472244302339075
-0.4126042287546034
-0.5500474528793213
-2.785078194767121
-1.1366362927893114
0.035483932636015264
-3.6024989791982365
2.0005497366974545
-3.8680966897701428
-0.7293025503657543
-0.891864073231109
0.9764525938036597
1.6729347572343065
-1.1991474273780145
-0.8205301414346047
0.7264382420961168
0.003646811087808316
-0.8340731729791254
3.0173305129443126
1.91936624186599
1.8902499913155824
1.3555552716963204
-0.9598356352802166
0.5936788958312362
-2.0736788968689286
-0.8685447686191005
-0.07997435517531254
0.13580690211936772
0.9361320480663751
-0.21566670549726735
1.2765092969469847
1.3399877240134013
-0.9721018026779522
0.812241977914498
1.418032547135217
-0.49236672716621316
-1.2781363345679577
-1.405630411489205
-2.6170369744738506
-1.269740549349768
1.9993984632194948
-2.2341601711110415
-2.783828238500724
2.0932896847513685
-1.6169314870228013
0.11601022591008484
-0.5385347352904157
-1.0468530833457683
-3.3193553049118534
-0.19444697895099636
-0.20985110663453
-2.7171380774914207
2.0007108790400707
-0.8938434559347413
-2.495291583049675
-1.9730594994490056
-0.06628411457440611
-0.9944311691723531
1.4273955728971175
-2.0687657800550054
0.5695028889855938
3.307080174682071
-1.7737413177307904
-2.5624609563381795
1.2035382848003402
0.7935271751030261
-0.7249606391862912
-0.9485169746488273
-0.6175637031086356
-2.0355053863963257
0.976414506733259
3.0140661871233507
-0.13415985328121016
-1.1110968209737317
0.1850197532042315
-0.4288361713772594
0.6125940915124801
0.6041546563934928
1.3201190341621298
-0.2538462681906445
-0.026198762809107906
-1.557471781287226
-0.3396105969806289
-0.06388490040085262
1.3541388755182242
0.7401120290004626
0.4791301213544419
-1.3156649776373641
0.027671847880130485
-0.27018290679824014
1.1861336790293924
-1.241502563069838
0.06894301540140332
0.14847914286660122
-0.7460719641005158
1.1739733455589163
1.0155679079059448
-1.074726090104487
1.5456498976074062
1.3663734643250611
-1.1029665506497954
-0.5730157982845816
-2.0241875677394745
0.9646777468404096
-0.8997549254009503
0.6055586839361624
0.9208914204172792
0.5120157869248197
0.5848999629882904
-2.6811867436804397
