109.18700420882433
11.67647112436728
20.00321659832515
13.499729951590528
-1.1979129470216234
-8.676564534080649
-6.987651859594367
-1.8290734857958153
-0.8017586586219836
0.8773842755519637
-0.25186998948909983
0.5769500159252261
0.44606438014404365
0.36853453283312587
-1.4709695494684434
0.19353624146129317
-0.015196568045167946
1.2622960349749244
-0.466266472255053
0.35945675595426585
-0.5761854766041441
0.05986591717118582
-0.11627133296722675
-0.6130235648367708
0.08745389453466867
-0.36364625632455916
0.33299023988424664
1.317981603847538
0.4131803881098093
0.45464096832015843
-0.13241774029507847
-0.4664439367482279
-0.19451676771157644
-0.3812207064373964
-0.5302331509461498
-0.753015665231171
-0.3617050802451425
0.5528716945451827
-0.6694136224522594
-0.20370462533337488
0.9878845115226279
0.019466314862644947
0.3552433199300025
-0.52234332183165
-1.2733086977169488
0.6260738760804647
0.868292138429239
-0.3910241298955055
0.30255951046972346
-0.5006625228524202
0.4193491970390711
-0.8383117836199461
0.43771728809084665
-0.31102842752750726
-0.5098484734538147
-0.48393802408522524
0.2624325703105034
0.6544203718960835
0.04785232918017357
0.6356949801458665
0.4225862737683673
0.3203369562845905
0.24044199639065372
-0.6926693769627921
-0.6003292388187457
0.3466439746739066
0.26822061775547495
-0.17429413071268512
0.11059278522861614
0.03238416626155809
0.33021048385752033
-0.717862202867533
-0.22890165720317607
-0.08781438310446332
-0.16829198145175733
0.1295685959472179
-0.22963326515443444
0.2153870488039755
-0.5944142789305432
0.2514561033716888
-0.15811842610785987
-0.11404004580858808
0.25226480385877176
0.310347638654795
-0.6573183973597511
-0.4623577451328969
-0.4622456478389222
0.02528906448222596
0.05058242121699973
-0.39985924799075284
-0.3578288793169511
-0.28858943815318167
-0.2695579369196304
0.4618412922271677
-0.593939431209521
-0.21173857133921525
0.13366756094519874
-0.17448481545577615
-0.37908360185296663
0.14230756124037447
0.06060908786127339
0.19624639572290226
0.0006870673151348206
-0.7560476080142722
-0.17637839486521584
0.22655389528956443
0.2707487259944787
-0.14766490493126866
0.4446356110573609
-0.3124293266184228
0.7044586966129736
0.15263828079730757
-0.23773212557010234
-0.39208017764882575
0.06465498463840696
0.36734430513342625
0.27233761155793584
0.0943600496240988
0.2775382149839396
-0.2996756649579616
-0.5719343992306836
-0.060200496304899764
-0.42014138771634324
0.1279988101581498
0.25385982664991874
0.09768352179759879
-0.4124732524943819
-0.08682584332619325
