-47.89037380641401
-6.2434280014857295
-12.916864284126198
-8.510673322116425
0.7298340397440973
-2.223675686737452
-0.15434100552917013
-0.987432749908894
-0.20603511301580904
-0.7246679997912094
1.0274032057595925
-0.086353583667761
-1.7060590928559785
2.2888510453139923
-1.0923247172826627
-1.2020954059483382
0.2811819343314865
-0.2316575317224619
-0.39353542984716655
0.5988153813070496
-0.5120673651398178
-0.7262407452127734
-0.0416090605445498
-0.07957734466460067
0.010288149797870738
0.01586789657642699
-0.07528112429282899
0.3126838569061837
-0.2343818074728776
-0.2855550086941862
0.20421287374637892
0.2148530160908897
-0.3864290479302206
0.09063668958222214
-0.0012946117734736196
-0.04346899015553554
-0.0538473883049716
-0.4452963826449567
-0.01535792786970877
0.09682383195719346
0.2048880938576324
-0.0024311440343207924
-0.010612310256389992
-0.2445594664965294
-0.026497653324715008
0.2634058953855751
0.21811976631251134
0.13298585059810408
0.045259242848886286
0.0830768332693965
0.10133212314031073
-0.008547849189309134
0.041140475516323605
0.07436611046682587
0.01836169077224245
0.1153186791580823
0.09809619141843484
0.1862335184806852
0.16971811495102668
-0.0636123637504145
-0.09031208550516125
-0.007698342847287792
0.0691184698875734
-0.05809484191150635
-0.14379410695561098
-0.26964173088053417
-0.2697701956702249
-0.11471350955064863
0.12261642161780478
-0.24201691050707058
-0.17012116583264436
0.10839898580999
-0.12381150237632843
-0.16442638138453958
-0.10867631740731833
-0.19269640810486088
0.09863744480828224
0.0466113861732885
0.09146293244398815
-0.12262505591667616
-0.16750464288522515
0.06273111091802591
0.13647936871740537
0.2522397045819891
0.03465667411530056
-0.07548597007999266
-0.0859378101332808
0.06062798512336723
-0.1564126679124327
-0.20131791417885386
-0.19477526488378816
0.16852391389610064
0.08878201862215104
0.2977505446726511
-0.14826110539412674
0.21330841295735506
0.07543864660685742
-0.17981419840400834
-0.13723240842943948
-0.018624964880103026
0.3282593484121006
-0.12903175229845965
0.2961278917817793
0.04813581204532165
-0.24160219019395668
0.06500393398977017
0.23701610167808937
-0.2202917542391764
-0.016090747893513332
-0.04309786850933529
-0.3053881690884037
0.26338820445342165
-0.24200262383115534
0.03550618213283199
-0.006755548481459234
0.24835738506551644
-0.051979579275261374
0.08824938175081819
0.18286994607347845
0.2786210486046352
0.01859971407301414
-0.2302425455195488
0.04826506457798396
0.012385623052281518
-0.21453469238675912
0.08929254530948946
-0.11276341721237607
-0.16116848419075894
