-40.971515704984164
0.4143792637077289
-7.774905737663669
-11.699770259029247
-7.259250519262224
-0.13891207476978693
3.1456705224830515
0.9549334259007819
-0.5748209697846735
1.1593523516401218
5.140798005630566
7.619874287998971
-1.2121398277396571
5.439365161457504
4.470833445989572
0.2738505242029294
-1.303359775761183
0.4913730303679704
-3.8538314410894148
0.4821024563910895
1.8847102170388887
-0.9735501900702449
0.6185504544657553
-0.61600792960455
3.978619086680973
6.670209658606153
-4.267501606688838
2.8653280735309914
3.992432485674295
2.85673242563403
-2.0115663293255217
0.4816237256545254
-1.5051135460282092
2.166766421297936
1.3456796886882778
0.4114458920524953
-0.2360580197283308
1.7164881727791421
-0.9603052858130723
-0.7132545126502461
-3.6595089632538205
-1.494654887163528
-0.14564413737160609
-2.2430330123328046
-5.273176336612057
1.98642694923415
-1.334086684630339
-3.240714304330259
0.023877434881692444
0.7713506564137553
-0.6027003963354877
-0.021816284888244872
-0.8466586442911583
2.8818191684450394
-1.0553683179478284
1.6970018019155646
2.6149395730027627
0.48172817899534637
1.328081311701239
0.7629165217582993
-1.390995777357491
-3.154116136026977
0.7079516863358899
-2.4855662554277274
-1.701303924769342
-2.985914011708749
1.299047328686255
-2.6614577650192093
1.350760568931765
1.8394273111046002
-2.2033165316971655
0.3614946809830269
0.3866204229217787
-0.6181290811641654
1.2149656869013892
-0.21039575326671875
0.6004418605923739
1.4948900796173883
1.5233238391541153
-1.103731908253467
-0.23541423880393658
1.7235804118565503
-0.6851623650495902
2.496076294823892
-0.6365806939695061
-0.3866544994194028
1.0107074964479947
2.60212786915404
-0.7953366433961346
0.5041041962289622
-0.23427285714608476
3.613111570985874
-0.564925116096394
1.0143255601934067
-0.9594920713027989
-1.931976423834304
0.4302664114331273
0.402982657267887
2.3747258047819644
-0.7091094680636023
-0.9443146653459416
-1.1484098538280305
-2.2582287323809416
1.1908364599060814
0.7418641557293639
-0.22446788567225986
0.10347909743837033
-0.4241581240430982
-0.7670210117138629
1.2516754432766173
-0.20839243632436036
-2.589319134204716
0.18032820277225084
1.2261654725916111
1.4313226633462106
1.0511330079148316
2.2800818686751443
-0.7860627676210172
-1.7697932552733604
-1.7520529612538676
1.2622993589097768
-1.7180746374361655
2.1239491237102026
-0.4300629456990301
-0.6029432056106567
0.7403530509615193
0.7595367805276276
-0.10974438067757532
