95.88158303939728
24.831763354241403
-34.852187124826266
-14.07743302522281
7.893015896024176
-0.7894859761114636
7.915359566265521
-1.9448625157131083
-1.7175608108419242
1.0142592142961515
-0.4868681908625838
1.1393269814701596
3.3307630185851447
0.6780435999018752
1.0327540480719075
1.5103299774508432
-1.2079542168724884
0.3455369923137893
1.374925722045978
0.22596938995539942
-0.5661898807143725
-1.3558445717375733
-1.0737191042261582
1.2910470545075907
-1.1174060335005382
-0.5571435368527535
-0.7946515516191435
0.34861675425405647
2.1712865385332063
0.15471452919403744
3.13528508695676
-1.2500151496156922
0.019465951653792807
-1.3065900274719513
-1.8333187909595166
1.0332825866502324
0.18267437807131848
-0.529121055268306
-0.29837591032201527
-0.6456471571332645
2.474377817139028
-1.2938144400869311
-1.3898294776494207
-0.05918070935295529
-1.0651839873329354
-0.877121264295679
-0.5125161426319914
0.5342350394877544
-1.6452249141520394
0.588982018942704
-1.4945861644081424
-1.4331749341467983
-0.8223098143634187
0.7968717516253272
-1.4765407528749046
-0.47031037022987654
0.8479053722408585
1.3132980880423293
0.1094434877936368
-0.17860158095873907
0.05174760092967582
2.0195604932801774
-0.7513760841686656
-1.496072412329114
-1.284666326113305
0.614303485120149
0.7097788169956016
-1.1379601398025143
0.5596900333657289
-0.14534629235509816
-2.2227916464193616
0.5528993164151346
-0.0421192182834172
-1.5863546986552475
1.2282223774476908
-0.0009524092860623418
-0.3620609241551962
1.3566011341854387
0.8592176432954257
0.660463638083795
-1.6948486047002995
-0.13679889273004006
-1.189472286975373
0.28621892053015985
-0.43983435448896013
0.5558024446865855
-1.1654854683231113
-1.3942790065809965
0.9378738875209561
-0.4007728537483039
-0.0920727776907985
0.24415073610040247
2.1577572368819515
-0.9671941229643065
1.2575660633969399
1.0826386450193137
0.017171095288756738
0.5239469465135604
-0.19967264335237214
-0.8228793518342022
0.05355209132823306
-0.12312546581721033
-1.2010223956105375
1.4513426361007244
-1.2852259568823434
0.36215729014374387
-0.717675704114046
0.25734436672866223
0.710352865195239
0.34094741491738667
0.8223108991993268
0.14871283984698547
0.13174534760022433
-1.9161981821408633
1.7533277233988869
1.0323646004750782
-0.3805270231035167
-0.47515452919095325
-0.4274122830332388
-0.9842145509847252
0.7458041549736558
-0.5796757677449944
-0.26178077948950396
0.2152250798231111
-0.625134658006846
0.11376326084010985
0.6090823829599685
-0.021901774295926213
