108.03561017979393
25.54984170815405
29.75205834112555
-13.365629314760728
-9.290501700020735
0.46127751825930186
2.29729136531131
-2.410285111440757
-2.1218520437838
0.9131116294381529
-1.2828377105315683
-2.164002111284258
1.586926967260737
3.651618671748712
1.1098235242645962
-1.7074838011361584
1.7878982422407836
2.090134961277622
0.045842144038528904
4.256834859877138
1.0062984245766147
3.5530897035184275
2.167891329962332
2.252797962059631
0.8014063918340556
-0.08022289743863328
-1.2019929765512534
-3.224107755777922
1.4994786282581236
-1.5503203284399816
0.4001198959288353
0.7550164969405091
2.366347331329081
-0.37450987061102836
-2.447914544479261
3.7825013655603703
0.8618283230274439
-0.9181844659864565
1.8687311728562068
-1.8701792708993068
-3.3190418788305567
-0.9937802766106881
0.5447747676542392
2.2701879307538473
-2.10323836125304
0.1842317952821905
-0.748887121323141
2.608529355476459
-0.827213693137897
0.3443188283192733
-0.4175402843501239
0.2732677316356618
0.6079030376249054
-0.01216482015446807
-1.0523313476069982
-2.3738758888188247
1.1033305975257788
-0.19044796606750886
-1.0187315533520858
-0.19111348275991114
-1.1642410711477105
-2.0413796197360488
0.376440787989353
0.31138973512397516
-0.12416262938493261
0.899450004761259
-0.0033149225979513253
0.47830433142571926
-0.5276014480093695
-1.6871009247545867
0.6039806818265073
-1.0313636692322672
1.0406474633784975
1.8466799400055125
0.15857216054917508
-0.5004641099505588
1.7965911949118227
0.07736437083251868
1.054543962151676
1.2875784058710518
-1.7164694333826183
-1.8794510119727106
-0.6053667207047478
1.4623966988255326
2.4118018239865835
-1.7226461702586386
-1.1328154272986122
-1.0286988876309036
0.22011267920206218
3.1659444499088107
1.4726829681168525
-2.503365115674852
0.2584257324431606
0.14682223968747435
1.7049540171947244
-3.0147453507801534
-0.1416196171628945
0.4015268093564647
1.0406893423024421
0.7746281448504118
-1.1173208117814164
1.305896554620873
-0.5118062387188528
-1.751112180331328
-2.2940417286541694
-3.3347514211732285
-1.6806919156656677
1.583598032989306
0.720627621731049
-1.345548576211112
-0.49404991801932235
-0.8064048488906553
0.44200619335162333
0.23670092284759106
-0.09624035024584818
2.7010155902730997
1.068888133880591
1.1383176466420326
-0.04686867215547563
-1.3664602359302407
0.45139638577565927
0.7109958621999238
0.5725293520006621
1.0654254963610705
-1.3449559757548046
1.1747396329563986
0.5642624474672823
-0.2970529043084012
