-23.4338599602497
80.76990536904088
-35.35574502324378
-7.7423036704586305
7.087542188455748
-0.2680586240507068
1.5340856878612024
-0.8690774788300486
0.7012943650900899
-0.3444239356692862
2.6170230153155787
-4.38044276399061
3.085874886214844
-1.5174716959782883
4.426733924629176
-7.606614137911992
-1.3407715838979628
-1.6336779103698646
3.9863561757798958
1.863409534996261
2.547080601653893
-0.5800201936343843
0.6390514274760123
2.257562350193197
1.1689009324046835
1.439982914779628
1.36161465882612
2.7096676354537803
0.3529062044337655
0.29925425495989166
-1.1656798205617882
-1.7942429173009127
1.0395542322634523
-0.3713913799036663
0.7244800797764156
2.075267338907156
-3.205910508957563
0.6680149076990689
0.7471991736030941
-1.0469957602033542
0.8176067728396197
1.0003543597450362
-1.1750795435208812
-3.1773003016400687
-1.9557729319444603
2.878024237871115
-3.070636232377203
0.3607619921081817
3.436448371665284
0.21815362814733374
-1.7195527735390508
-3.6698821198928684
-0.9919526101259999
2.8844509576514517
-0.23342601233099164
-0.9774359433738891
0.6445491906877351
-1.0799651722666939
-0.8799108396390438
-0.9293427013049782
1.4558569457323993
1.6987186906080545
2.9292272124953698
1.9374408835621848
-1.0274312397578171
0.11334492245859869
-2.9290449223334347
-0.46350868456492617
2.415636186897862
-1.0651014046458034
1.30017854568639
-1.4501871388446297
-0.32983562229222463
-0.9115409526339336
0.7784294588997565
0.9865493048045947
-0.9592935710670016
0.01527014520773351
-2.6782860721434525
2.5652245055278797
0.825899918395382
-2.578853173712184
0.46784067474686963
0.38061723006320636
3.7558471690881357
0.5927679706066334
-1.1556334099299588
1.6683577158616303
-1.117518844097054
2.1991918451122707
1.005316297921758
-1.4707915919714494
0.0029178939080755917
-1.463792220039107
-0.42243467870038187
0.4793335682606765
-0.20594849200746343
3.891414956637639
1.2032774477845758
2.166675054787954
0.3989158487804533
-0.9758878176018808
1.9803461635170196
0.26019286707955913
1.487977305753166
1.0073873062462573
0.2951129380978532
1.403591320986849
-0.6802046607638287
-2.3587355296820136
0.40592468043804525
-0.030419209380720957
0.047071296739878754
-0.06935673046121929
-0.4489366611573653
-0.5911367256919302
0.1842384562492554
-1.7907411795481465
1.6210379146371754
0.8772146702635745
0.9573651486033038
1.7974027645083892
-0.509208122204021
0.9498215867092993
-0.0067022344904226205
1.9492751074108094
-1.1126299576895804
0.09053220853054401
