-3.11254228414915
93.26699497318789
25.032220615023157
10.435677282091424
-3.538388837096682
-7.639824730186508
-5.232629912928794
7.875974414987617
0.46910410068889286
-0.7636459393495003
-4.958552186613758
-0.49270317717447737
-0.5364175768441447
-5.606247103574715
2.2625822096564536
0.999835295608711
0.8209397626060853
-0.8022750814036506
-0.5917582991817756
1.297179934209217
-1.169297140301369
-0.6813890638571798
-0.7460529997180645
-1.2971545624086136
0.5268606455874258
1.7698947703276997
-0.052987247486572076
1.3889515821294285
3.4852329410306577
-1.209938981098878
0.15822638495570188
0.1252301137397743
-0.9572331213500632
-0.8196815881464504
1.133225086070613
-0.8425601067303936
1.0537605091913698
0.3664565903912478
-0.45729649841563913
-0.12182538849652615
-0.44971592319018994
0.3046912927335863
0.0084289833628765
-1.528964705901747
0.108664700635204
-1.1582374713982433
0.21499703331354586
2.1071361924432135
-0.45637805092395567
-0.10854512393401228
-0.13552904420473133
0.25994508182625337
0.06688472240365512
-0.4628139427069937
-0.9635551910513587
-0.0739085429834265
-0.4036198090982718
1.3919667467771875
0.05765957778588178
-1.440349796623737
-1.6676882848385952
-1.0043784826222897
2.259510322704551
-0.22241765589274642
1.5604641297149988
0.1656998335532885
0.9440165301325443
0.11783637152563978
-1.763541608585259
-0.9410172527800248
0.3894797117670976
0.9884450556870156
-0.41031512646275015
-0.1726774910609849
0.8242893141403557
1.1208459807696267
-1.2351033944814043
-2.296911376500696
0.03641444749428295
-1.557792795196823
-1.5881897938893543
-0.5248439597829281
-0.35498608163971684
-0.8359012886027691
-0.5349651459991531
0.07846301511548122
-0.33458805680783443
0.44897656408018083
0.5641008020548646
0.19254660759316483
-1.0800619441381183
-1.9972813413951793
-0.23521971877890516
-1.0556085309214387
0.22747441825835588
0.22294698581981193
2.340728310699065
0.1962432761190739
-2.2557536997579803
-2.3080944104632826
0.6148566879472843
-1.7764568293817005
-0.3967559585094705
-0.23786413136759582
-0.12308475363007276
2.6360830881062123
0.7682792728707551
-0.33035435610361474
0.22702993499449467
0.37653128317179124
1.0292711709417695
0.15526278341093758
1.3140793049512247
-0.1636976356196868
-0.4083279852156817
-1.1788206372847865
1.1227959073117875
-0.9345886820244629
-0.4766001267501432
0.1827444942591061
0.29191498060227894
0.4943555900533854
-0.8214040572742354
-1.0617701400475437
0.7954574216424395
1.6908480411197493
1.8165706200247267
-0.2129698984228824
