-17.961457376835675
86.43660898333566
9.046246275121536
-5.620069440189042
2.5700233674941173
1.1118153619451359
-2.9257947006063367
-2.6076177173490027
-0.76694619683554
-2.663042372258255
-1.3600884344701427
1.3592446767542425
0.008562831451045305
1.433763015399035
-6.595950220403833
2.34536509021069
-5.2485174861949355
1.8894690404472467
-1.132905982710949
2.8699950954787967
-7.770305049405298
-0.7522714961081884
-2.5100072799984514
0.30950653421722335
2.8523304177570044
-2.3302149609236626
-0.8936729742485968
-3.002371772337424
-3.803182551912565
-1.673203185144964
-0.999818132658093
-1.6398040899838127
-2.1097630812781296
-3.0654079530860603
-1.7223704228287255
1.0746504210857213
3.0562157862414177
0.23621974277157193
-0.41528150656487495
-0.4375597234872789
2.326488170701092
0.28132837319592097
-0.3168091397804512
-0.6190107656837671
4.723369275725424
0.38300615591610426
-4.497388133596227
-2.6800747462217887
1.3304848006187895
-0.7062688510926566
1.3889990334560516
2.845150168448655
2.707728870396208
-1.6291648310363356
1.0684389107381027
-0.952112901924363
0.9769148412865589
0.6662445833539766
-3.310263942250487
-5.176117957202824
1.3590020105058405
-3.0801411923257027
-1.7142425179834488
-3.72557721265619
-3.616963236720136
3.5135481171696177
-0.230509970416616
-2.0060518992609637
-2.3044207409984074
1.3734563246033968
0.6821666070341079
-0.35884540985079644
0.6217902856337912
-0.11328445921512709
-3.9145473880318065
1.1917075664333203
3.515817911602428
2.2770235226680073
-0.035760004573769176
0.012343701552047975
5.065654257450089
-4.203351685160564
-1.1812898041485396
-0.601028901585389
-2.8915860470573094
0.2508239537259655
1.4268236926500324
1.4604124488057826
-1.6566378674839402
-0.1803293860587547
-0.07317275934948375
0.5014473660295764
-1.6168368595612925
-1.9074708249566517
-3.5452682028460782
-0.6535806689364693
2.679383153424055
0.894663690396366
1.0874523649518295
0.4313427390501256
-0.5033345607512223
-0.10427896455956667
-2.444900694663522
0.9198690802889556
-0.9875326266018174
2.1352697667326406
0.7211321992416319
-3.0094087089152177
0.7236030664066769
1.6188491713118225
-1.2977437098615892
0.7721363782407361
2.1197204734079733
-2.465961631890163
-1.1072344193742751
-4.716978106550391
-0.48125110101196056
1.4084597577579594
-0.11108804703200831
-2.2167244720782313
0.12765827904763982
-3.254992508438884
-1.116434000854291
-2.0010868407422033
2.497566145850211
-0.34698926073040787
2.0338587437928597
1.8260139038154475
