-71.04475905461658
-0.02584645166740765
-5.122002307197595
11.41642574462153
-2.618467230285101
-10.520432662901321
-1.7610000167143542
-0.9952582033945624
0.37976005596878626
-0.5791365184993714
-0.3522046663307885
-0.13083689918740166
0.3749816270037585
-0.4098443454066049
0.14135348294371627
-0.06161601790137222
0.015002300699966692
-0.09219029758570138
0.05126032515482942
0.1231929692504603
-0.22307069449212302
0.15945702219652322
0.20830587461222275
0.0405910822428972
-0.07766555065646816
0.16388398642125038
-0.019277247993804314
0.2278106773908678
-0.028505498477014887
-0.38762624160537307
-0.078258204236241
-0.0926871476084658
0.38574544599511795
0.046262633889005936
-0.20524931161407034
-0.41818705907606324
0.015649486370483717
-0.32938781952160434
0.12196380161454928
0.05287591328788532
0.23090047147833578
-0.1997530032825538
-0.07051922996735376
0.014091731345889275
-0.0032648131548637096
-0.08118770154834869
0.13325939705096618
0.30732403827025356
0.11744453213337433
0.15636438257093901
-0.027940050658908228
-0.05300807280070029
-0.006387706230678969
-0.1943186255712204
-0.28240586328895295
0.5253505426364531
0.06731420209313481
-0.34976836722695887
0.21997135872371815
0.03516905817063348
-0.17021373003373144
-0.33548815272980576
0.08554319377375659
0.15425731077778315
-0.06231619922295373
0.15440227350117522
0.2915898130892044
0.20043574831496103
-0.10464709652960286
-0.23127059669129696
0.05778841110620947
-0.4188277335620358
0.021091408471013283
-0.029332870328822477
0.24448958063238563
-0.050339858890084015
0.07405314479347384
0.12652568802825545
-0.3131717068485492
0.019327101971929203
-0.31180122582196085
-0.20311589221547477
0.023665642456510448
-0.17977666361597688
-0.2768917454716779
0.08933273326165318
0.02322800002576579
0.06809430486066526
-0.08550669404629455
-0.3067346720482177
-0.3485944415966225
-0.06050508744065185
0.015076335269896443
-0.09528377265942085
0.04409992836058253
-0.03905433981193644
0.0576607773062097
0.0641205087290915
-0.009568453784489374
-0.0398727798480552
0.17066845606113412
0.1467323893707865
-0.060201201760138046
0.06609034388748822
0.1927099611391611
0.35468287094569884
0.22423810855117654
0.11784035285502334
-0.19270067016347703
0.06043897613094937
0.22528598788316787
0.10267010904630534
0.41069012467618893
0.0050860940641920226
-0.06108379848019566
0.010065569674669539
-0.022704182877202286
-0.02176253544140115
-0.12770635429174268
0.1615731204527345
0.17404374928534044
0.368940265961369
0.21494108635256862
0.18836058371257175
-0.029962217417699027
-0.04169638492012915
0.004146544946181906
-0.05877838295987224
