56.85179885120703
30.796139972121253
-54.475205344610316
-4.772385965096287
-3.4580254715862284
2.7280795712942805
6.944980199237964
5.061382258491833
-2.239655014100556
-0.5165497512027583
2.7666592563743873
-1.0835545633108465
0.371429599048933
-1.6218593986362022
-0.8251645809841925
-0.4603198746001199
-3.2112636102868275
-1.5433447344889335
-0.516180340587776
5.394320889503274
1.204206680568277
-0.6388198423190482
-2.383750946261845
5.093791212413887
0.662469153907151
-2.405205274807966
1.7366673204091145
-2.5074058200007374
0.6197289858672854
-0.8753977131180618
3.327991378090415
-2.538293338020337
-2.190638358111086
3.361291604625061
2.229021959409813
0.6877743751090911
0.40761639144594997
-4.6604382028787885
0.3591453148815911
-2.588287527933373
1.4536024653079278
-0.5727036628926137
-0.18352332424871248
0.13640547431177447
-3.290917328666478
-4.942109885231658
-1.2383688185520472
-0.9314865561065988
3.5527240612036066
-6.257241227266763
-2.438955362788884
-2.2443077379220453
-3.0814255330577534
-1.2844182153569743
1.0985585967487315
-0.4228350517134151
-1.9740701425248959
4.345968209558834
2.572072381385954
-2.5707238637539356
1.2874270205658105
0.5720837513122873
-4.51371816286484
-2.4275398126431473
-1.6671871201871864
-0.7224605782342781
4.13466585018807
-1.077354697224538
1.001433576085605
-3.93411930137573
6.692892751950893
0.5568889667763978
-0.8547245809878004
1.3826595143665856
-0.42233738053260694
1.977984187541474
-1.7702760506244513
-2.519992133748632
-1.579106111300182
2.6951885342053696
0.5862343112037872
-0.904313514388109
1.4346478368936169
-4.232598701780576
-0.614139579776031
1.4081806760777342
1.3594251076252737
2.1369058764606472
-1.0166104420982522
-1.35563917147107
-0.17714443299346108
-0.20488212569752115
2.5054574254554165
-1.0891725437211912
1.395893072003198
-2.518459900136456
-4.431524732780238
-1.3248141110158038
-3.7818940091320723
1.8098146646350899
2.327279485545234
0.3677377536811861
-2.303640132025287
0.6742380735489953
1.1492191817503583
-1.5494008496117986
-0.15878489443417054
-2.3957984284035168
-1.6187139383215519
1.1169445737073131
-1.2207506336512113
0.09143332187540332
3.9934150590594175
2.727066339320143
-0.7348228941310878
1.2549355179792618
1.031565709695091
-0.42032620571859824
-0.8445126117414412
0.38280633158422855
-0.16225126854860122
-2.022122073596499
-0.5814891971099216
2.440096686450011
0.1958536216143066
1.7238040316601957
-0.9685634744020771
0.4715509154334971
