35.65997788240694
72.97166492958331
38.222028911415684
-10.772743042043418
-7.834049399133227
-1.2783111682706336
-0.310206139181038
3.8101586752029792
-3.836251944123279
1.7951607659947522
3.2634541825924104
5.870030288423937
2.1141630178111313
-2.3425868966544936
4.6201243278786555
-0.8564000509117413
0.13193314860143182
-0.27069436109826966
6.583154248707018
-1.0413683044777413
-0.44644499047530894
0.04248091312706198
-5.000089094378957
3.0454571601845672
2.166268371623933
-1.7032033516098883
-1.4993077625920095
1.403386095233917
0.7810011654616711
-1.1287323389407198
4.3557868080390545
-2.824009506087516
0.8886541037934303
-0.8423382236370318
-2.7140130953105146
1.1223105419684352
1.8520645797807438
-2.2435957232308645
-3.037558130347618
-0.47749365603424687
2.432137711490087
1.1399630998029144
1.3167501047592078
-0.5081641979609535
0.546024864096482
-1.2988946897662121
0.41993275604257196
-2.420088251014887
1.2395784128344367
0.8223445454564676
3.0989719537273923
-2.2125700480217207
3.69065107525918
-2.1837027138893705
2.65241865196341
2.6884051955534827
-2.236158421437481
0.4938363133659449
3.044774826685137
-0.822206674808116
2.1324596583095468
-1.2067358607706724
0.6742789423681154
-1.3360648161869975
1.9257099383739718
2.0066070017573243
0.9081716626583687
-0.43364546550245614
2.3163818241986056
3.4704301245997886
2.2354196054296223
-0.8102371791829475
1.609296556477494
0.03266335561652986
-1.518986567258565
-0.5297895948458407
0.5788575920587273
-1.6397834227348769
-1.504548768096983
4.946177895037154
0.4377326621431903
-3.2888815117678485
1.1241338804227103
0.023216114569536817
0.2323277516298583
-0.8303647374104031
-1.1918921778556908
-1.376324184695409
0.9381920730819926
-2.4187498027810435
1.4616546917959223
2.878510321265589
0.18325940344075162
0.6801573853765609
1.2344455372529122
0.8562247100345484
-1.293172794358028
-0.25243703053601896
3.796737658230712
-0.615826633384255
2.278127191925187
0.08430815854002068
2.0324656197705386
-0.6145809993605968
1.685605840625676
-0.6369402594983604
-0.9152183566644212
-0.9369404660616264
0.06612940412634258
-1.1232697746328384
-2.692903265790237
-4.6412997009931845
-0.15091580775307722
-0.9025267389987267
-2.1243594222377387
0.7160018562192924
1.9356246988709453
-3.80900721487925
2.828739601511758
-0.22030409957329966
-2.054220023382276
-0.8700805412473773
1.1619443328107855
-0.814143358216454
-2.715628936958069
-1.9407560476036942
-1.7988134411946406
-0.26302117604732245
