-22.033628986792266
0.5613057966279857
60.73739002617965
19.158491651245672
1.0250832681793058
-10.793542636468544
-3.4175466917514625
1.3033778708341601
5.0775362289215655
-0.12933713331529656
1.969015535895545
-1.3553720166283925
2.211227829349373
-3.0187562156074534
0.5692359487060156
1.2469376061587025
-1.2650763864521188
-0.6157885964107801
-0.2911893652426355
-0.24176556081505984
-0.47930454268109923
1.3108040217991856
2.0852006192770443
-1.2066277550970672
-0.6825080216819857
0.3998664491623654
-2.7972671776331226
0.8598843336343855
0.5986946550334543
-0.32229437764803764
0.7183520396060012
-0.010216826039920135
-0.5269746994228506
-2.578071472338972
0.005160750919450063
1.9627715063504327
1.7167407157962622
-1.4301624704907645
-0.9185435270177318
-0.703964666686736
-0.1137176776442829
0.08194365024471087
0.13442571039025514
1.070352598005219
-0.23498669439966186
-0.5344210908576472
1.5835230796690807
-1.1166548567737975
-0.005257719160603774
1.1193595281386506
0.09084615090452544
-0.42494576598493383
1.3323008968364207
-1.4843585417952552
0.8018656983745777
0.2854400242414303
-0.875817908422411
0.16019822250422389
0.777749247729831
0.4414992814491137
0.2562269015052501
0.2813049819458395
0.22028036154152392
1.6205570345481315
0.8721896295899336
1.3381726777329854
-0.7034992011601517
0.22230272167141168
-0.47658461701099814
-0.24616889391696598
0.16043340495256797
0.05453970790814886
0.5453691014007823
-0.08933003809626364
-0.3951102453927471
1.045946472131133
-1.7215123357236715
0.2028716717126789
0.28883126232671047
-1.3374166645215966
-0.22258419754582642
0.006139625018421323
-0.38344064718174564
0.04668783838262694
-0.08784816382529981
1.566938646936972
0.19116669783891682
0.027624619094494873
0.011108306206790111
0.990983095790729
-0.13117476696494992
-0.6559340999196015
0.8239531110095244
-0.8448464732150822
-0.3991068389534807
0.30926750267594183
0.401055138883217
0.5590694612822926
0.12510232140866656
1.4060031714637318
-0.45151427364276225
1.5242545367076548
1.6420481450747706
-0.4417599801531462
-0.4154754357336664
0.425955113495182
0.40156855117601037
-0.70688750544772
1.328481137016635
-0.5282425240087802
0.09520788227904417
-0.4137349656130499
-0.3160996357733237
-0.2663751619498255
1.7295402465569503
0.17598816946656343
0.14146968872006246
-1.1015666579461956
0.5195259896188165
-0.03280268389434163
-0.7174959846148343
-0.21359828820625873
-0.17763612491947478
0.33025390923259573
-0.8313597265041114
0.009251789657359816
0.38156835833751995
0.1957140963850597
