15.65931502234346
93.91564053044823
25.187315637449547
8.481197023976932
10.579608319402833
2.5214581549517368
5.456325023684624
3.2192080090559427
-1.8445859435523362
0.8491018455073781
5.779414343457534
1.7735277243938625
-0.9327649648697418
0.26904606750189164
1.9206111325563573
-5.283406203673561
-3.6566504902723955
0.8848479082743208
3.8176692641907715
1.11699131848665
-0.40174869969039456
2.0555095813176067
-1.2205992220410598
3.6447962936288327
-0.581644949183536
1.4715565597285007
-0.8340851883319407
-1.6708267679536668
1.4112537426643295
-2.659560750288049
-0.052202157769375035
-1.5171369614400132
1.6108828430095408
1.7800856933526679
-0.5529439496683805
1.8138428557589292
-1.0828895026354968
0.21972459934755612
-0.7061336074538225
-0.702818851186997
0.12400275617368756
-0.17017691087777692
-0.5625366709040844
0.2619096151200148
-0.29193864970229677
0.3602792871534715
-1.2609592051478469
-0.42873979827738595
-0.9067693130838116
-0.5324427514187234
1.0072577659861566
1.2484020460718916
-0.896176710814512
0.282095500498304
-0.07600439250631913
-0.2873887891894335
1.5434901785969786
-0.5407916217152918
-0.9786641886854144
-0.24911405909804327
-0.9607387160308176
0.41859541928692884
-0.22763957626076975
-0.8186157484100993
-0.1533174928166564
-1.0750479895537233
0.5868054383306426
0.363093722855767
0.6544956393413899
-0.42558706017216136
0.19156575950878318
-0.06287797902878599
0.0257543776404259
0.31023091741835473
0.30578363859859803
-0.03430213771298643
0.9648493879958526
-0.09410060615874566
-0.7393603971662136
0.02471530976291808
-0.1834764697589813
-0.7541587892568856
-0.042006756193136374
0.955075634463593
0.2119973138159011
0.06438931959121563
0.2861738694110375
-1.1145600044497905
-0.22137006687497562
-1.304104404186054
-0.6554247135790822
-0.19642451141312278
0.06972486871844397
-0.9514442066438951
-0.7754579190711817
-0.772513167402799
1.2064320926765724
-0.8624872823029787
0.3206541809261076
-0.5499493247014139
-0.3806634708352691
0.7374558390505735
0.46238210453086315
-0.15763262228694883
-0.001442192158694372
-0.48525285254252315
0.3782391239937354
-0.5128361296797653
-0.684464421174195
0.7649233115186804
-0.10853755599055587
-0.12320276791782986
-1.1011861596418868
-0.05162595471641404
0.8238494651310819
-0.09786327207697167
-0.9828202476628349
1.3888971331624012
-0.5580910621624332
-0.3814689918963474
-0.6416735389433619
-0.20221483196754947
-0.20668920143917308
1.146562282599756
0.2981815173096527
0.46479519833877353
0.7116873094110188
-0.4412395398908939
