-41.012533338621836
-2.811569496029021
-9.206399996310461
-9.922482416234367
0.41009541810758765
4.1361178695729865
1.65928122621619
10.16935976879671
1.953254976655642
2.720762724588278
-5.26796152657828
3.468148161915869
3.2436740289883303
10.026217158312432
-7.063016731368129
-5.941054786784409
-1.6933851979724273
3.0576748095392516
-4.755787362540519
-7.936403448614953
0.14302427031133513
0.9862289956534609
4.684329544316814
-3.7338020714297846
-0.3130775300902954
-0.9640723836582588
0.4604941655371594
-4.289916341203741
1.5855136620137495
-4.732686666410029
1.9288640761282152
-3.138456279899487
3.5655825268046124
2.3306585940093845
-7.10442478861342
-4.573971087665929
-2.149049503016496
1.0219407302929462
2.513174972591726
12.200850616238341
-2.5311570186106054
-3.415217153985691
-1.5709998808792822
-3.7074129646259344
3.227085353460272
-3.1691594992633023
-0.6268122373696299
5.376997582020258
-0.49043120047827443
3.001416359560654
-4.5447358386093235
-4.486407157996533
0.4980759962910114
-4.102274982776903
-0.11759711794786121
-4.83181657708387
0.039884288283286384
-0.16773547008626324
3.0112409448275392
-1.3919085888295393
7.23310630382699
1.771267398635197
1.3905703555965707
2.1526374186403685
-1.9703549912193314
2.5718540785097277
2.589173420247281
-0.7903034024856035
0.9715586072500647
-2.8470355219736376
5.411115657255285
-0.20150902599861245
4.0505843161911095
0.23902275842221116
-3.549476480634271
-0.4677602834574742
1.0381125518115213
1.0867144056950004
-3.2476247274514014
0.7291456115092378
-0.3706499346518118
-2.4006406542827836
2.691357931550621
1.255843754675184
0.5209975659744159
5.062527754718911
-0.3208004812742389
-2.393077654007131
2.273846029976059
-1.5106557427806233
-1.6295628493283416
2.676600402584726
0.4801977494818601
0.8474531953449261
-2.9021964293960427
-1.0258158258233434
-1.6446436372336146
1.0249651599840843
1.7402976508824308
-0.023171952265031652
0.10833558786005507
1.4594183143042914
-0.4387819338015049
-0.8183542668196795
0.11378587034928561
0.7116118461567862
0.9261800865038589
-4.697920457277121
0.4671379081816367
1.0564425060619338
1.826526178835058
0.3355275195878667
1.060781665490504
-1.8165943617252702
-1.6735669714269814
0.724480448556508
-0.6360905908184996
1.085874718257297
0.7412416811202135
0.3181782356705787
0.12144213022601907
1.620839500719166
1.6553374408554207
-0.0328037647862873
-0.04615805181065613
1.0121335123277868
-1.3561627124636524
-1.2826064358225764
