-36.9467701761599
-4.019734920366528
-2.489302227317306
12.48847555083948
-0.048539269440533286
8.411367536712989
5.958623628516773
2.925125429975939
4.230560975599859
-2.8207518602789254
-3.766968365303115
1.1662277892905648
-3.5786497956571486
0.6120410071899763
2.2548823159890774
2.6381678684555636
4.947601315449955
7.00138942490083
1.4273625057536317
-1.6950161932132224
2.555321621546865
-0.7226791441813989
3.6736504570261923
-2.7618284137605946
-0.8093730002325601
-2.043358838876651
4.946219649217068
-1.2346903514554044
-1.500343747392675
3.631419710646713
1.563290848026846
0.206890661411113
2.6130771048357326
-2.7257291814470688
2.266986182878477
-2.3376114909949814
1.8385357193447296
0.09765838310012298
-3.5529454379919225
0.48639729756924555
-0.45986620922829147
0.5298793762085467
-3.1618567707692895
2.937346744143972
0.23589676253731884
2.8379862291761695
2.7680183787954906
-1.763125978740332
-0.7799458024713507
-1.6867178830334653
-0.901533464128883
-1.3720108855742423
-1.5978876552944905
0.8116810963875921
-1.7901066592956287
0.41418339185929565
-2.2462118204734254
-0.7254379322343059
-0.5101406315590549
1.5235355490028537
-0.20434843070672346
-0.37008669461295896
0.6614355364944446
0.14940623195664418
0.13496399668156517
1.0326852899470034
-1.7752651299834885
1.0363015902339636
0.5017718505207618
1.1062207908007746
0.6122949945817326
1.0717274946788546
-0.4248135634510203
3.8307882562697153
0.3187493561946498
-1.2343333907472438
0.45613285271376514
-2.2407623524072457
-0.15072492399907927
0.8442815298207904
1.13396445917438
1.7359603547412361
-0.8793617103157312
1.9441739475360282
1.0791447141504302
-0.9697117727359983
-0.6143174526700006
0.5845958647820939
1.5073657657405561
-2.224634899033357
2.490300916784253
1.068250095778692
-1.5664062174842828
-1.0471660616853602
0.5115554101565225
-0.9566903183419249
0.5697222063474694
-1.4773039358923945
-2.929996880916831
-1.1464340626113936
0.2988552875975008
-2.00360966200546
-1.0962100556299297
1.126175649871601
-0.6023674954901368
0.5621414772867009
1.3904634483004532
0.2072482751533008
0.07096497406438436
0.41351330803199965
3.0712098651259745
0.35019650393254675
1.775174783420182
1.5169213937587998
-2.234908993933521
1.2223145787993808
3.089839326975079
-0.9650374191163446
0.768185539648115
0.3517601614185296
-1.4030907702668147
2.182769155132818
1.0202825745899218
-0.16237950571495816
-1.46997904223553
2.135065271621131
-2.299591724509022
-0.020264278807057556
