74.11647799840401
35.642711842017675
-36.64078578543095
-5.615414107705274
3.770478731009353
-2.952820941320585
0.6489665135636622
5.6332486995944375
-3.9895553096252026
-3.941606636936223
4.563623867352445
6.41334198647984
-3.8868881153970842
-4.588922226673768
5.566874186990226
-0.9682866466908556
4.674675397493724
-1.6625549356484202
-5.52324885375145
-0.8486993417965956
2.931913411299732
-1.1368260161401291
-6.085410130192345
-0.2142143925026453
-0.04243223139175828
5.3556311585025735
-6.9998047998303985
1.2513103090474242
-4.206508579177671
-3.877960749720223
-0.22662785101515032
5.394579095020247
1.3695166359317505
-2.71959953066691
-2.7867324110465015
6.157561669673046
-0.56140273426423
0.6658040012319661
5.230761064501445
8.352457785742613
2.95470768515278
4.871143822143086
1.0509133865289173
4.312514504570009
3.1191948787362724
-5.387912116906403
-1.6133792780088212
1.0824823693370977
4.256522780306221
1.0526132878269718
1.1585753489088324
2.9426904811497767
5.587868957112323
-5.226063552193663
-4.765555172350026
2.050798799094278
-2.313578300519086
2.654846198635532
-2.9070420363137757
0.3268780354134295
1.4539075323665431
3.235303406736453
0.7961851613960388
-1.1052115360526968
2.745876245369161
-2.2981972730067195
0.5577808458589576
-1.9042496128686517
-1.879475103022262
-3.6154777188259097
2.769452525452104
-2.241422525084104
0.8345887496791908
-0.42870664698737215
-0.9214551824723209
2.216177227509776
2.676391409054257
0.4265089079683521
-1.220216705933881
-0.9992827581726531
2.210123189502581
-2.039332622360048
1.8736683583253988
1.0122626466587936
0.4107450732184033
3.3004396783707004
-3.5861728063551555
1.1595695531370986
1.2260899334100595
0.6714122293025732
-3.6281019547762803
-1.823906965820424
-3.2125549136057354
-0.3820153317061193
0.3003049345483352
-2.771773243282163
-0.2895558902976896
-1.5152141276176145
-1.511625193802417
-4.642580147895454
1.8196816728979797
-0.7485938057727239
0.6418410488090144
0.8327728967610858
2.021339124116621
0.006828810868447471
-2.1743388345317998
-2.698646686511456
0.7349717545282285
-1.8559940526409784
0.33013998579674625
-1.5926677519972177
0.8142676770700237
-0.6306445581985418
1.026059975658298
0.15427909873429396
-0.7710410444370095
-0.026060221111362872
0.20484277344364282
4.020111713196793
1.923571061521514
-0.3021228446696731
2.203719084653609
0.4928126305078073
-2.1351592269849924
0.4433452287856485
-0.5170257521631557
0.44692899990711277
