96.03486186190801
22.967410857325255
-34.75296855214942
13.871151214914612
-2.1014947344115322
-9.36701813275091
1.2903439390179643
-3.648356346325765
-0.1535911918846936
0.194568601944788
-1.7608362675275018
-2.0861589871536146
-0.005752293342399253
-1.8614190988271377
-3.6519822426457655
-0.4627413550024738
-0.3708579886154589
1.8255565693655582
-1.4004485612503828
3.4169269009446572
1.2246389225074101
-2.579233569095204
1.318764090337057
3.3943277675623804
-0.813021853487333
-0.49561215037581774
1.681170299157059
0.9081585029861906
-1.1742901263546472
0.012855699599362724
0.3000932723315243
-3.180052662018306
-0.27154593220882106
0.6894759148634144
1.108964584664213
-3.501217436085076
-0.5411210032982119
0.4738130449708772
1.4738750869116823
3.627056744156197
-0.8601060256131281
-1.6605264614010278
-0.8603152250038362
0.9770436863322061
0.17996856495518943
0.0465766572276055
1.4484853042009935
1.3502899065800538
1.1175818655367036
-0.4809079457983021
-1.9965011710000369
0.9937137306439051
0.17658490961489332
0.40754623233451726
2.1443965204214606
0.5655456983363047
0.5547510822182329
-0.35906682437601023
0.5534150377407172
0.5804300702775173
0.6457928056978369
0.05279021403687806
0.7737561066723248
-0.0543097294331257
-0.5479035243341663
0.5209438754183974
0.7817424877384224
0.07234725087921162
0.38110626455422897
-0.40138775830204054
0.7180852178624523
-0.027246386587169144
0.44101585858554393
-0.14772199221873966
-1.584089439894658
-1.510719823108452
0.21354290537531434
-1.6968590474821026
-0.6445690568417357
1.280607414043972
-0.7979776729752299
-0.08232708760282671
-0.18120033208734027
0.504797043899138
1.7579208552279466
-0.6762676877258997
-2.1520492421868354
-1.4511294489236053
-0.5728323926260377
-0.014372767749251218
0.3916834588521337
1.5661011671882168
0.15283941568252948
2.4536182448712225
-0.5943187123310023
0.19199324443298993
-0.8547566722145743
-2.184999148134103
-0.6462946412619518
0.22686411327252823
1.7454379947514649
0.46447965454266016
-0.8220367724154123
-1.0833765039981973
-2.3465101434432163
-1.1117024417721726
1.0390933420472044
0.08463288522612977
-0.8169845796542926
-1.1354572628553847
0.9792683800685642
-0.04681068924717652
2.8379755590008147
-1.0335004639052094
1.4058048653656667
-1.679545530991109
0.04286784326077139
0.5788995176413497
-0.9076072525516624
1.563604247928254
-1.3407109134482036
-2.192970301248896
-0.959258875026743
1.4002110673636396
1.3016997147989922
-0.7678104074415274
-0.8890415067600704
2.7097314094126626
