77.38586385025636
44.25532902216984
6.064802770434235
16.09349128012063
-0.023333529666157704
14.800523190443604
-6.605310247944004
-4.044682694271897
0.917406342464234
1.370759044322272
0.17461310753175247
-2.487790568936071
-0.40390545918528326
2.0719810107648535
1.4680380591022923
0.5423801340984126
-0.21107306708272938
-0.09949036663661635
-1.4230841192968116
0.18383976147435235
-0.5978525041968348
0.1918519524592513
-1.5334908754811067
0.2534518617701501
-0.1570714272597862
1.2852072747212955
-1.0807703397605577
-0.25129246798161164
-0.2233507111941689
-0.26904491713968404
0.24272890270865022
-0.468933486589613
0.06062931524078921
0.9360656586253948
0.9731379696186835
1.043820296803588
-1.0407979639468152
0.5216221660155071
-0.4811914724521984
0.04458790583700367
-0.1042346941312477
0.2755392036206512
0.43644150200912213
0.02301736010465011
0.4819236550827576
0.48501348970887187
0.0888833566877712
-0.059709164089788797
0.12209102437286523
1.0656623137264136
0.6661836877936412
-0.2093339610212596
-0.03332221442123827
-1.0100335987122804
-0.3234725430310449
0.48610124097107693
-0.1438230332161022
0.23947944165727353
-0.792286397530815
0.3929121014206124
0.2240263715402933
0.2613822403491246
-0.5915510136250206
-0.4242637738537476
-0.09548003716967646
0.6727556669998674
-0.020966341162350355
-0.6854530039803666
-0.4497052578287645
0.8113888850475404
-0.5183052518189464
-0.40484747810785593
1.2496883474174585
-0.20689004725739152
-0.8747361026630449
-0.07300176149985531
0.08950986834489941
-0.8615881468095812
-0.7797536121428602
0.6589603105594339
-0.9459905236785254
0.1987832146210936
0.551950120092405
-1.1956216703748783
-0.7565205695147232
-0.004843801859153174
0.4507851769820419
0.7403749990161933
-0.3342889973051385
0.9476559640977136
0.3886606156078334
0.6514200927057126
0.8457418246299211
0.5470299756875524
0.01095387238844563
0.7250259818912441
0.12115341627786025
-0.2993932162373341
-1.0956246294274103
-0.5028189172418291
-0.474535591780035
0.6148335408962243
-1.0634875967352266
0.12158311654323567
-0.4262367925221162
-0.5352182364098754
0.2232193331626414
-0.7111231715711348
-0.8573282653243478
-0.719368103380074
-0.7421925410559248
1.1204020679214952
-1.3775486949202884
-0.20488154644789117
1.143306539230218
0.27498497905660846
1.080797876582351
-0.5293980286941463
-0.8747316275767096
0.25481214108191313
-1.0401460926129487
0.42539273917640386
-1.6052622321081649
0.15753834304750802
-0.2432440398218857
0.33136884357428087
-0.5474608858181188
0.12510032200651244
