-45.05942382136189
-0.15619470031901264
-7.478575472885398
12.394242407582981
0.06541711098202724
-7.861955093610087
-1.796648757802005
-0.7734695543480076
0.001398072348963414
0.2098107046137488
-0.5380734979282716
0.4940645442101491
0.23901673312589025
0.22345608317179988
-0.6922204078976583
-0.06735953927859376
-0.6703882482790151
0.34042446260282744
-0.5220553298300391
0.061699001402163195
-0.3459007964093332
0.05207141598205702
-0.15551335817306752
0.11708588769892816
-0.024550641443707843
-0.5755576872871594
0.3108403118164225
0.2192558855507869
-0.08880967425320187
-0.022066765368595198
-0.31488034977810714
-0.2537688899081083
-0.4154472501018506
-0.16683882361908323
0.03829024791511454
-0.47373786387925887
-0.2971025230653189
0.11441360539435248
-0.1507285674365681
-0.24189276379533478
0.46399251216181914
0.04559549872417856
-0.18739749343449189
-0.15075518727550485
-0.4289631702938196
-0.20080937191916934
0.11472895221907733
-0.3118073928064086
0.07481876461339208
-0.13968497403861063
-0.252728114177103
-0.27327801810605457
0.03164516117865562
-0.1556335884238605
0.562288860610879
-0.10867526349286355
0.019039388656763676
0.560714468680152
0.3206653178458419
-0.04173612103067927
0.028581669093779405
-0.26017726317695455
0.16362225884397227
0.12078563389111374
0.11361492275677233
-0.27640252151228856
-0.30334047546169857
-0.3266500360942408
0.5141692712275373
-0.10561109057987866
-0.24012977161204024
0.27357392842735745
-0.02854163159993079
0.2699582540220187
0.16436241303595517
0.0032775788386930904
0.047087957021690906
-0.054100587339057093
-0.27706254588082824
0.039598366938258404
-0.39987700099339485
-0.22440785158563714
0.4003419611383521
-0.4155692642796368
-0.20696956645522036
-0.2754157746865794
-0.06545575648356236
-0.26774448684265384
-0.0043769144185396465
-0.21953739129049654
0.4494923170150192
0.006773748526112778
-0.16748625448077842
-0.2759545036142415
-0.07257878445309258
0.06772104592794628
-0.2492451972523766
0.12117939279443472
0.014864443470807814
0.19720002677134363
0.27761853139935805
-0.1428964765575281
-0.006862275449123973
-0.11017281398716415
0.07598314333855172
-0.0270730503256415
0.18891606162033867
-0.09106845777248947
-0.21122956114897953
0.23601253721728932
-0.3278503588410576
-0.23950329722304725
-0.19868941317380623
0.5338529525477227
-0.1381735643516901
0.1822393239748824
-0.36047118338794604
0.2632026540953106
-0.2088794355929249
-0.29008477189852444
0.11968356916976856
0.12107327908980606
0.18786831497747003
0.14923569523501087
0.1529405068590765
-0.1045755922765205
0.21570244808781297
-0.2546392561613187
