33.778101422316524
-39.7276446661109
39.686727279167194
-2.693523767753938
7.67588527542885
0.06249047515726783
4.131922720235194
-4.3106367681822455
3.2743162181183316
0.14862820954928443
0.2460695038930617
9.24425657537283
2.766473124426754
-3.9288988665172297
-2.466373872252877
1.6357860080348832
-4.633215255252456
-1.6450004428668104
-1.3189940022189666
-0.2894371817904195
1.0215766015688035
0.3187757349712319
-0.32857332855733246
-0.932238077935252
-4.110458825567617
-1.8885348844024377
1.0703906135681955
1.749251224001254
2.35506759057232
-0.7115480974824533
-0.009207609782884332
-1.0517513836825059
-1.632338159034679
-1.4482783985907812
-2.5381952698368777
0.6132306249773236
2.1340209516725417
-2.577632412504083
0.8211005813512522
-1.1398304601621352
-0.22020811119483624
1.3575877215476255
0.2147176473269486
0.055187355976964066
-0.08409658190980282
2.200596401231348
-0.46574232282680583
-2.2136374364494005
1.7529392426320989
0.7733200749196918
2.4667801767514215
1.0263051795875657
0.2239133315601371
-1.6956304081337452
1.7117822907614877
-2.946208523367687
-0.591324660852121
2.0035222365657646
-0.6917249236673468
-2.856362277628826
-1.4275818552598656
-1.3490176287452047
-0.9687125842899982
-3.613581597640939
0.2638288544401952
-1.3164960645972263
2.9686652107648035
0.09919404567330493
1.8815231960102834
1.2997922763958223
1.5694800005139546
1.5907484225935344
0.1881242640756279
0.873902372803196
1.7527015088560773
2.4372677560138984
-0.8905623580060114
-1.1641262709269613
-0.361890583135989
1.9458672221464828
2.487029386956807
1.167660824919547
0.8329552064609668
0.8939679041604056
3.0184382422232456
-1.025583665215406
-2.352832669319882
-2.4305089613314355
1.501669403512273
-2.1358538102622893
2.2511081188673345
-2.053811420208731
-3.4047934695239954
1.1951336285662042
2.089841912098729
1.1408155882992388
-0.41158458614366455
-3.0734067906444396
-1.6114439576575308
-0.6043211894142262
-0.03558984334795753
-3.4780590190529797
-1.7807296741491139
1.332674625017583
-1.4734721670209263
-0.7525925704614459
-0.022728794333417568
1.5457841362437001
-0.41458374191604797
-0.7718857726590033
0.664490705251128
-0.6651562161718829
-2.7337614221630537
-0.12840675925929754
1.263601728039097
-1.9713953532631447
0.7479085672045125
-1.584480168655182
-2.1607779156502054
1.246075912620593
1.5592807154069612
1.3689509718987283
-1.5117697004354957
1.124424050913832
1.534559517676463
-0.57946195492107
-0.875980658335547
0.091754027832161
