80.94657527635992
42.64983895313253
6.679693633990309
12.023954490403941
-2.2081684642762256
-6.3934418904353185
-5.080720652188771
-3.157527816633792
2.04975456019225
0.3379423030346843
-0.6199386366338797
0.05475754752609335
0.4320348856881725
-2.418753999378963
1.3287075327990192
1.0438590219740906
-0.315417313109462
-1.5459593249074555
-0.10481414756341872
0.5656661253738985
-1.0731323243296236
-0.10600663735133992
-0.06394325588471596
0.402619304835096
-0.09072688266894419
-0.17935291006001747
0.4154027293865212
0.44113089887622214
0.08724176300747498
0.10888632175613855
0.18774702303550425
0.675654437760645
0.42203837549300927
-0.06670382730235534
-0.004542727976001026
-0.4339670845135099
0.18628993101697808
0.04658034069733248
0.26368538248875206
0.35119313847747863
-0.3972043987968525
0.3536884335063674
-1.1157935406847719
0.4229696415469063
-0.41088777214212846
-0.5622471449855532
-0.48069928615661806
0.6124246402997908
-0.16686998578570206
0.7054297556122832
-0.8278139698654304
0.05891005229633611
-0.04186354360649977
0.2971521002429406
0.24425595334721578
0.309321426420491
-0.3142837443727371
0.1201827908839366
0.31633900033973666
-0.7427807426970494
-0.0019426249361059744
-0.8020023723403774
0.18841468546341283
0.4452487598134387
0.3747202754409908
0.21015778490924947
0.6625115305089481
0.13449357880522184
0.16556709117036297
-0.4990686525491434
-0.26051703391834974
-0.6554508715327781
-0.3907788821301548
0.15500620971566853
0.8500264722466431
0.6309743692148547
-0.27929962800670993
0.8941915683890038
-0.3892594149396334
0.08807581753442079
-0.6448925567029913
-0.3159813869233271
0.6900537940627948
-0.053265338802183454
-0.534927934908653
-0.6047119102344378
0.12250762278960634
0.7289707126929635
0.20886242773345937
-0.4050752061907924
-0.10304643821630205
0.2160441535454052
-0.016429679973572232
0.2457836598070554
0.855849927739037
-0.02076507437511329
0.9609006818555561
-0.8748342066518386
0.014323411490739124
-0.6189639817118457
0.6149526370724661
-0.22171592212582758
0.2053958667376633
-0.9019484813548921
0.28004664129301887
0.45063760329734154
0.4799561126671398
-0.5292954549980278
0.06178570668325511
-0.19926260216891162
-0.651829422900823
0.9378228347369164
-0.1780517259198265
0.21269541441061748
0.2644860615027989
0.5209174208192514
-0.22076286194828953
-0.35298718594689676
-0.481988031702211
0.08736557038221773
-0.15900195461083397
0.5304457412999901
0.2846829494735599
0.1755773760438883
0.24242630234986506
-0.16503665187407796
-0.15374622062805093
0.4275167582773677
