13.006211831365
-50.98506511639093
-24.99268500505112
7.878948386823452
3.285782682251971
7.812685132416933
-0.4358842458794465
3.4324424047748345
3.2685484420684556
2.3339839513244245
5.804777851868777
-2.247770382755269
0.3539262474272408
0.23285140021621115
-2.4534239836554685
3.381811108950953
-1.8472248213736986
3.857532424818168
-1.5646292758324625
0.6805196401530336
2.089472749603936
2.9723793126718463
-0.18670961962172447
-4.808805347043377
-3.2739201853566344
0.6059746999547699
1.9777531135879012
-2.5371662853348407
0.2987784895958174
-0.9815652547163831
-2.223779334785762
0.015284597756931154
0.33946763033837857
-1.1985348772966278
5.539769310120961
-1.6691632041008466
-0.156180699649959
1.9079352085871173
2.441210529531708
0.23773844810295808
3.5732995166237833
0.2709009069795564
-2.1632501249135396
0.22372313194019067
1.3159595817162781
0.8059302607427802
-1.2588556594933789
-0.45277927773422877
-0.12732141408638054
1.580456571839285
1.326305638561038
1.3229316117290653
2.799851018712037
1.1935200066986327
-3.0258023246713197
-1.8711474194016398
-3.088564206354531
3.623020630798563
-1.5699841503064724
-0.22926921297318162
-3.6170234232459006
-0.5962700055403516
-1.6006558627694019
2.3099258734699246
-0.7825349840541094
0.15377942470218697
0.5760669163413684
1.4155031821070585
0.4092780935690306
-0.8691271186945156
1.0971777009628756
0.17937020841818582
-1.1171959247152383
1.7418031167453958
-0.059273425996953996
1.0439170902680188
-0.4775389143551523
-1.3571260288091083
1.5778714770165758
-1.5680252177388727
-0.5877307750533494
0.5775058296083103
1.214181864861835
-1.5526376335249907
1.3800372512070698
-0.014858374614759987
1.331474073196257
1.2317405834755812
-0.16708844015360397
-1.7357566044303014
1.0363692345041942
0.9131359014197487
-0.8564003718454841
0.3826498088686578
1.2667934862106809
0.9832024919888396
-0.30669391764200793
2.160247107495108
-0.6325757123271214
-1.1278841866266855
-2.655980328746686
-1.9053909266606623
-2.1277804057410927
0.7991953584707205
-2.359966979398737
-1.9889645624136827
1.1866523965346933
-1.424041035089479
0.6309106406039032
-0.8113809203248785
0.39209857261897296
1.1107282622142167
-1.527801318497945
1.6911391533291755
-0.05344058971610912
-1.6023847036080687
-1.3851952716263614
2.6322070452999635
2.159838417632674
-0.29675895680969244
1.2396324008290653
-3.013527088698082
3.1312638583164283
1.4237352795729967
-3.623161398143816
-2.0572666023047432
-1.052658083995019
-0.385530374531935
