-37.57774351424019
-7.757552061590228
-4.083517061220066
13.630588302657728
0.3890807216226329
8.764710498557491
-1.2449907536213678
1.0921941991046358
-0.8289386987251258
-2.8381456050463463
-2.925713322719279
-0.4932940422514044
-2.3134516467041895
2.038719311886584
-0.433912141987557
1.0351733329015986
0.25581993269797876
2.586148827482493
-0.49479724814645454
3.4670226396582784
5.454327465599087
-1.3580059835334157
-1.261189742421237
0.4623890305862776
0.24869991618395637
0.6645033587797757
-0.9133190427021785
1.7681574291450994
0.14987395304582524
-0.6677449141071815
2.242539174566123
1.3753515342832654
0.38905434474356526
-0.6738422863362579
0.017661790575897757
-1.7455943276601138
0.7120355166482877
-1.081594400381804
-1.2106683712381612
0.18764756814716904
1.1460525464401994
-0.2993698134200579
-0.8149523847251514
-0.7773492184619938
-0.41926952760943514
-0.002072102775385526
0.8850716884083877
0.6363124129197457
-0.8389252880854611
1.1659642805910189
-0.713222581179293
1.3403764628314458
-1.2981044168918028
-0.2937465894722826
-1.00388947562418
1.3102187225015198
-1.0302482470717824
1.2963294709306177
1.5933453906822348
0.27011710632068564
1.5010068304235762
-0.52037572732476
0.539713535793712
1.2211614196819804
0.6192751441228189
-1.4453219136880244
-1.5428936549994332
-0.25814336087796563
1.1558785269942111
0.9027515138856161
-0.6117174472861178
-1.4317700935978765
-0.28070682783388207
-2.0185622676348602
1.6166558940114042
0.0010753312895791785
0.4977990564507009
0.26866396702369083
1.2964362111511893
1.0852728522475035
-0.8168531200277038
-0.7207629755722611
1.6323680208351201
-1.5302636739033446
1.804557281582464
1.2558428022069796
1.3198716867976563
0.2648818642564626
-0.8324663976935534
-0.9717737843047382
0.5573412261881867
1.2304436445952598
-1.5173544832109689
2.374282766678021
0.07816803382151419
0.33662213317814355
0.6765041252855288
-1.3103227034770322
-0.8322174137531203
-0.4659492129234539
0.1722259051219596
-0.5658769112527784
0.2655511499545745
0.909697207523302
-1.0175828971345653
-1.9286934431195568
-1.9039832424069651
-1.6562554486622645
1.043601641158445
-2.5611820734008335
-0.431232222530133
0.15924045704985518
-0.9324876360503161
-0.6860093368171055
0.6673606301898515
0.1442755054627471
-0.6522150152706558
2.874245829216811
-0.13932238163362448
1.079922873234855
2.639827571741974
0.8159728378249006
0.15616586942387337
0.3875663790963577
1.1372266875441488
-0.7792693522489357
0.7675054110520817
0.32469505808616794
