48.5783266846895
-47.991987422984316
-5.178218814738373
7.325866902681915
-2.9366132184515004
0.6365676988804494
-0.746002359949284
8.495779252653838
0.19661927245333233
3.866661618618484
-1.3211691308398499e-06
-1.7849050173194947
-3.553972636890105
1.7905189382760325
-5.856020821907955
-0.20867346207171367
-0.03943146780158971
3.191997729743392
5.338607999750248
-1.6419064622390152
2.2440694946678295
-0.010419229295633492
2.0132310359262147
0.32379261477587523
2.0269619567771433
-1.8011582386955052
-2.9979829687992545
3.2697644201336344
0.1998492188827287
-1.272337356078428
-0.436298332628285
1.7393587541526363
1.9052243372280926
-0.6088862808461614
-5.070169841347166
3.2095087366802684
-1.2342538842169828
-3.9543887309820103
-2.1062876571178926
3.4159478769610336
1.6265126999845183
-0.817482010197718
-0.7158346995484196
1.1275670370985433
0.6070915494242816
5.3943669547756485
1.1133078954237554
4.687651332376329
-1.4184018799238183
5.382498653183158
0.7436356964953807
2.083894707935899
5.836333973401204
0.6178783230970722
-0.10322988139229616
-1.5287892398718614
-2.216610073850266
0.2499949361852533
-0.3842053701490016
-0.8868166398437752
0.3820249370519496
3.320474405872411
6.308213594912477
-1.8313134442242827
0.10043176386999782
-1.7319900391192247
1.056976285155378
0.5059624406824492
-0.32775433163695905
-1.226053710157277
2.645847374803615
1.7944499396091982
-0.2648106570940251
0.9411184968102877
0.47131921028900503
-0.26341658954177877
-2.590541090050704
-1.6447485898839647
1.2356754964287904
-0.8353402097856706
0.2326934433485102
0.768722218237222
-4.7593643096190394
0.04561698576178544
-2.3076226218953404
-3.6177583380765657
-2.4074667493048847
2.83320435581764
-2.7522052922237115
1.6621463837028982
0.5423315431452473
-3.6491297494226007
-1.5376294837475533
2.831186527077947
-0.4711271127404198
0.027329519037900415
-0.3470214324428408
-1.2133315080030878
1.8818679388431683
-0.13568349348338615
-2.6120562526290114
2.2524024545087733
-2.800088281924225
2.3486535109064492
-2.505779601398721
0.6083442159960426
-0.44026312328608014
-2.4708431614135904
-2.231690150247986
0.5502860086537538
1.6168659184889285
2.8297494181864695
-0.8674455215630692
0.6751453070227682
-2.8107546412629194
2.7971057601145257
-0.940853555862011
-3.715230907990774
-0.37563367002086406
-3.975797105196459
0.08622597939718686
-1.7269921373100052
0.742175758981907
-1.143446272193903
1.1025969887156335
1.1941611714672042
0.9059848074282609
0.9895107225378829
