-44.988818825954965
-0.1541421982350026
-7.530929166646976
12.673595207290397
0.23861449512056293
8.275467895990577
-2.0846015978459533
-0.5623705924191732
0.062167270163086236
-0.7806527346137164
-0.33458551068760295
0.12497162650168833
-0.049264708989963046
0.0843521227194897
-0.4023232512577271
0.23599173380507812
-0.13880194024070977
0.123552933591461
-0.26171287234943663
0.41548888742904055
-0.4173173025559518
0.13565440454072336
-0.24292301435632604
0.22920424921299593
0.02526710772372221
0.11396910527808983
-0.005623893692708215
0.07343789645862253
-0.3885221594414976
-0.391815742272706
-0.4721743343645727
-0.04075166409516885
0.18416344375012617
-0.35680133115992585
0.04100742358223822
-0.3043276154185889
0.23197720466240226
0.045036733339099785
-0.31088883478691254
0.04875446536602311
0.24649454702787144
-0.08528178423568075
0.05846271634200669
-0.3282704407532311
0.15681714855135842
0.14927431951059336
0.3567504444586979
0.06909603299048594
0.10511507131411095
-0.040333218353360456
0.06646585805165439
0.09704042802860939
0.1581867686990068
-0.17166148693958064
-0.0691515809172996
0.10786256078848026
-0.19792932542804542
-0.41908824738118555
0.06056582213991628
0.028686651959308473
0.16627334080602188
-0.0034223649948781354
-0.07866891217086303
0.017433529754899132
-0.07746474749888806
0.28200354241050746
0.3584116904495807
0.02635422742137663
0.061497828678115436
0.25978756732258
-0.15062170292884158
-0.2986874647978371
0.10870915536863704
0.23369967625775484
0.18923054408924248
0.07345499148155515
0.1406455629740631
-0.40270778740874663
-0.3300451617174518
0.31078788065828583
-0.21376784318290032
0.23853164677311584
0.02051851789166484
0.21008432598385424
0.02283964369940798
-0.0817865251422946
-0.019820914038311436
0.024338239428268363
-0.1790983961317481
0.017381478386833557
-0.2463177082190277
0.16598331960428095
0.12677234247587635
0.04721066271791258
0.029323319111972397
0.12297522931801694
0.026834347428798297
0.010083942164304239
0.2785195053392741
-0.19684702306594787
0.06983110055006167
0.10713629688620907
-0.1620828092551367
-0.1545777065878226
-0.1889050195004176
-0.12935356413203838
-0.08986422242895896
-0.09061592872724339
0.09361886627014634
-0.3147818267470361
-0.06919295959731318
0.03613230587964657
0.2707697124072689
0.06820773617959926
-0.307561571269963
-0.04358550043054775
-0.0877297591261472
0.07012774601104195
0.012471476005960484
-0.09243637069734773
0.20150847324737564
-0.17352041372529073
-0.006319865118964723
0.06886770528879918
-0.04540761891976006
-0.05913468117512416
0.19495929282267557
0.029413676247730114
