-70.62003948340536
-0.9979135162768208
-4.80848103334492
-9.77617130747825
11.115487253076317
-2.768797283560854
-1.2925069331726173
-1.1764798741945612
0.2849331253267856
-0.7606628332503531
-0.3638198279644633
-0.23764912163131047
0.5958539848359262
0.3187605933849188
0.014491313848235238
0.2302483595632366
0.006811159981792908
-0.3430933562871095
0.2603391947519903
0.15108480929104748
-0.026992664348376688
-0.255365761521154
0.26886333571306803
0.15645542104057533
0.2517174768534759
-0.02686306766829584
0.21163946196562675
-0.20951521043727955
0.02486888189962451
-0.14727021017982975
0.19480818879971984
0.19449735959706588
0.1198730881395577
0.10356098572266961
-0.17763401485567887
0.04450057190926755
0.0280331761615525
-0.1722241774398695
0.2007117417964779
0.26737096856198117
0.03544885717928161
0.0200219097136497
-0.04966121951163896
0.19001083098742177
-0.12946196671649432
0.009555916589410605
-0.23987789921651237
-0.046951002531412434
0.04111064508014095
0.12045553238107243
-0.16766999017570086
-0.05509759443801546
-0.4059197518260149
0.24590607355510471
-0.014761189618157505
0.015712147722603265
-0.2120907630958829
-0.007432376176245002
0.036115223915870874
0.09575553398760753
-0.1721428580497878
-0.12462152011130963
0.24175664919347925
-0.4175421392797064
0.16453861835535005
-0.05218038804549346
-0.23974519253528637
-0.07660842702826526
-0.1522644005432346
-0.04097128483792242
-0.16123441375989062
0.15747612338209926
-0.2075054333794532
0.15599404644384313
-0.1220265905499313
0.23356116161823928
-0.1681913184406209
0.3840977747950907
-0.11332518361186686
0.20786789361714036
-0.19726788882265117
-0.04738030044941541
-0.3358164671323066
-0.059436341318723065
-0.16887509196480371
0.161927730567803
0.07232331263648593
0.16808132222855715
-0.22273727685655534
-0.06144837525493367
-0.12263729254582882
-0.07899842546290846
-0.06836064476670783
-0.14495201709506622
-0.27166058922828373
-0.13896339556286014
0.2935252566970456
0.29868207452325923
-0.0030342815076279603
-0.15469070116733522
-0.05537108152855716
-0.22243369149018827
-0.04743720745284857
-0.101261199823659
0.022537442913768316
0.35209303605335285
-0.2891072949886583
0.021415591498689532
0.3525716775676771
0.33864604277157767
0.03804685186550362
0.019951100730293207
0.050361257531022344
0.08063580049054345
0.17613184303765578
0.0210560454380896
0.11487654779012207
-0.3246451163068922
-0.34522085368265376
0.4201352117453363
0.049099805532673735
-0.13816077601403923
-0.29260092002498117
0.2952634135758295
-0.3251098371014111
-0.005130277272381294
0.14948937453089897
-0.24235784976445449
