28.083220950066515
80.90792300117026
42.32707390068471
-8.939867660843907
-6.355394118045961
-1.2945337917638504
-3.550356542934574
-0.44202633416336834
-2.9528035816121943
-4.771665398504882
-0.981174943929495
0.3771117831920145
1.834393782057696
0.5587814025074033
-3.6764303698694727
-0.08251264739325763
0.9684647065518284
-2.229431536137933
0.6033512396918446
-2.6173433779841906
-1.2848574169169402
0.16688821022968042
2.153985336100483
1.7320944849565083
-1.1821258779806896
-0.3781948270581223
0.9104841341563727
0.7253356428243576
-2.004571670908798
-2.3820068043900653
-2.1715037790706333
1.6367006595534026
1.3849835250029061
-2.8709516094454726
0.23879369172833562
-1.599568934274648
0.42014375718951935
0.31427679248015555
0.016018121238638716
2.915553741295856
-0.3946553403841045
1.406701104973266
0.9144302162504913
-1.1847126107399375
-1.6647044784792184
0.8165987815646734
0.5043293535998375
-2.015202748540466
-0.48218060097802923
0.09546331604464331
-1.4982905216407354
-0.048775224694959984
1.0631388086481732
-0.1324724073639382
1.6104139192182882
-0.21767526598527923
-3.241183365804921
-1.0612627508510046
-0.3089386046414824
-0.7187639556099038
0.6349644625255558
-1.180284782244208
-0.9338484370220869
-0.3244482251340492
1.6125118570708044
-2.0281635023000164
-0.7389753377709352
-2.719154191502038
-0.16828804444198178
-0.5146257812845648
-1.888841270083767
-0.6859554779242945
-0.6860851843554503
-1.4000150020834956
0.22370061507531816
-0.3698865062303804
-0.06435880443617412
0.041929925752770325
1.2543707431244195
0.744895420623688
2.5216649230617447
0.25258899742005314
-1.4963124865329895
-0.11717911200292827
-1.192079584474652
-2.5012840300418744
1.2678845740066986
-1.0050518824949886
-1.2068074900682206
-1.183230590888423
-2.638534098292029
-3.3231191529327595
0.32621233528670845
0.7344832556966663
-2.2327125280336784
0.16120030241754596
0.9008203979073809
0.07957939966857738
0.3640120887874272
-0.619753286831569
1.2601202302295975
1.8921596902186206
0.4207505913973994
-1.0404558732948956
0.9509278984136141
0.578140714720439
0.08708846867911907
1.7344088305349183
1.5116010141352239
1.4932427832502744
0.6280506818706783
1.9885022139691928
0.0003444995024074124
-0.8781781538267782
-0.4758535700473675
-1.9718340460084198
0.8704257741863801
2.9269212500491597
-0.24520635986682016
-1.5223731435599435
0.09759765226943903
-2.056457833487645
-0.27057279780449955
-2.405669808207564
-3.102819377754112
1.9527775162451617
-1.4589318493232701
-0.14089543453688416
