33.994643220007234
-38.39581078253292
40.3231154328739
-11.021190247458803
14.034951759846782
-2.3859146971537193
-4.587402844068696
3.969847819526487
0.14316366103203046
0.5667989443831907
-0.6970412492945213
-0.5341796576998808
-0.31923706863315404
-4.257543378967988
1.8695613518559597
0.35397860853400376
0.7305995240296705
-1.5540280751138553
-2.355352209567849
1.2276461545715613
-1.4307533713653242
-1.186517877800903
2.335944213229893
-1.335215113214004
0.6888401638679658
0.06747876727873209
-1.1458191115249263
0.26438737724404393
-0.4678321791990443
1.169674319128364
-0.014963490110485297
1.126967911113136
-2.580096158868671
1.058906282973447
1.1844297579756768
-0.7604554107555136
-1.5355681110285049
-0.3687968091596467
2.143191947017427
-1.2390158314754605
1.2243450829436817
0.17265482757409636
1.6749002229760617
-2.0229021899752584
-0.2698933743186665
0.4027937235627165
0.23842973063916625
-0.6662213457356112
0.07703795498986399
0.08453281437488802
0.4914571948886492
-0.7690954753789518
0.27261747999475505
-0.937176288312297
1.3509803947701964
0.4169479028736878
0.31501587723251556
-0.17066633001712897
-1.6814917725550629
2.411440543825408
-2.1380262743779146
0.2573412932949047
-0.39016360406820955
0.2294784237067662
-0.5241904285788563
0.48496844207865647
-1.3934001196205315
1.235040385010327
0.3273186771298496
-1.3671944232979898
0.9969571882331494
-0.11129002672252439
-1.0244150844318987
0.2148446745724784
-0.23605366726044777
-0.7565694051933909
1.4130897154845694
0.1684302604518707
-0.03459863148040765
0.29873498556165456
0.5274341155581719
-0.7503044404315731
0.363165950186012
-1.742631421169883
0.21085531648689232
-1.1773858513975892
0.13580974389636746
0.7406084587306121
-0.11851237816234392
0.8604997987109977
0.41428078700907994
-0.08846197414768048
0.060190432331008785
1.886286446355868
-1.9348739723379276
-0.6675746862654728
-0.74148807281303
1.4149481066080687
-1.3313102491062772
1.0399533615940166
1.1205353402948157
0.7823342506627098
1.0131656761566321
1.3426191940333094
0.4876070581507195
-0.3863240485273089
0.745801474116373
1.4326563175698852
-1.7302115201539239
-0.2056483810087307
0.4794409034316272
-0.16322447096896803
-0.11707389158149398
-0.893616799644087
0.11203085813496041
0.7919543244725553
-0.38481159979130214
0.8523768813862974
0.9328353233218483
-1.044734243526563
-1.507035055979026
0.49755683415213436
-0.4248052789594466
-0.483325703994353
-0.6223439789552757
-0.31515426365071053
-0.899425136879115
0.09013931483313528
