98.18665144378961
41.519612200878804
27.203438888790476
-12.465904629965038
11.335745936456465
-0.8859281219806001
5.788088350202553
-2.1099481826623605
-2.6016622669722773
2.6433958649961173
-1.3015614691979103
-1.029035896563068
2.597975307093941
-0.6884681136514791
2.8502588210955206
0.36521998850007387
0.4284303387061889
1.3078454020895607
-0.8650429785624014
1.547295677059862
0.4167091538930666
-1.9795599117733773
-1.1630182362859203
-2.953188025562632
0.20453209087585766
-0.7231558839257902
2.190724703867832
-0.715724381390686
-1.2440531616550496
0.21117262578642898
-0.5428362973212985
-1.5232095751863484
-0.9349122985614173
0.26479016450687737
0.6768042242776412
0.3800692242572105
-0.837338942196732
0.22596674883175405
0.6297147991497282
0.3660839033026648
-1.0864827975192026
0.7680153586974506
-1.415301920224738
-0.38144590255678024
-0.2040549063446783
-0.46347564092748217
-0.661932386457355
0.8627023545368331
0.7554663918933338
0.7270298184142764
0.5070644427849712
0.44559687629451006
0.9336201125194332
-0.6985084006729602
0.7367627819852397
0.1562041616922232
-1.153045060232846
0.05337499069773355
1.3471683855350163
-0.9688217977790392
-0.21278278259134784
-0.7967345071891638
1.0849638539792974
0.4848567328654227
-0.583217532851403
-1.223330671084887
-0.05826737196923358
-0.1132265471530999
-0.22878408512299986
0.14822061248585583
0.07210748465865816
-0.4701878808940204
-0.21733041325828384
0.118338051021665
0.3896927529975431
0.7901043673318735
-0.20093013775633833
-0.9451880050567923
-0.2609283352482504
-0.3263394241923292
-0.345310710319909
-0.09715478804098757
-0.78001021099553
-0.2744907647852649
-0.12124984968350205
0.06423202236762587
0.1877915969527589
-0.2599183176497499
0.39062722690796775
-0.37020863070418697
-0.3084382889435402
-0.455691808428571
1.740341947906039
0.4331147468992323
0.38367722576983637
-0.22787646233547892
0.24578699670592893
-0.8875262838425313
0.7117438537779206
-1.0690265456097725
-0.885348396968713
-0.008074322155718613
0.3240732039488055
0.9876079525025476
1.4037347340941808
0.3857610746275416
-0.12330432047857742
-0.6080627457772038
0.3594720110891396
0.8798746336699707
1.3878426270418556
0.1772961937441102
0.4139851166241949
-0.6495511234376385
-0.6487392679975824
1.0399685836994126
0.864355114598846
-0.2287758336143969
0.35895324216457747
-0.6356974631267979
-0.3255771607596687
0.6061092264920074
0.5565205093781787
0.9853613760307632
0.7196711258856324
-0.7467132518744609
1.8962590902008558
-0.040860803198853476
