48.058888601635445
-47.956420153617835
-4.639350959138399
9.548626290750903
-0.5747230544882076
-0.4737722995402872
1.3252811336053967
2.4690805799293654
-3.1914663532848166
1.1383019940440264
0.4051756511453996
6.090653607199573
-5.202518371491253
-2.8503030538990908
-1.426952473379398
2.316159130596423
0.4366220983037306
1.986314040988061
3.636521500089493
2.8984035877788155
1.830939297724775
-3.1579865214341076
-0.7385955979129264
-4.518425935673929
-6.618064845166845
-2.65457598463386
-0.33328349831580606
2.6280791568184756
3.7977287835830653
5.040780185571435
-3.202825666818372
-1.6724636391956442
-2.6184008939726175
-0.3710271682724048
2.869193025364706
3.980972087303679
2.809329316947291
-2.539495206521105
-0.8674706011743063
3.2685521436163203
5.794978645597723
3.7197647991230443
-3.2751484064621788
2.981404815007192
2.6150809193975277
-2.915443688326993
-4.210638488423018
2.134807525119683
-3.0712338731747733
-2.369306609122706
-6.995983519946381
2.914704367113926
-1.817030189588372
1.3071345668013241
3.064507661895405
-1.2638341871563334
-0.7766373929819506
-3.972783950688639
2.7125842266194136
0.36538220852479936
1.4852881878612267
-1.1902974426216508
0.601532423376647
-2.510481412853184
-0.3422870929940597
-0.3640342102007458
-2.152211784752339
3.4780630641416246
0.2322805902720943
-4.278548710368489
-5.423312079149514
-1.5385856470296297
1.4561910142900087
-0.8335746590738284
-2.122309834500743
-0.10367721107955248
-1.2155219295234236
0.48909030147640914
3.3566614727006394
4.355006081728689
-3.8419841601665223
-2.9916371883497184
3.7124221543064944
4.142581211098612
0.4302292956958894
1.6596353528818728
2.7509918319647197
1.3741785998442602
-1.684806863296567
-2.383838192139211
2.1976075084711377
0.7726389340695691
1.9963239111936095
1.7699092347069947
-1.1239663476301764
-0.2775500469478468
-0.15990942707493666
4.741234239349936
-1.572466203731464
1.9158010496870808
0.2281087989547566
-0.30869627021457263
0.03626813978373397
-1.1257254195036732
-1.8020483404119767
1.5316495038575106
-0.3216382232533638
1.0380971718879168
-3.496229360618897
-0.875479609727467
-0.1577656807919992
-1.7361010979215288
0.25191420683812954
3.426397029111337
0.5524734022503445
-0.1109666542891137
-1.0748612806397964
-4.678763102361857
1.8001991055947357
1.5955088830136297
-3.058077831825796
-1.1578493449838536
-1.912963497128115
-0.3137999339026318
0.6320606646866118
-1.1697438363276802
1.6246604219805543
2.276212634825804
