42.64542411534727
-59.418320207706344
-20.492755145825043
9.669542603118863
0.7360107348244969
8.864729902161926
2.6215534885965885
8.287960966782261
-0.87253532639892
1.9748061506819254
-3.5194925359707243
-4.01244414531453
6.075675866336308
-0.3009559716364181
-1.8527565017899914
-5.001561822249235
-1.8009524673457697
-0.22678279923904338
-2.258722141633946
3.129455936708193
-2.4932646473392497
0.6761422798509714
2.078286079470696
-3.696004063814506
3.7382549470596813
3.4205658349753554
-1.2018539759797227
-3.9116416188267977
-4.999508761987721
1.4046312761495772
1.5389331231829904
2.764687730091926
-0.844945069723004
0.5186238742956792
1.4275403082531428
1.2370971554314143
-1.2797335896063493
0.7973893153780945
-0.25833122838033123
0.9124334454761601
-2.578118020586132
-2.5290888110574525
0.0766144659598923
-0.8754091514195417
0.6053107118118064
-0.8800347510941356
0.5147980460608536
-0.9524629615660481
1.8787160201644795
2.7187523209963325
1.2762731134668022
0.8559724488691058
-0.34734933226190934
1.0094336762847587
0.1946992774218803
1.3427716054315078
-0.8589267501705251
-0.908039383836745
-1.4565531962647804
-0.6045932420377521
-3.861864299174936
-0.7911774768127696
-3.0053836958541567
-3.3893400074652
0.6732988814830896
-0.28737497244640764
-0.21746180837310808
1.5744457694888798
2.2632034231364417
-0.3156942349040171
2.907631374577324
-0.7227884938499233
0.5407667632645089
2.2711328194299525
-2.454882282007869
-0.7478227816415213
2.8688865459976753
2.8152994492680468
4.736313102582655
1.6678127136691114
0.7704951351006071
-1.173899622016579
-1.3203987491648368
0.1381769225930952
-1.869241909702206
-1.727038590333138
-0.6807380222486542
3.742194976967963
1.9503132194891528
0.34728735124260474
-3.046201399985557
0.13363021744649184
0.9319576604716653
0.8876264685100219
-0.9964249700682863
2.2626329938701755
-2.3944918030373916
-0.4045260682759413
-1.7986978916066831
0.831968358549585
3.2632248380224724
3.971049925132204
-0.28243809587882146
0.6046841572749635
-0.8813740692243182
-0.7568635464192778
-0.5667052185748707
-0.1291756611190989
1.1908382016483525
0.6803494249598836
-0.7923990270827546
0.0888099242713583
1.8676983684679644
0.8974541831651269
2.10840118871102
-0.2366524056613815
0.7964563186432921
-0.18112366190084597
1.4176748700310446
-0.6877930041005875
-0.9105583383669391
-0.9180075389631872
-0.37576316323592035
-1.587235822789762
1.1758315497926581
0.2650130210168189
-0.1496640874037155
-0.3130108829879798
