-48.536374768282634
-4.8619281271637425
-9.785158061558667
-9.20181844194326
1.047346499198381
-2.699177745406478
-0.06316354091430731
-0.9276900587920135
0.0409343819393726
-1.0238882036065822
0.6123027389907256
-0.06529370010947383
-2.009317272066556
3.079548732753641
-1.784898238520454
-0.967140907009003
0.17760382591766133
-0.507645739559273
-0.22507892155919001
0.6414099947029649
-0.5157406419996131
-0.4354013575125063
0.031223377869912694
-0.004583830096172775
-0.009880625346667116
-0.06531931115497569
-0.16365837869695862
0.3703673625282142
-0.34963088817869387
-0.2921731911416464
0.5833767878542381
0.5123873369631893
-0.4730449736826037
0.24036402284585073
0.02708699210509849
-0.36610095932891357
-0.09430493291130523
-0.4433597847871681
0.07611058752310834
0.06450830257786855
0.08367046284050086
0.04030387957777995
-0.14029953066853085
0.08493631856226719
-0.17037212028128934
0.3624045664166732
0.3476483550685739
0.028301953425550253
0.1464208180418963
-0.11191289160193467
0.2664486306153325
0.03464887746236586
-0.05204974701804545
0.17122089396555717
0.005679826691684292
0.06904438869403393
-0.15973851729382396
0.20753621282978235
0.35882008103062135
-0.21191322152671774
-0.4410435990224104
-0.005642163425395599
0.07593833476098907
-0.031826087873434605
-0.22606689761313714
-0.09487716969786711
-0.11600391830748776
-0.19823781947479915
0.13527968904423807
-0.043141784620680024
-0.5309332915177167
0.09935381738583514
-0.20396597244181167
-0.024811447790696814
0.07223668314730752
-0.1976753639226296
0.4220942396681038
0.17864531001329498
-0.1205326132351941
-0.03580758136052502
-0.14651524960944007
0.1345715522804506
0.004509324632918908
0.18058403006466325
0.10654751123797725
-0.22203835972162267
-0.14254246650298016
0.27810953390127113
-0.4124103494079298
-0.19499458001011094
-0.22749056072277687
-0.04210938539990086
-0.04143834534094046
0.4364165585672508
-0.08066772784491481
0.32549074560886926
-0.19664805599338087
-0.22030112949231812
-0.08587980562263388
-0.10694249110937601
0.4427855679246605
0.10949542293277816
0.2803299443155998
0.00015282212097984457
-0.1741916843552656
0.19484228982329527
0.16308147058542066
-0.014938231763226742
-0.05592435976526207
-0.19303860399167916
-0.39275991979490743
0.07471513307494419
0.03574988180407315
0.10907149578294742
-0.08402119265534967
0.03900927001593473
0.059131123744815176
0.11305049963931561
0.13660069355953267
0.30133396893260933
-0.12502302945266724
-0.19062057507883962
-0.14574290035326903
-0.09495731169813126
0.07520328309742655
0.0029125811260219195
-0.1531168074721138
-0.07389150004096781
