-38.947133667417035
-5.001082978983642
-5.273162477438265
13.688267665888437
0.2653164268650828
8.308976853491274
-0.7522547868348373
-0.31447760030185173
-0.29781440790158953
1.448385197638124
0.28886163352904043
2.21840306330186
-0.820452268947335
0.8923199661796728
1.2414865997550482
-0.769060620694771
0.3347287049910774
-1.2347485561633647
-0.4359156943667133
-0.5540967971314296
-0.5419261590413005
2.1683305897427676
0.6532216402577173
-0.15705974947372622
-0.46677919910968
-1.1581282979972187
0.40509486136016176
0.882536886198185
-1.302285943013536
-0.07895201819901956
-0.4220631719366329
-0.15032581585812643
0.4407363678579552
0.5256459815595558
-1.0658640804937074
0.49408855105084354
-0.9082990605883469
-2.1794407910201374
-0.3817485694607161
0.8242528652410683
-0.17785854504259324
0.30702142201079335
-1.9563428453263247
0.21189477647526733
-0.0759933565388081
0.06964458440558638
-0.31496765372170493
-1.1664679079771354
0.10240651507711235
0.23220487645378526
0.21209806577592508
0.6939471660185575
1.635051389704405
0.7992081410596265
-0.38180020315545216
-0.27005093866151914
1.1371273834020414
0.39901753777487586
1.7820506009300405
0.018595115118370198
0.2684087305209331
-0.29668227300236977
1.0327235821334317
-0.9575850016467414
0.2819864251433147
-1.1034653711552265
0.5630668835561415
-0.4526723218913354
-1.0123897781476396
0.661953237968268
0.014210865936726847
0.06817340382939174
-0.20718506288830818
-0.049256135943560306
-0.20922823596141346
0.13270475195661038
-0.3291713105759376
-0.2976303377599736
0.31565439769957243
-0.8274249311915274
0.12386804170450492
-1.226352735637828
-0.21214549675024238
-0.4223893507141268
-0.08183920012534303
-0.17084889885258123
-0.5255004951205758
-0.9660569977273735
1.0749541020965396
-1.348049757143071
0.3440060310737943
0.6323893348147247
0.6359940489329858
0.2031553735598569
-0.4617112537005724
-0.49352015932128723
-0.6284419158245248
-0.5254670688030916
-0.8703088985824761
-0.6756788206561498
0.861846538739588
-0.6202402067295865
-0.7407400352570119
1.4407990403935886
1.1250850150929732
-1.3746773719000585
-0.12346438734957112
-0.14031639515623215
0.21609550185446147
0.48742421177978174
-0.2883769609402757
-0.4283926288385
-0.5022821038986932
-0.405515632597099
0.14128778755812993
-0.1321633667128847
0.7165730310678082
0.794543174960061
1.875981391715716
-0.49562085494919195
0.882770082896745
1.218514737087692
-0.7969844653936067
0.14828749116810674
-1.2931151937815368
0.23846076701377178
-1.363940555936912
0.08586387643833358
