-44.9111272701003
12.879789471285932
54.37976452853156
7.102847106872084
-2.752872112254835
-9.042136050302467
5.7305579693359805
1.6258587514392329
7.471053959605901
17.833575014042413
0.8041540080752616
-4.747867813948067
1.3612153215036638
6.669301438801493
2.1139128932068982
-1.911426264104533
1.0565119983203572
0.005808751804010637
-3.5336097319872417
-2.5336606321911908
1.5141654585039288
-1.368771190950446
0.9384476492402127
-1.6847186804126306
4.808374199902827
-0.38983913983822077
-1.3509517653557723
-0.2061990587326421
1.2984876000280132
0.8728607021056058
2.2758687125257
3.5706446569006105
-1.4694990258725282
-0.44737782553360445
-2.662883584851551
-0.3320217276661708
-0.672980778380946
-3.6411567961818623
-1.6489951610027742
0.3385439832563265
0.1773024273182067
-3.453873284938287
-0.6289141718982805
-0.32628674265947755
0.7605279654797635
-0.8328606987490401
2.652581646528323
-1.958658324407943
-4.85995386114653
-1.345564390767193
-3.6948707656788975
-1.056154598132083
1.1372403307107526
3.0831269296244956
-3.8713974996528475
-2.6842165690603315
3.241590845515988
-1.92343347637897
0.9241465439878775
-0.480479617757242
-0.4568529312894236
-0.4718611111375389
-3.0453336001206908
-1.2830534956028834
1.7933667732373342
-0.6012263334298602
3.192732077676768
-3.1841573164183377
-2.4143085413148886
0.4794510900581749
2.9253138747946754
4.160393682360456
-2.9083412907576793
-1.8283746166109365
-0.9923020750648892
1.550162200486166
2.8836570370547623
0.8515026343232968
-0.60139916174505
-2.1898268403701744
0.9532291593633588
0.541913654644482
-0.5324461933474377
-2.212036197774966
0.8219927417377257
-0.8105389176068708
-0.5110719648508597
-1.863491867851235
-0.8661088661096915
0.028445544382459234
0.8018551638163806
-0.9640863658802438
2.77633766930871
3.473612395820361
-0.3025727371893636
0.558471139926221
1.0001970623631147
1.5140928891217045
-0.9010641892960849
-0.2662579529256546
-4.794895695202125
-3.717635316492496
-1.293982981335662
-0.7311572017891799
2.7023246083144326
-1.521738555022468
3.5344783641909943
-1.9017945704203585
0.9919200512459696
-0.7901797117538375
2.1291019604765173
1.5364292219536035
1.333155673352136
-1.169572842317059
1.7867900017561844
-0.3530441068968284
3.4057067925466096
0.6339908057821081
-1.7596013060278832
-0.5652070908707976
-0.4390755317711595
-2.2303594438977816
3.5851465796980375
1.3853954617267492
-1.5864981388854706
2.1833216344934243
-1.556601700989596
-0.04287527478872566
