-44.73239994477489
-0.5739248294350738
-7.958318340029417
-12.666870601258834
9.361327958934575
-0.12086336870392811
-1.7133284537864566
0.03456087520331472
-0.3053069785353997
0.24745520813169075
-0.3544093279093653
0.06938753255759203
0.11177388868472901
0.24557968364500465
-0.4598085833475953
-0.3459241766041465
0.3340520564107786
-0.38906185751937244
0.15678767368487528
-0.4487802020520768
0.6547968119254679
0.01078805419170472
-0.5343786515915057
0.2147785595338812
-0.006242039814041589
0.629852035772211
0.05797648599619876
0.5435413713261023
0.07000280092548297
0.21150922648967943
0.27836831514915095
0.34669062092961134
0.09418734193111677
0.24561277451221694
0.12923750072499426
-0.43213277742533485
-0.22492979027432902
-0.3780737992794428
0.15959249697685257
0.18814622637866216
-0.10198685554733469
-0.47484721344372227
0.12551816270512242
-0.0460442676540243
0.3562071560285769
0.08118459552155238
-0.3188252407262583
0.324120265264599
-0.536876803584284
-0.247832963971079
-0.03426943113392024
-0.21018427435876347
-0.003623328103897684
0.3258568671098361
-0.03936709318795016
0.27285500220698333
-0.21686121532406133
0.07496978221675957
0.15076113081004006
0.05653590736120775
0.06351327643187224
0.04250095257301484
0.17823938260409197
0.18630297214967306
0.18819146240908963
-0.2360079078408736
-0.11595435760164247
0.351445308502139
-0.10694748265368934
-0.10976785520690256
0.008823844196021086
0.08501857926431793
0.22089255843859665
-0.4098707063849634
0.1340700484895475
0.08983673304013273
-0.21247064866040227
0.4799630894822463
-0.12629843051399012
-0.40082464818656066
0.29207664114378634
0.17593945316847678
0.14646503729080745
-0.2415787020478608
0.28418125748775025
0.027915826698238895
-0.14155752497184296
0.2560913784736731
-0.1586543756752869
0.11596002358762636
-0.21416888754527907
0.0825402627248367
0.06696290458957478
0.16660486117208595
-0.00024776206165184195
0.018641979665006143
-0.025193859708519457
0.024770535184787834
0.5596002291383269
-0.1552700352155644
0.24524477951013468
-0.08095262718152016
-0.24093426735201298
0.2985705779573598
0.13341933522460014
0.15311369527665503
0.024469964245644193
-0.41483418018925083
-0.13075167950625396
-0.04080662983987951
-0.123925989311534
-0.13717211312183208
0.18096142194260492
-0.118807924758044
-0.10348704386190888
0.06567858843816025
-0.10420321383394099
0.21525703146933475
0.08183967605378022
0.0578704415650321
-0.012470207705407924
-0.22727767196929766
-0.035489421700208364
-0.022358204436432307
0.18491455398646886
0.010609659128639044
0.040412937033753746
0.2485694693935627
