55.81024599785369
-48.457827429679
-4.678304947418004
-11.733250734829268
-1.427670538558326
7.81509342352992
-0.18157044226499408
0.6322001043390693
2.1053724387961683
1.0422560913929884
0.557686607535442
-1.8310959427044227
-1.9780440726230681
-2.039412011064654
1.4554593651133318
1.2078367257289255
0.7443063936370385
-1.1260139785640648
-2.204975093316265
1.3884831095957397
-0.55663758271926
1.3704816994044584
-0.2862186606054929
1.135271563816743
0.5001362546371122
-1.0175038832453176
-0.3385109352104601
-0.956097770588649
1.2369621625281857
-1.1694220567726372
-0.7399266936116161
-0.033535881732630786
-0.27844014893600016
-0.34166494444728257
0.15990130390053067
0.27093690135024395
-0.09521693777194837
-0.808074816914945
-0.04925736403157652
-0.25074115602040026
0.34778944182870164
0.4962824866273642
0.991553117006631
-0.34916586930705806
0.30733251723169436
0.7797473099358698
-0.49171230487508116
-0.6417384173356973
0.4615012740831075
-1.021648907617248
-0.9306236236021945
-0.7309292737586601
-0.4167471164141395
-0.33231705352237095
-0.8471067131613743
0.2659537749905303
0.12869662267864418
-0.08626554565921493
0.04342352047203435
-0.5127599586151836
0.2481030850812664
0.5660369923038606
0.6487009403966764
-0.1875322410245259
-0.8562488520643721
1.0891813413711167
0.767325361364558
0.3913444280537176
-0.409752165936424
-0.21336115126488436
-0.3774113855837016
0.5058223480520083
-0.20364015937552954
-0.07178285586825423
-0.547569507897617
-0.2413268199438634
0.35535720316821967
-1.103610300788793
0.10634492464487574
0.5080904364701759
-0.5676024102629691
0.47100948561697026
-0.4283109483121476
0.7365833817928228
-0.38926426467689673
-0.15066537532402063
0.03918185611397912
0.2954798786656255
-0.4541482339366787
0.09921870099618177
-0.021827258594826593
-0.8868640296359278
0.1022749294444189
-0.6363500996423161
-0.39417082672038756
-0.6159071348763631
0.30014221689253934
-0.30656326806345313
-0.37074782262650663
0.3113811513561226
0.14117934765733858
-0.26223340258712685
0.3667749649126611
-0.4833320726173238
0.4735897493945185
-0.5955225580317913
-0.40411872280971484
0.043157023223541036
-0.7497067937134111
0.4875020332875995
0.04571017966394053
0.3935873141938361
-0.18946561047962954
-0.03580472370345586
0.5759326033233545
0.031778211021124825
-0.28691151311122703
-0.34180371922329866
0.29194698599995555
0.6066440414004348
-0.15027663783486553
0.675073308339552
-0.3410415440218018
-0.3850674275091228
0.03630136820933777
0.040317333336214095
0.09377513671074597
-0.755665066344854
