79.98432707905658
37.83936849288074
-36.632535656304036
-7.658797028883989
-10.302819906997508
2.637523212457453
6.6684751030641705
-0.38654822013185375
1.0008972431463694
-2.0725895099685037
-0.25339887927743254
3.5235618120748926
1.7434122231173916
3.7679001554023506
-2.5515009174134953
0.21229466412672532
0.8691320919725299
1.299954318194199
-0.03914159581826715
-0.25875028832344393
-1.1452339336191695
1.4289426750835708
0.09670398301567931
0.14752080165847967
0.2818542119699116
0.862172461813062
2.5014327890830423
0.16897224160926416
-1.0607302115973407
0.6611169628114388
-1.0745925245252665
-0.4191831388770205
-0.9277120620807129
0.7566112671953575
-0.9309608572870739
1.241911641611326
-0.17927612183193015
1.708657184092523
-0.17850895776305647
1.0189296456842658
-0.3047509154118525
1.0238981992605276
0.19069905584211339
-0.35244557229849066
-0.2371338367257722
0.2783674026697346
0.17312110433841568
-0.10529725588276406
0.9127859924717447
-0.953144316196961
0.03856772393314711
-0.016078018412992334
-1.0303180433132293
-1.1904323584543999
0.12204325848531987
1.3043438960511675
-1.2546431271415477
-0.8139039684482741
-0.3257232332380139
-0.8703851099041137
-0.0892762393803494
-0.5042880668117926
-0.7116682494895711
-0.009843773676658382
-0.05650924875842783
-0.8497569674428214
-1.3395876402767921
0.5867818563451566
-0.3627513141016056
0.08529760345599342
-0.8671601534135385
0.378458464972729
-0.5065208646490943
-0.00708894555635671
1.4816234716513481
-1.1336057262213757
0.5297322836513956
-1.449215929755138
0.3177057601422618
-0.14458942714094897
-0.39462274652530444
0.1811248094669813
0.986269994992958
-0.33682731756526463
0.6180934457694022
-0.2998090086052821
0.3054773040851041
-0.11146639859980262
-0.39223053157162013
-0.2348763707738203
-0.9515618382548213
0.5525824607024561
-0.5231724166707726
-0.0825580126995431
0.8443953517439693
-0.4894407890986892
0.7528540033901907
-0.7190273811164697
-0.2923809884276732
0.6515921204098669
0.9848256496604537
-0.15595842367333457
-0.019294235977193427
0.2558983401935368
-0.9856345750442492
-1.42107328880466
0.5418629382746739
-1.394544413860102
-0.29595544300173104
1.2976998103823367
1.0886763992717372
0.7782027973979818
0.8960043582110162
0.04926534174013286
0.22200789945904825
-0.467161237085719
-0.33870855506541236
-1.7036330525478884
0.20366258030489048
-1.4986500811062495
1.3697601488377695
-0.7712150780982183
0.3041199299237952
0.17564461083498709
1.407845164447901
-0.14129063814823206
-0.6561451749273592
-0.48766341636238675
