-48.353301778458274
-4.523064307217877
-9.3450266976642
9.957227081671297
1.9299782740012246
-2.9442183459592135
-0.9675608038347623
-0.3158011103478505
-1.0558200942320268
-0.004823603486971029
-0.18647578624622885
-2.9751095051843754
-0.2930130171506561
-1.5365669587439246
-1.93489586230919
-1.1671291383905096
1.1331495942925291
-0.3732172426873078
-0.6550169014742699
0.7913957988130318
-0.3618279395711056
-0.8972113047163847
0.29225541564111607
-0.3456644810120796
-0.31500143892576205
0.26474804462894497
0.29023022359868894
0.22700627353231081
-0.6712088850066775
0.11236681549779615
-0.8621989067259902
-0.35375789203284236
0.5231875283258078
-0.06354212223278831
0.1788373236677434
-0.10097593843556815
0.39370441596005623
0.48170176822681393
0.11067127895405993
0.28756713866534456
0.23046777161626675
0.1318003988291118
0.053019142034057234
0.25269915634960727
0.14189948631071517
-0.07729555398895004
0.05857349302752146
-0.09956446982941462
-0.2694831569995962
-0.07910827317567645
-0.370333954849991
-0.1598772520916908
-0.08953178650286028
-0.04816261811552591
0.10307769522071583
-0.16627859154276192
0.04544232567642012
0.2531040859795051
0.017139432364391805
-0.14710826400676758
-0.029089142134886406
-0.5220749717618791
-0.36966442249497533
-0.5440835248495207
-0.0891832048666583
-0.02818742849957577
0.18569493698613132
0.13077706703463435
0.007008712852645926
0.30350400996786225
0.303704328396778
-0.047137178651198416
0.4811794258144685
-0.06576138228643091
0.07511046520485898
-0.1350465115785885
-0.20623843023197413
0.018883503205236084
0.076329638653578
0.012053587860262976
-0.09776107574591741
-0.15172484147274942
-0.17468709058825263
-0.3789865610711989
-0.27500401437969635
0.07680296980836786
-0.1938978513742087
-0.04459357353971949
0.11966328832230635
-0.23613476436898517
-0.04496106864943304
0.0823568317453666
-0.4946181659970616
0.2430975307526107
0.12913140529624054
0.21237232099977982
-0.19091296988665962
0.3336758393414281
-0.12423997316989183
0.006846325365514248
0.11186939765175158
-0.11417374535755093
-0.03486626287119674
-0.12240726288427867
0.158469627204315
0.030521826481500914
0.2897421428425177
0.38347635582366824
0.1409126552870534
0.07000740484390525
-0.13004906047613038
0.29769898088640173
0.04613459911999124
-0.12205998336345963
0.10572574894719375
0.2297123212013054
-0.0039764428136926135
-0.06845075043918505
-0.031937662052584866
-0.035558452794218404
0.485682781411501
-0.03037204808584247
-0.07607246475271467
0.06234106373845395
-0.07981105650663783
0.25597453712733864
0.22529341950859172
-0.20810669378566382
