-23.73023813143183
0.7505640167286893
55.431907742919634
-13.319032892146652
-7.291606656491924
-0.14241239906492514
1.7150529849084961
-1.747079258408429
-0.340243456591558
-3.796558534244788
6.7629665745946115
-2.1794238170368945
-5.978865247872154
0.492213334152129
2.653907602050405
-0.15546901398718516
3.45722566200143
0.6721086632308403
1.3046869269289476
4.28873062492782
-0.8158406153370957
1.6062413380472433
-1.6999781198360702
-1.5757676880494982
2.3631740798267855
1.5952291210296465
-1.733833485046304
0.9646620483432573
-2.6091788412087613
-2.6171362272921392
-0.34870960047638677
1.1980836116096119
-3.2685782490178883
-3.35197879937147
-0.24800979844985915
-0.21849122513828634
0.26150885393482215
0.9245901756433876
-1.906284031231062
-4.044036465235283
-0.11224924031727718
0.6966104106160804
1.3533890310567969
-0.3407933515854107
2.0992337696028605
-1.0617222046504629
0.721828011286979
-3.647978099586773
-2.440814436442955
1.9222124563038177
-1.6456845209060194
1.459518208235561
-0.5276776002520817
-2.7477053384394434
1.148587418737309
-0.3280882070929779
0.6721201074593901
0.7937210691265091
1.6571308650512735
-1.6393380985246404
0.13143890766858948
0.7751786641169778
-1.5229377922894778
0.9201657263402765
-2.643515397084931
0.8802733932701464
-0.1360100306744049
-0.35313695646186866
1.1378075846859428
-0.09163176655581386
-2.0359198927648325
-0.5299066909467165
0.880013526491819
-1.1784047538123077
-0.4985706215650304
-2.8347436323711466
0.4464449600070237
-2.0811667699922003
-0.8489403125329917
-1.2205655797104902
0.9604734898197663
-2.470733092812345
0.25837140832771677
-2.047755961497663
0.4028104933290016
0.19957018674167773
1.0099786117037943
5.880289469056837
0.8844848581756085
-0.38886380780281593
-1.2812615314949833
-1.6581412401494275
-0.19859565466091236
-0.32085521750116786
-2.6792166932841255
-0.6949982645534808
-1.0063710190203925
-4.289136154591472
-0.4195809221504041
1.0690178449468872
1.0257174244090617
-1.598918081496128
-0.6070604182421767
1.819677284331848
1.7513361013724955
-0.15477123570777493
1.3371276540329322
-0.5461868525229283
-1.0354492372077724
-1.1180111714383831
-0.07142344192057862
1.5414282102960193
2.22909682385826
-2.5459412785555635
-2.537573014540038
-2.4669545032519573
-2.0781506636988176
4.543563496776758
0.7514713648202704
-1.2488082266669178
-2.0221770584009873
-0.267921470228516
1.6421994458016902
0.33004140388539455
0.6912469431309819
-1.2074199827286094
2.926430892239957
1.5697548152532084
