-46.68401764013732
-22.994248215035068
-18.480406855303105
4.975505063543609
3.119797618567417
0.8570328885777
-0.4156142632778851
-0.7322964546771328
1.1306093128205499
3.0035611034984693
-2.4858943362390185
-1.2937880877177341
2.504015464566501
1.624322015427919
2.190858443538511
-4.014734819857543
3.7134752351129277
3.088482322721323
2.0499826780002977
-0.0698070062897486
-2.4051117493558847
0.5960584287477995
-1.2556572907961445
4.723279652662228
2.4943853315562903
2.432252747857783
1.2270185845513235
0.7561075698836093
0.8064878854841745
-3.4505712894878515
1.604424614106999
0.6890044098483623
-4.06149293274899
1.2365384761138716
-5.259884940622695
-2.280882401129164
4.95232940929888
0.21977737743479991
2.4819695840019813
-2.170591982890091
-1.4010714750749669
0.6007626075549577
1.1441735385558276
1.634358018886766
0.21865025189113946
1.4373772830631526
2.988388347586745
0.8889968646327778
1.9501112561078668
1.92682853469919
0.6827630082001109
-0.260268337753772
0.2080557445790024
0.17468313214113387
0.4055841962511518
1.9537791986647828
-1.566678784382091
2.1010015626062355
0.17202855069388295
-0.9804313081536951
-1.0924659557729748
1.9430778168834397
2.260469169059169
0.6113538668364547
-1.3017600729351264
1.3881707668883627
-0.6205985387826852
0.21140929710884648
2.082635101734675
-1.5422877603495715
-1.4330154718926136
0.22587012951394836
-0.992529588648404
0.9313978062037376
-0.404307750922734
-2.9339642896634985
-0.05521695254686351
0.10326152043091374
-1.3293297291937436
1.8105773934304328
-1.2997303267822025
-3.974718832178187
0.6988059051910288
1.0257403706583077
1.1871040708550704
0.9436424781506969
1.7931346811973077
-1.0030417042243591
1.3529301167738055
1.3952016333432395
2.5427560760407917
0.889965672828553
-3.036722940741834
-0.34295230399413795
0.7780217764285247
0.8232487746658872
-0.14389356448152885
-0.19127086130747628
-0.5667048549143223
0.9263307167902386
1.7907946226464198
2.218946819470168
2.426172378455461
1.419624814854774
-1.0400400163168957
1.4498484960586722
-1.102563043097745
-0.20835098608911795
-0.6997871923471678
-0.09940826554174127
1.6624344658736812
2.257388721388426
-1.3150651527150337
-2.700833592963127
-0.1582839042807041
-1.6241114967013337
-2.0639560826945935
1.0519238955861088
0.1836810389132948
-0.32633952790881654
0.7540064599435914
1.1089035202247315
-0.819492627931966
1.2931481689463382
-0.9208068114108423
-2.2997140736525763
-1.6424530421681627
0.08379595414061768
