-48.45050494586372
-5.093896710528917
-10.04391900345967
-9.044297736598926
0.795219785259753
-2.4096161287372952
-0.13572282774446426
-0.42203931456977256
-0.6466847900542941
-0.6596164842874194
1.8062729665795212
0.0407732647384878
0.4015017512025411
-2.6729204374316455
1.2365275559758109
-0.4624033492924292
0.5448933851686365
0.43863315306267525
-0.7157310252132345
-0.4150419257340254
-0.1720275662480138
-0.6727984388834699
-0.17033154259957
-1.1173703885259187
-0.23822381437998036
-0.49574237160552664
0.3863331336823972
-0.37271472884935103
-0.3933042710765447
-0.04560892345013403
-0.12242052420451024
-0.009996679230007577
-0.13559362211601508
-0.15564691237414527
0.3536151421885526
0.2380726623610478
0.0660443579105891
0.04239780816381596
-0.10146563550228285
-0.26523265023230214
0.10735679753409591
0.029847395187612785
-0.42476276394336066
-0.8311232528104752
0.36207998510206946
-0.11045894414014033
-0.011216868361965063
-0.04634270964519244
0.39503232620448636
0.10203457453702267
0.1466268863920098
0.05070454252544033
0.07914217886885992
-0.529909102235173
0.16878229599690217
0.29227128875924513
-0.05162432985421894
0.1923678888638088
0.5999968105482186
0.28188756205217125
0.44449370187874526
0.6296829366708211
0.11055644389109823
-0.09774639555086276
-0.12410773007473938
-0.1431240365644726
-0.37580828389726484
-0.35569443408141227
0.0872594811819369
-0.018540670671912163
-0.04535232948482025
0.013707930451545058
0.46185410500028645
-0.26212989321350316
0.5550703685821257
-0.251750302506749
-0.3509614368588322
0.16872383762194537
-0.2208290753667504
-0.05772263432488611
0.19667126286142408
0.3781029531962864
0.18280264839118415
-0.12776485886383138
-0.48144359080671956
-0.1024533617013337
0.04531665893944669
-0.08147919457699401
0.34426889264197863
0.2967831594486169
0.1637363070333499
-0.41955562319635586
-0.003017514552530326
0.07006478557226513
-0.20159514335513162
0.06400287903085289
0.27443246355753587
-0.08663047089987816
-0.1848283619529093
-0.18308554039320943
-0.4186478477418248
-0.09271601214848785
-0.07407009707084572
0.3345495851779807
-0.062854585777153
-0.08371200049158956
0.02642978165978411
-0.08744727107313678
0.10593037666617897
0.09900819853345182
0.30550194848537465
-0.1736600870010766
-0.1760941204251925
-0.1747428851870201
-0.2921178803029886
0.7555592062623652
-0.26585860273354833
-0.3791935353906605
0.422024848913908
0.01567596499390783
-0.08334304501087825
0.137979703028623
0.3315385270994129
-0.10948427744876357
0.0096958402476372
0.07544044085485212
-0.0438205545312227
-0.3374324489783218
