41.28529416140466
-53.05383082313525
-8.11570793067959
12.781179210108704
-4.201821040200073
-8.832870887423992
3.8461121806307097
4.150045122332101
1.607760875582145
-2.669902311391361
-6.841567743914307
-4.240660625052555
0.6537476068743118
-2.2712389457107274
-4.314203129975383
-1.4683709942124537
2.02013345982683
1.6431817813931127
-1.6920215799055875
3.1723214125393557
4.463312453119791
1.2806716673192582
-3.5890699952475535
0.6270082058454052
2.0570075747104464
-0.20481286526234838
-2.576130245563969
1.142847192405201
2.238437502027696
2.7568548886285216
-3.13513492866576
-2.046829552079603
1.3771257697281996
4.0005665576834275
0.26182594322369634
0.24259314916597344
0.037304165446603976
0.13599389396305975
-1.3311740430910122
0.9043546622273768
-3.290029486480214
-1.0149302932398798
2.5751585842254974
0.14518112399266359
2.422243295662223
1.8145376298183937
0.03149947509567125
-2.2248184651301792
-2.5670425630782474
-1.1764221671742159
-2.9975120389862386
0.5338246837265561
-1.1596170094681
-1.1933553597052042
0.004473955294257537
2.8582742412575173
1.6913533915907684
-1.475578397017382
-4.249432199289472
-2.7251820765297783
0.4690659493912735
-1.9807736624193322
-0.3872806139062872
1.4852344533846016
0.9506956402974776
1.3402834320340349
0.8480419486476752
1.758900252266516
5.472517713331593
-2.9044343651053968
-2.348322336006411
-2.534304981166412
2.6233761209922273
3.077525308136168
-0.27612065543473985
-1.36148927192314
1.5769162422317056
-0.5528554799155885
0.35329809384319505
-0.013085362686163046
2.122907744172761
-0.4707237475325635
-4.189997003687677
2.891008329057181
-0.1945635220360458
-0.17895899433266357
1.2365547704197652
-1.7140113449616317
3.3287269035978904
3.068538075975798
-0.029898983925848215
0.8774181427270864
-0.009421761317453994
1.5216966815285415
-2.050799146666069
-0.8404355240137865
1.8943500832064075
-1.5993285850529453
0.43783092373835625
0.9442876836857763
1.8807139368882275
-1.637465748417619
0.32301841068588016
0.42547125756699916
1.1006982124462765
-2.210605003331451
-1.090395728726605
-0.7439834634638481
-2.630547729836276
-0.16592387459262606
2.206342336765623
-4.20753542348644
-2.3534169932617046
1.7752992066025302
-1.790263053506368
2.270748203597397
-1.492627574994219
-3.125728666132607
2.0606704534021643
0.8394592211004649
-0.038672879742143604
0.2037686344180184
-0.867855574108224
-0.570827387949864
1.7625868373751314
-4.4294354622228465
0.06524239080987648
-2.626341997453947
