-43.873112533223626
-2.481983887703199
-9.972441218295316
16.93051132939524
4.672739632518622
-3.368589572547792
0.6149942075726867
-1.3981025406642642
1.3726876593298625
-1.2223042935474338
-0.4106108980968004
6.263575367749788
1.157994449582079
2.3806855541990126
5.439741306276228
5.74764048897141
-0.8657632587275945
-0.4073365632987499
1.5564890803523093
-3.352643064005607
2.878426447417568
1.784843229119995
0.9118294997285563
1.6680245904291189
1.3424395267170286
-0.28028407563675656
-0.004569280294216382
-1.4381300042522411
0.5088364340252268
-0.4200577071499302
2.773280487849703
0.7343835968352472
0.186662346668225
0.14215320979239543
-0.8848364899612335
-0.03525726272415186
-0.9504377772521907
-1.5513167229422729
-0.04125336523890638
-0.5346668923507794
-0.6162206264582921
-1.4709464736175502
0.9775938762312174
0.08700481579163881
0.12077657170143638
0.6482231056101253
-0.19990089770575825
1.020485579105662
0.12358065405307023
-2.0900059142945224
-0.0761645049926303
-0.04790372234465891
1.030379859753076
1.1357321565883007
0.29966486333311226
1.3258714388418391
2.1027274288527935
0.09934298294038613
1.2669455786211041
-0.7902123226944193
0.6324570922569434
-0.3173899655456115
-0.5834528943899626
1.1472511990427134
-0.7394513346415916
0.5031400230861205
-0.3108000558105598
-0.27999806471095073
-0.014814573214776972
-0.43072214355202687
-0.5897277803818932
0.43182866482109705
-0.3119553379676114
1.6296216363666836
-0.06829992306173571
1.3677462842088581
-0.5522343772377605
-0.248147656769623
0.23386715461890045
-0.7137058390081152
-0.3751883050931665
-0.7338755119039567
0.7116081640473592
0.6779105693818936
0.6010663013750289
-1.4567529286731868
-0.36280033320991334
0.20310303090651832
0.5038350907223785
2.348975064362053
-0.06253440635020902
-0.8036177856612254
-1.0279623294091271
1.6139486469710218
-0.09607724273740606
0.6275686708378534
0.051641582924170565
0.39040631844275625
-0.533426221557697
0.3448275936143895
1.479669594764983
1.7751600363443418
-0.2970491833063108
-0.7271190742153222
-0.46593160720742877
-1.2603519448685474
-0.9101479127887628
0.9784736685071684
0.2805168126353047
-0.8883219135332253
-0.5135027141712731
0.22493266535261686
0.3977509584645218
-0.3092951608120915
0.6277852764599643
-1.112298307242128
1.4320915159395553
-0.2860737806624788
0.5496784911274539
-0.0753539203542195
-0.0888768558534947
0.5084301209009192
0.5953265526198847
1.7912865136007567
0.00034218326298290913
-0.6611097975574108
-0.27450716449930784
-1.1432075165362248
