-40.70492166521424
-0.5834486189376118
-1.7430518981340584
-14.925237224727793
-9.373333331756747
0.6272860294508618
-0.25937959581529235
-1.107193214857456
0.028456488930160027
0.16612457318428414
-0.2364239579053307
-0.33385605231174387
-0.07281902453864357
-0.1786857541686419
0.08423009097949072
-0.8490750392291915
-0.21896345336326684
0.5684051350296206
0.7766863379888129
0.09496588876031589
0.17229375881620573
0.48688445808528535
-0.1983497234513154
-0.6215515273639147
0.6765326133356769
-0.23148491751534211
-0.5585268379267813
-0.04171456587272747
-0.1189275325554885
-0.0816992255413956
0.8226965063904221
-0.49990238571488343
0.21250725321719605
0.31428854060492806
0.12047195220438042
-0.24716243863257253
0.25381906185765357
0.27727740656835026
0.8881171492246405
0.707567116080942
0.9714964264622116
0.06165944145775851
-0.30513722994881104
-0.5671492549137219
0.08801732012083374
-0.7104029109128248
-0.45480982163652217
-0.18018055073438122
0.9700712268710371
-0.5443154089860819
0.09711408749191375
0.08264970455553844
-0.36046119868666027
0.49647590256067836
-0.36122768539757444
0.21811161161405374
-0.059681666923057
-0.27139110512392167
0.13086442323470646
-0.1188182125809773
-0.5215279337273279
-0.28147875344984763
0.20301571900520682
-0.007364526217870603
-0.33814730155695444
0.16712567440541432
0.3751651443416631
0.04894259134355847
-0.3800099664783694
-0.3537006439610485
0.05273855989811477
0.6640198684524597
-0.18584495772622417
0.00913997109058759
-0.2514782589898319
0.0075156808045065415
-0.5834327188152388
-0.5378095408010815
0.3289756903930238
0.12167137201237521
0.3529956103622145
0.15505477101164888
0.20361605838610264
-0.0886243090750687
0.019176056814473895
0.2812859545218452
0.047814043107439266
0.06490540071825932
0.06410315787165859
-0.09664753105295582
-0.010787650096950457
0.09956520925150707
-0.06842910418321015
-0.1471373497141818
-0.2509260202832745
0.152507291892197
-0.10373265167311987
0.44123633864255557
0.41472220524265674
0.08869327730307647
-0.014026801721991434
-0.1096046973852562
0.39826432037168286
-0.11107487424998841
-0.0543784894466864
-0.3980509836652194
-0.49356561621780837
0.052538017122887554
-0.2098665213826314
0.020309504585264412
0.08029743532529096
-0.29738641322585146
-0.0009711397126418719
0.5474141195925991
0.048357786347921816
0.37601177470872926
-0.06279952364059341
-0.3148736479181418
0.13264615133976937
-0.24563098399756017
-0.0554436684803237
-0.33732584083457606
0.3101566593295843
-0.11261231264073061
-0.2494418024313964
-0.2544479866123762
-0.17633387532408268
-0.09496437091456494
