-44.21532310048289
-1.9743614418600686
-10.878245205148936
8.735905481228883
6.7903965752000754
3.596759247944285
-4.269204626472105
1.677193645053981
2.3239169563694126
4.654288718171309
-2.8271536145853524
-1.7913517546499291
-2.2627600199183617
-0.3547552285179103
-0.4656012271000249
1.40193617842555
-0.14782465574094897
-1.6541356400049305
3.7357695496886065
-0.028038123379826592
6.361143407233712
0.8609577356524435
1.2028047831121436
0.7921502480798619
-0.06364450371050953
-1.7764932093701584
-0.33413102968301844
-2.482616305037816
0.1309812791595843
-0.8564257167480158
0.18885103063485695
-2.6528085841299536
-0.09919558809733725
-3.2970817749468204
1.6981486709385414
-0.3213924176724713
-1.4941865890588548
0.5403152986291788
1.9735890122602067
-1.403825047676189
0.4735858566266756
-5.357735636287287
-2.3343559481830907
-2.3423727727748607
-3.142652794383423
1.4561414713085996
0.3917473255523045
0.15505723209935554
-0.34931731188516535
-4.352247828899391
-0.8980143838682784
0.18995516586459948
2.609986575131085
0.8965273255792177
-0.6275730237324713
4.337357009496172
-0.06839915712048175
-1.4745961083538834
-2.9095458729979824
-2.811088780720106
0.5859760709117751
-0.9911278391723162
-0.6664037619370515
-0.24590715779904582
1.139001520062688
-3.005707523269326
1.5658938907652553
-2.1041036763671603
-0.37102377036475775
-1.5879178638208256
-2.6126006350304163
0.026195049628054815
-0.15994684377475632
-2.0123525842007965
-1.5304598802762301
0.4539201749698148
-3.0035475333317914
1.9117652568942847
-1.6475526923080233
0.43668195830163636
-0.6831184793705113
2.5643552507450313
-1.911657236427339
1.045031750028717
-3.0626851503377157
-1.5214423620213013
-0.3610074763591003
-0.4661251539344839
1.548087018324974
-0.4394858566729676
-0.5642338676971096
2.56789661100376
2.195885028432028
1.672797506350678
-0.35860029759702583
-0.5861277606323964
0.6536051451098294
-2.52822421131562
-1.1727875428573211
0.04244173763793399
-1.3867469114855377
-3.9307307630286603
0.26526741446756175
-0.7862605945742793
0.9634024937349692
-1.4829363004101332
-0.5494989859497423
-2.3690363631922557
2.6907788073209025
1.2377947109399532
0.3816083325764449
0.8359212903623736
-0.04383458075502362
-1.86782783055913
-0.8736816605765687
-1.9067161442689236
-0.07828158194960474
-1.0538973980234423
0.23271246713091037
-1.4435785690687226
-0.46635972063934267
-1.7542288128640324
-0.29280542632957146
0.7741074097791372
0.6100539812212296
-1.8083704011919142
0.13736868050805015
0.9149009657549891
