-48.0612319384749
3.370343842887276
-8.326238689606864
17.197243404132156
3.24886005026111
-6.173744547983702
-0.8537101373486963
1.0400474083262
-0.08049378851247108
-0.17934517247186418
-4.6266991405337645
-3.990858880859243
1.9410043474152192
-3.0244120985897442
-3.4398505900088123
1.6973463076523196
-0.14698304519954153
-2.3287359127199396
0.36391155642490747
0.17118673734933199
-1.2158333764274751
0.2679531865013137
1.4577931756304143
2.2908094317583862
1.4589013874776142
0.7130461638146847
0.8834361065991744
-0.1665663906145119
0.3872266006013435
-0.9363308863399272
-0.7557445019304098
0.0013145899447606635
0.48494684250668446
0.28035050889250784
0.2664681995508294
-1.8307624052308402
-0.09297096217136229
-0.0979942742820342
1.4804223279411148
1.2393607583421282
-0.16622905565691987
-0.4176785496896708
1.1002215574640146
0.6831326890453338
1.1223964149442076
-0.6711904535442473
-0.09834230897853534
0.6560739346052967
-0.529878066468968
-0.7577318053411564
-1.3194686976394034
0.16878216797335466
0.3622362204832833
0.8473655126565081
-0.04089476177258229
-0.0645838044206608
1.118697037294857
0.4262857102438003
0.511425319701036
-0.6461493246264115
-0.16591782808488886
-0.6161224760337771
0.15091735057297578
-0.046943896802362745
-0.09011706118674218
-0.9701615436528004
-0.20405550292085076
-0.7507190602323347
-0.04807844655553635
0.2037455225843102
-1.3575936660439782
0.4266905123697795
0.795263762746061
0.5315783495847589
-0.1292292644786537
1.1580038225743166
-0.8594584105726063
0.17748701187343519
0.27602450893513303
-0.42788201153243816
-0.6577523641562949
-0.1397668778134313
0.364192474104379
0.014874216991118374
0.0023181539314558533
-0.4411232738753288
-0.5728239309031545
0.013351546469527062
0.11206032683310133
0.8137834812033932
1.0397181015357937
0.23555798249319349
-0.5803118622728723
0.3982132906618313
0.01608127615018344
-0.4303228712442254
-0.5825461052895362
0.03023649625440311
0.3906209033146496
0.014967202968017124
0.1498989199207132
0.5736731977862116
-0.22616917240330925
0.48849665896473854
-0.4238611628416097
0.41270418057912417
-0.3280459350407394
-0.3069445674145823
0.21283488588880375
0.9679106747050497
0.13597532655826958
0.9427430846574064
0.4114289286027414
-0.3747162879208896
-0.07288931149907625
0.2646795508013145
0.3140534826900356
-0.540924962531492
0.9695021727896043
-0.1341862633287309
0.049164031249514475
-0.1527823001232444
-0.9680714000886276
-0.13576418707525345
-0.6838666770091565
-0.41781821524995083
-0.03492796733432955
-0.19687030093161811
