-46.99652398547819
-28.29290189088163
-20.951765897677916
7.271045196726979
-1.096162267024034
3.4616896188486765
-0.7209757019858464
-0.657593666746237
1.1826586264424492
0.5833119493372716
-0.9269471807263632
1.430626440690729
2.6491728490724946
1.767430445803433
2.0057905082030354
1.489118792367928
0.9699866765948799
0.7536903167187576
-1.191033254604824
-0.8456705048405407
-0.34326553235218277
-0.6491562529502084
0.6181691722196604
-0.2776661367921045
0.15138135705725853
0.7401168959306382
-0.2322425144231397
0.07042628256049338
-0.4656703240738994
-0.02311887434926113
0.04653054001963952
0.12878650025346225
0.06808919197296202
-0.3775221856357059
0.03939083476577823
-0.04258729104007006
-0.36236426945283123
-0.16959120884804985
-0.007790017930706827
-0.3030095485736164
-0.0913348084169454
-0.057104934677762134
0.2641907534830814
0.5041135437161661
-0.13540939997484536
-0.4690715753706512
-0.13398887930121622
0.08014548393522214
-0.342340876877532
0.44578118610836837
-0.1187840219491392
-0.14698393803307774
0.06716321585184976
0.09260320457133929
0.5190000807719404
0.14676171239594565
-0.17700594420290766
-0.17048113946525584
0.24825815558177552
0.265063389869635
-0.12869899704948817
0.06248295327284717
-0.26272702545889803
-0.034256997615012566
0.1439336616963007
-0.015474877253219138
0.49697880872383116
0.2190692167053856
-0.329740759194657
-0.4531392993995178
-0.12655297006821678
0.10951089056101258
-0.21058479274433667
-0.07532805053144673
0.14604593993341186
0.45954746273175645
0.14528974078211532
0.015043564848639418
0.21020691749133952
-0.16572764842252
0.15889495264610243
0.21236015617125878
-0.0731841366588834
-0.013400393816668466
0.013739327462521128
0.4592809730289833
0.23429119937482493
0.005264629074344662
-0.10109165559491054
0.315695923660924
-0.4230809672437101
0.6102401240511506
-0.09686406403333617
0.3780929495859142
0.14612619258870063
-0.10498572345372192
0.09054999540140582
0.16620305643804595
-0.013591035306999288
-0.1512229902742228
-0.007615264236774895
-0.28097303371997406
-0.10440159452387908
0.022463305467875973
0.1896182570701581
-0.08990062788972854
0.06102511763226165
0.1221238849893001
0.20377867304367445
0.19237040481304332
0.18688452241389875
0.28116328327108536
0.004660659020932503
0.24620826418650088
0.30972340116312785
0.6132393461881339
-0.02233601646575885
0.048283999981630285
0.04517239214577659
-0.12909634633725878
-0.3662994367202931
-0.020102782810124387
0.08855593763586082
-0.13450252149122266
0.37454344854783533
0.2085432090261497
-0.1269345613223175
0.3103184119081953
