-45.04821535386169
-0.05695194263107875
-7.384312317199032
12.68486074511486
0.2175570996372428
7.820555409422624
-2.0747945018707608
-0.4020528877701598
-0.19479048771238447
-0.6313595955469116
-0.15909498253330803
0.22820223323153813
-0.09085096961419531
-0.18832594952417184
-0.3062245697851315
0.1050121075142054
-0.15730122230980373
-0.022260701859955885
-0.10937888082178444
0.3916173774762617
-0.23856192031740736
0.3407609468507674
-0.42296038524827995
0.4621746471213707
-0.42104294970319095
-0.02942512040809489
0.08922305543886411
-0.05874839566176364
-0.19103794925532458
-0.21010530726430515
-0.14361775025244308
0.2558750847535008
0.10234353272001614
-0.16541503058582555
-0.08993711577315407
-0.30958649488737366
0.20695946065308898
-0.08246920275606824
-0.470581169277139
-0.3683982117375585
-0.17319543882999736
-0.3492670453963017
-0.2281027443340359
0.2846621958763548
-0.17493881876931983
0.07083547536029994
0.16306038403047143
0.12358664632542254
-0.06873282617861842
0.22411918287791163
0.1335412832300449
0.08243063767197308
-0.09774632741000522
0.05442114002004336
-0.1710631643582194
-0.20956748826608543
-0.15897486546552553
-0.07131167349874523
0.18862840270092424
0.0009795067943364913
0.19965971165636953
0.16950136920827297
-0.41249258996674243
-0.09676644361961594
0.04890329416737685
0.002497875865042222
-0.02623252009058888
-0.1856655875868083
-0.23345022090487416
0.032484066923377256
0.25816844933359706
0.2896750092174385
-0.2988810970705977
-0.08588392490091307
0.1771410993909996
-0.042222290357672596
0.3268334565516981
-0.0918738873107918
-0.17961440185276242
0.1908221218579052
0.11900329351568786
0.1691759363130334
-0.12765785687280612
0.2962737059564323
0.2938773800902389
-0.02351404719290678
-0.2761824457339967
0.15791013928285885
-0.10754268466777489
0.1400954117806432
-0.27099312301513556
0.17358244317257093
0.0535165768884366
-0.0624395235441582
0.3150237179692113
0.1950879554112176
0.16155978054029335
0.23621094051663458
-0.04517143345671135
0.30849581128720605
-0.1934447359087494
0.042645964925458635
0.07525743712403109
-0.08622372049416135
0.04646546210871982
-0.14374395148229863
-0.12179636391135977
-0.19624632510241963
-0.12043518184009376
-0.20808852027059216
-0.005842324401552468
-0.002755543659037636
0.11317004419966736
-0.19038370072935934
-0.1784742642667954
0.019583298858960548
-0.007437215608779364
0.20683143189717457
-0.02836204449307476
0.11965659255331418
-0.19844730463228552
0.12132371767421885
-0.07502096859499259
-0.3152623825070114
-0.2814626417090678
0.06381145221877646
-0.4281009890005944
-0.11770173656370522
