-23.01671401914436
79.6347094928674
-37.07955368765043
-4.2335374691385415
7.584189904004514
0.3153655718802353
3.8063894947817114
0.7329245281727728
2.20158693473919
-2.827057527290204
-0.30433432033576097
-1.6656753812284724
-4.114005735069073
-0.5803403482639873
-2.102974798207372
-3.708796240190784
1.8106057277271292
-0.8577640410599267
-0.7811100964601291
-4.18752447769295
-1.3604910961626169
8.934367474817797
-1.5485839032893356
-1.465928877803905
1.3930362851128006
4.649110338214375
0.1674587379566457
-2.6182816433349236
1.4763425886074737
5.661426585770168
-0.7575600489133353
-1.4085748327359373
-1.3424272400586994
5.561952642601945
-3.823850834592319
0.006791479787860072
1.3333604311562708
-1.9531107701521098
-2.203272897382867
1.5552620533340538
-0.10385187968109516
1.906699270183342
-2.0164990767894415
0.9991596168414194
3.2901202024120897
1.4877914615293633
-2.309186158445127
-2.2249844026505547
-2.7968677432221263
-0.3183084677070453
-1.2413185739572845
2.1199199206234765
-0.9667235965784186
-3.325039928905122
-0.5210458256154079
6.25230263224427
-0.4309966821466996
-0.4626497251049018
1.2609584233686277
-0.06929771371554003
5.619189411529039
1.2283182318003343
4.34098411305961
-1.6825824057702898
-0.6925545724541929
2.4197676600098825
-0.0019199748901631286
-0.1292993239735323
0.7635377528994227
0.46372603820063535
-2.883393667961739
-2.190444893701742
-0.7461483711903096
-6.196754788448699
1.558753312153555
7.133458970567033
-1.7412471468339525
-0.4598124153328481
1.9248630596380452
3.483275512051032
-0.14387440679370878
-0.5733760682963207
-0.5732606899779812
-2.51632234309006
-0.9045204284382966
0.4799331747223791
-2.4665024435501777
0.15753907548300705
-0.6077449828028805
-0.9672995180849986
0.05433439689147788
-1.5684611485549171
0.17660207950155937
2.4290382479507273
2.075529538992932
-0.276847114672234
1.2876399300156969
1.8210391891001056
-1.1285099109345216
0.5721139039101723
2.289105448866036
3.4543427676032725
-0.585922436462965
0.6231305414915483
1.6502791333166864
-2.1331154710909432
1.4128202393235179
2.4403200946270274
3.825949896369523
1.1341749574305473
0.6755896688713513
-1.3519084110020116
3.2304261636302214
-2.002261478159509
-0.8434306869436872
-2.0544379563623734
0.7534329449519014
0.8427293006380693
0.17915882858098126
1.1385519099571566
-2.9125514955836547
-0.6215557002463535
0.008110148402702536
0.6873956510951862
-2.707368676649884
1.2925180926483695
0.6960401481335765
2.4048998053003166
