42.36467916011074
-56.29041741591245
-7.924680241467039
-13.774113704627187
2.5178989748695573
-4.054548191628501
-6.470150942390513
0.08595761347368508
2.9828536159895433
2.2509462385066477
-1.740287048710303
-1.274196907545223
-4.95991022835478
2.7449539833195358
-1.6253431185226392
0.7018619791344977
-2.0185986715800937
-2.4836752848211856
0.7332451285607794
-0.048474941350453785
0.5789434050683031
1.4164346079140382
-0.2826627912944337
0.8321323704720289
-1.0015053803088516
0.586154084806592
0.8909787494383098
0.4372651193844906
0.2354377813940025
-0.3483006958714967
-0.8788255311689568
-0.803491935863471
-0.27142656835114676
1.9495937974510587
-0.4781487091508775
1.5793742587258008
-0.912604751476253
0.7551169772392556
-0.8840875965103243
0.533596419196829
-0.42080594149046374
0.671952638484299
-1.279782687862085
1.6605749372248615
-0.14620634221115608
2.3740761275553446
-0.24316741575132503
0.7074425023728232
0.04138785093187329
-1.2823844390874022
0.22057586485458802
-0.6199261080548085
0.26286102060098493
-1.3306260834670225
0.5542606429064718
1.379350372898756
0.5461504440177151
0.18596584801858168
-1.1216651058686895
-0.4226444207638394
0.38985249730619187
0.04306262665904496
1.227190943805706
0.4719540887304109
0.7841746840152902
0.4805721624677433
0.35236787535302244
-0.11964690233281366
1.6090701975675101
0.913545191220643
1.1741519595047776
-0.2025084256695754
-0.9347048576558223
-0.211606149067714
-1.6168969103821205
0.10997481190568549
-0.9964952849162845
0.24158759805728314
-0.468667386063481
1.6299745344055923
-1.2739208707458143
1.666768006192711
0.1118502376630427
-0.5283036464258837
0.628632728304336
0.16483380261259542
0.01819899077430849
-0.6344043410014514
-0.0432549677906147
-0.35031351343823336
0.2691836182641775
-0.09878319667724379
0.14997355023666592
0.42142480201606025
-1.0206646519657638
-0.1970199951814785
-0.993606172857524
-0.7267584177779673
-0.6565553298328279
0.8873344497671481
-0.36788098717041584
2.0555368918525914
-0.3592766086051881
-0.10906271938140702
0.03292080868109189
0.343667216374812
-0.555885007150667
0.2891125861118084
-0.1425828120701975
-0.9566434578274627
-0.5584925079053846
1.1251977500646002
0.43103996531020516
0.48646497728963345
-0.12155081550088839
0.39588415633695895
-0.11363937156524473
1.2914977674938788
0.5609042703626701
-0.753814371478155
-1.538546892882332
0.9488703746743463
-0.14505729844693951
-0.43728408839102456
0.008467377008840399
0.4375856205079127
0.8201930730044505
1.1132851388998488
