-38.10722502928835
-6.018942367920374
-5.772645355174773
15.398469263473837
0.24102702964348394
9.090574653947773
-1.9803239013153178
0.9737979840971936
1.2061852039207088
-2.2970568685267705
-0.17065903830897278
0.7296280702182031
-0.03972577266897756
1.6681107170776255
0.9024847699376365
1.3608120509789172
-1.5055201249799375
-1.6882804562500422
0.07315829991191256
1.8248116565726618
0.44161153743109094
0.4829751946501595
-0.1296596046531609
-0.12277508776959854
0.05279952706211265
1.2729059614275053
0.9017834644295207
0.6668959571776145
2.4153364037986815
-1.067788627206283
-0.17425291554354483
-0.49207973122363846
-0.34496883806105194
-1.8866234999160587
0.6957600825958775
0.16410067041094062
-0.17881390163062083
0.1448317881904978
0.6022084158571156
1.4798633004684767
0.6446615896315465
-0.1908947741137272
0.9572150831045867
-0.5493046834494799
0.12313238744321296
-1.1427161509312782
-0.5908483631556589
0.7421385018205926
-0.5313693767750367
0.1834387668982126
-0.718945839378501
0.8766809409024904
-0.015792438655424252
0.45651039633122403
0.9565549781243626
0.21805180022369303
0.3363855375080566
-0.19539243313658872
-0.16780975183738028
-0.8418963650221737
0.12431053644697672
-0.28929671257971096
0.2582453841545362
-0.05539393436677993
1.1079612939624253
-0.31295247703697326
0.4778329005707511
-0.22129433408611446
0.16118912552340492
0.9296387791932752
-0.20599683159892967
-1.2385526936147107
-0.131699445342716
0.29440321999945096
-0.37329772073951206
1.4706810471732776
-0.32615096470786376
-0.15207016562495645
-0.52460333248572
1.538876626623263
0.44891229350733663
-0.3994612908969328
0.36053670502724944
1.431704722097016
1.3448107639096671
-0.15859211954847396
0.11459029546656713
-0.26848337274517703
0.5516581557443567
0.07415570253448589
-1.082518734995398
-0.4148759561832113
0.2283242888654714
-0.6036189645626807
1.3170739008435461
1.4251583796090515
-0.7749814850667602
0.30444732470682223
0.514727531282493
-0.334789815450346
-0.6406183603888849
0.3840522946183641
0.30752428977474733
1.0104338122861842
0.42290480846315454
-1.0784534754426538
-0.3456676713181227
-0.5618162138885046
-0.3074340580293246
-0.4230793534317838
0.5558788402609585
-1.3104407176387987
-0.21818666491357175
-0.5427786703688366
0.8511925513654998
0.11288827784221218
0.5938117917768991
0.04478901932884717
0.08690042853732954
-0.8595529282663072
0.1805968511828624
0.2440975468155221
-1.4823615881181444
0.4736010700025299
0.5154750660787406
-0.028693642520105738
-0.9983677934392816
-0.8719147875365237
