-40.49494712449877
-1.8449393987662386
-3.3576862536374996
15.537970998346479
-0.9291088559736772
-9.718562354795319
-0.07117972522421542
-1.196001085447178
-0.33162345422263184
-0.12975939039873824
-0.09218368974617762
-0.32136612872405296
-0.0979560178745442
-0.6111408987692002
0.3924424211118105
0.8026826438168058
0.03612164963022929
0.003418585173455037
-0.17524113900904004
-0.13764291749163896
-0.4743456141331165
0.3399115824865795
0.5962945212773014
0.24464126765334568
-0.24997650329627288
-0.07923564461394131
-0.34806939523175195
0.07787693943922556
-0.1618088608045805
-0.10148897106356061
0.20238412126256183
0.7775102804162408
0.13734250557527944
-0.043395730983712515
0.2425420007722398
0.6737091288308611
0.4035821273751528
0.35026056037548076
-0.29900659434690885
-0.15776699776674005
-0.15631228056240615
0.14530952521895232
-0.4837661107342094
-0.07447962910523963
0.29050980102066487
0.12355386603186397
0.07612705287680757
-0.5223027072307443
0.21969062404500087
0.5582264504750972
0.8849403144229776
0.23428864428571866
-0.03807579135932694
-0.17622971188597175
0.17525527636993793
0.033738483866578226
0.3123561319771386
-0.04926779165334501
-0.22853414647831663
0.17017972788946595
0.40818520417642823
-0.2345490223899921
0.4403746445198814
-0.25052651649609303
0.10451834865824965
0.038739743072908575
-0.06549094762869034
0.35007700666189695
-0.1459067463080758
0.021812110483989813
-0.005637898374581771
0.425229658045278
0.07323937045560866
-0.15071896902213633
-0.07197501460791325
0.3798463747880278
0.07617714511184076
-0.1071912028296626
-0.036814888842211305
0.3952497443351547
-0.15526878559246615
0.1893499966141466
-0.17501977403445967
-0.0022021692899673317
0.25255933414560783
0.2201537849378581
-0.1969189150497569
-0.19889561413922283
0.4823112169841748
-0.01730499789245658
0.2608943910334027
-0.7330679281314924
0.0849949297402672
0.04533292802634597
-0.023211394523600475
-0.28982813296026705
-0.25510841021203945
-0.08098320048160783
-0.08199321760204918
0.06376195246951483
0.4144754119587049
0.0037275760226288396
0.04218499438973433
-0.3542333754731458
0.11178770697269012
0.0507343097035758
-0.26313693377859354
0.06906752305087846
0.0009283172262743306
-0.05345778389924563
0.051944407998241966
0.49298820548274214
-0.5883835035985749
-0.013753806986925018
0.3120669664389967
0.5560222260361876
-0.18555563596316554
0.2268175080305784
0.11830958859190491
0.0014282388434854291
0.11698566425684528
-0.05542870086253997
0.5310485947622174
-0.04313400102675784
-0.5134910687605747
0.13889827117164585
-0.8685615838391897
0.03072637463991493
