14.786574127434196
75.94711896310118
-21.269608297170638
17.938936873002355
0.16970374443422664
10.012920795163074
2.6734882783006615
-4.851820269922415
1.2253155064913384
-2.586040539157904
-1.6383312607946212
3.077008291863764
0.4057005601399361
-2.5107686494764456
1.6154561301503052
0.5228339313221282
1.4597525270151472
0.37666029798609857
0.783019450735492
0.8534989207519166
0.025778805303923596
-0.4683987840935617
-2.1135414732706423
0.24717010142802304
1.1198399118809097
3.650829885727059
-0.2938995030039212
-1.552620763364502
-0.42108471930926017
3.4364802810826074
-3.078869048086539
1.2761874025273034
0.43335813171980275
-0.9390949092137472
0.028018802608538257
-1.7483590910177136
-0.9067507356631169
0.3259675370053642
1.3332536503883794
0.727620536660385
1.834907342514534
1.1727000249756239
0.8734019701796809
-0.5870869360768651
-0.03464787233445803
0.14611862188267072
0.0204291716979682
-0.012102648494615231
-2.048900083676278
-0.7087365638425001
0.31677908861097226
-0.20331354282129938
1.1699515006162646
-1.3949277702269867
-0.5107398567612309
-0.4336871091470288
1.1343179294048378
-0.3110153306996678
-1.7169476463395565
-0.32267015226667994
0.43595248130313363
1.2808931385577806
0.6362629063902212
-0.1018517005697396
0.9626854766566164
0.4553050332204487
0.05173367909715168
1.1641679643910956
-0.5957399873899102
-0.3066430808097191
0.8248787894044499
-1.592006161384393
0.11277216509339807
-0.6169257992432071
0.2256482983661784
0.7917921957532168
0.24215072779523816
0.7544779681490918
0.7088726358660067
-1.217691746286429
-0.7235513640893824
-1.216949942733994
0.1635493200017698
0.284671485743857
0.5569251348963576
-0.020219789547488487
-0.017649508317640963
-0.05024359188847091
-0.20472130842688607
-0.3206813227758034
0.7427742169360019
0.3324162023081801
-0.22676614541891682
-0.21684951357301135
0.2126471134363354
-0.16794900263941864
0.04558099375354374
0.21945491681151907
-0.3017091146482837
0.25651581383002786
0.27826933037707574
0.05897392251554493
-0.18433887868322835
-0.256299303617318
-0.6577069137063382
0.6430708211903076
-0.7491506252537095
0.722270558030241
0.019835088174835952
0.09200343087254008
-0.9931600259452412
0.5850404269935322
1.5234304915997243
0.27908792078653266
-0.541137790008897
-0.14992125579498342
0.560342161294652
0.581972610586664
-0.4941707865122864
-0.6698215379023306
-0.5505241136070569
0.5585256306750497
0.02813172137725367
0.5073143735816341
-0.26610993650521725
-0.17029080309841002
-0.46466801887615217
-0.5351219995252381
