12.896024273070484
-51.64101287666732
-23.358524820176203
-3.3569852257588972
5.7583837114888805
-2.447788395961118
6.809505371167582
2.8925074210086192
3.4056848191081137
0.6027450137129436
-3.9423553670089073
7.28328856126445
-1.7851572318308484
-0.8736221901596524
-1.8702445508053533
-2.2305731810119145
-0.07307409154448369
-4.306277308830609
-0.6995408004861129
0.03503342132047882
0.801838959233637
-0.46926945341158666
3.2795310935751885
-0.3088178612910062
-4.046616429291347
-2.5060292416977674
-1.5674514420647407
1.4615308606837165
-3.4789829497986893
3.64624028828326
1.716762561161009
-0.443531528110579
-4.136265443760248
0.4963130503797856
0.45364484370791386
-3.7898449873690683
3.7935873640188684
3.462420699519469
4.2097533456007294
-1.953303779332221
1.7530852696153827
2.512242643876274
0.7339484154577007
-0.6594724997000849
1.1152791273194442
-0.776836426834487
-1.2265592572975281
-0.13362079508711328
0.8126589615491435
-0.0517096240090603
0.8675266960840662
-1.483762628913122
2.4455427396267746
0.7886897777162183
0.10226373126782609
0.29226546981315027
-0.5356607248943888
-0.29292479526649795
2.9031511387040916
-0.12153608855615539
-0.6454353148190131
0.8019072532866249
1.7490816512076344
-1.585316915168506
3.3484943183233096
-0.03693174089215681
0.10866295688802487
0.49898422005968945
-1.7145582666487076
4.281547244103504
-0.841236073588248
4.368857608850705
-0.27548506718634663
2.893560149194067
-1.636780296364628
-0.14493083244464752
-1.9709609784759785
-0.9476061973310641
1.7974715756126762
-4.013498921019078
0.08672416779084373
-0.5810070946406346
-0.49197976796532883
1.3005705960770646
3.3125644705898054
0.42722584425588855
-0.9795293173610214
0.37776101396130346
2.655243743858344
2.870588917347371
-0.18748823293391936
-3.9663366468582524
0.8223906106124477
-1.8789927096335135
-0.16946355917148126
3.2037822176409296
-0.703561405194603
-4.289245568881786
-0.04983640750757645
-1.1900123214127918
2.0471982269834426
0.5343720769003756
0.8819167909451928
1.2363851767196625
-1.2102437804871815
0.9765312450685137
1.5240709173871325
3.37700260408016
3.8051165769534836
-1.6659818065262793
0.1758365366281136
0.15377273823391283
3.384681222282784
1.539384527250262
-1.8372075312994363
1.4372111767001663
2.84606779186211
2.0371818850754617
-0.4372267257036704
3.0050047165601406
2.241610543605256
-0.9980356584934504
-2.9375291936232384
-1.8388727227777362
-1.4080791002157218
-0.6399734600751699
-1.5665730404304294
2.1311771812099365
