77.91857455936201
41.700081889338634
7.040942203998556
13.265457700673414
-2.33082827422339
-8.502333120530936
-2.9915152039367525
-3.251033043321022
2.7105324997667286
1.146249147412177
7.090683138036108
4.779340235660404
0.641095043859458
3.977978447238795
4.4224200413944175
-0.2889993424878474
-2.0683594529332536
-2.329397432145202
1.3115930056059564
1.8595107687361396
0.6216625627301682
-3.1291555997533327
1.426943648485704
-1.6672875408947256
-1.0136764177972435
-0.16120883528481217
-0.0949646438826885
1.749603598422322
-3.4982905578392494
-0.30071489015279623
1.282859689494526
-1.3578952910495783
-0.23253904566964415
-2.453992635514463
-0.5669911489872913
-0.34470361093898494
2.556128894038877
1.1160043931189514
-0.7895140181856096
-0.16768395499149485
1.4474045300763652
0.672676069523311
-3.353823072320333
1.7126460603209457
0.4910180049379018
0.08777309562882107
-0.6024795832789731
0.1445396101209022
-1.7215736268484603
1.3454201809607496
0.1772250004440718
-1.7630966780797601
0.7622096743397064
-0.3582297810081154
1.6986886965705312
-0.29680296880913865
-1.134382025202271
2.5966207347885133
1.4593383641652176
-0.44957413073285846
-0.222832422735006
0.4455361973667227
0.2742130102110004
1.582084285267266
-0.894790992308439
0.843329676574645
2.844749624019987
-0.9192875264234763
-0.7390876694351964
0.864309960223669
2.880573113737273
1.029629400648853
2.031600174211491
-0.5732539362813812
-1.0107003536710826
1.7582424581037313
0.8441128985017848
-0.06778431589021548
-3.019567968511536
-0.36132348090850674
-0.8731511681629539
0.463596786719992
-1.7773588705667414
-0.1577291576130811
-1.3578573086726635
-1.7417686246197395
-1.113317338171154
-1.5809980308382476
-1.8181194907287526
1.456749072653627
-0.11870195352358252
-1.0868581613515695
0.07471932152052654
0.27834809781870534
-2.189868112285174
0.828217390056998
1.4216692237913298
0.46997868807147875
-0.5880946379951947
1.2255876552260212
-1.4691220893007084
0.2670764345076248
0.7218683183943126
1.673221150095125
-1.086480426096577
0.38592731379202017
-3.427211124556381
0.4814522799800756
-0.32023850954077004
-3.3091983586747444
1.7344843476461633
-1.3495904272856263
2.0945275997690986
-0.6532678844671886
0.10005640070775544
-2.1556675328579673
1.4558556716035023
1.6796814213681721
-1.683448199415233
-0.904045322941999
0.013808518268424191
2.4076354002083717
1.6069182804929685
-2.7285125987218426
-2.440590107156581
-1.3958933853546671
0.4618372137835959
1.1531137128380387
