75.61355768949838
60.979554942157776
25.07589188470154
6.470905280718546
0.49056962750713223
2.3145786430563415
-6.106550680907935
0.7301909300251288
-3.900466736023385
-4.207415797889736
3.508460777879403
4.441106365534772
-1.3159220369466973
2.127009351294909
4.488020562756419
-1.2548967135275175
2.4418590031151535
2.9871554571007737
-1.685057980478865
-0.9002361959648091
0.9472842739025142
1.2625832413978764
-0.6499123431129528
-3.5402345266286255
-4.3017614269764355
2.1560480880696273
1.033417773134715
2.5237435337912615
1.7246607843498716
-1.3675267945453309
0.36446060826880755
-4.15467160527246
-0.7285088668214322
-0.8426712772077277
-0.439790649891138
-0.1013455163608675
1.6127628191847716
-1.3789995078820214
3.6934033269092588
3.0085269704604722
0.18994943461644573
0.9862308389715239
-2.332129773711365
-0.06291327831473542
1.9493178982847326
-0.7665262602699798
-4.73156130514744
0.24800218449219158
-0.2520467872377057
1.6604563256397022
-1.9258414224707159
-0.9898056466357967
0.7063250807744779
-0.799390226932314
1.0672869991799794
-0.37541071350891786
3.0514957784545063
0.9290522340455427
-0.22720868379764136
0.7452239675493387
0.7441961399848882
1.3341572752470425
-0.27210211874113127
2.0313059087375613
1.2260781112480856
-0.5183534459232337
2.118046260371458
-2.4888889672409995
-0.16840191777399566
-1.8941315946005253
1.3356160409796853
0.02202209324876825
1.03959366049451
-2.1251523248452036
1.4971364395289761
-1.5358803688067773
1.8547175855317606
-0.9243388188791838
2.7428001206708457
-1.3971893100666823
1.109731750585278
-1.2355421588867677
0.8718879493109699
0.5729642171335584
0.4399397257422095
-0.4206621099847159
1.1057232416602334
-0.9755283595638353
0.6375589819922733
0.06996698825452927
0.6669604254862266
-0.10180204525030295
-0.7543102737568437
2.0407972856086993
-0.3915554712483014
0.19191731667225229
-1.4345188635909234
0.11416355521700917
1.8076037326796977
-0.12234360274519418
0.39175798496369535
2.6674040985011573
0.23894150075940462
-1.1677333228452942
-0.839736564336488
-1.4122459205955549
0.20165501821586762
1.399444380146881
0.245999235777557
-1.479667253278301
0.6406668481809247
0.4770839825363057
-1.518502058553622
-0.6271507421343043
-0.999387950229853
-0.7423383062151544
0.5413546999804401
-0.5260937057189498
-0.5707227217375829
0.026274099425939945
-1.2050330874908863
0.5597722505764513
0.5476031490868418
-0.7961272451317857
-0.6025876788157936
-0.08781439185551565
-0.5037978190991776
1.2941547383420455
