38.82395239982417
-52.27823378638371
-9.013839868062098
-9.917520857234987
-3.273422587564899
3.0129858328824124
12.772699308678137
-6.318874961430708
-3.18956283344133
8.103810437243228
-3.7361540938093047
-0.3879403518507214
4.279423032039025
1.303967018953915
1.0058684485581342
-0.819873663072037
-8.732163933537931
-0.24507138598256695
4.662279906058154
3.106505717258953
-0.4288047687088168
-2.123692970297036
1.6759071892949997
-2.1679439053554366
1.0054871999618815
2.2798500591920074
4.144252386324308
-1.6141794603591155
-0.7417853254765873
0.3953723427151913
1.0445324299090537
-4.673528902886575
-0.3974716741190846
1.7611336655505894
-0.38728167108662337
2.320839643067113
1.603911378269745
-1.4830409233613455
3.053086830431274
2.5383712988558917
-0.17280106430636671
-1.396185441157257
1.1589936830803405
2.8827428551711183
0.6794626621370427
1.7046799076440482
1.6552616985277575
-2.347766552361557
0.10055394854671176
4.233025190109381
1.7068017534195024
-3.825471659060257
1.843259989135314
2.3913448933930885
0.16090097892759098
-0.49473073822163716
-0.03253581776792419
2.2253698981746286
2.2562841490649808
4.966127116235767
-2.824831757840831
-0.45596567908829466
-1.5442304896124412
-2.204471856810773
1.977520430102315
4.287561480136135
2.4416036949645177
0.95141681228332
0.6378589255113221
-5.734855681399856
1.5964091995017538
0.8948306125294689
-0.06527555485587272
-1.7482831191715333
2.5519919162851754
-0.390445655353302
-0.16899731135864338
-1.0668953517464077
-0.9796222190740553
-0.6102117048047928
-4.156265842195782
2.256333526337743
-1.845266431557521
1.440086950848305
-1.4129047063661437
-1.0249419919706206
-2.0510207882560216
-4.723908569130462
3.153564375028684
-2.4640891134159038
-0.9914319884949709
1.7026230037184575
-1.3038334904180844
-0.0039028294382177364
2.5941485736593304
-2.5808949877513667
-0.05325561474408584
-0.5983729349158098
2.6360365669961885
-3.0695809177348017
-0.43993091964347353
-0.21675217708935135
3.320896134390989
-0.3994636902092551
1.0650859512655135
3.764928852519467
-0.37312234159056373
2.957399575286559
-4.520139779145836
-1.7428538746443665
0.7510229354100022
-0.1414883500932242
-1.931097276046484
-1.6739285588712738
1.3050212276523814
-0.17962041002488036
-1.3857402768361347
0.9623187628327172
1.5320409305669436
-1.8781135472815575
6.2076421874422225
-1.1046714592977342
-1.5251396486754791
0.5428701032798646
1.2208003902170004
1.1603145790871299
-2.385908901484632
0.541161077031182
