14.845110795160675
90.94767176606918
26.767208570553777
-11.411451771332985
0.7591914912507849
-3.106347615657846
-5.535379885717271
-0.6862960612451839
2.2100552038116295
4.917809740006635
-3.337170439308062
4.110193826018626
-2.3135654918233097
-5.362613592816571
0.966636523279345
0.8356258458267953
-1.0845833343376396
-4.829725298699024
-0.8178792315338079
-1.5476840928542595
0.35380811250390126
2.809191478056349
0.6570461386265889
-0.3906419486591011
0.5941356284937188
0.6397086367783896
0.04478625741420962
1.2750665921830138
0.8525111926827565
1.473910210898824
0.5835848572338698
0.12493571499260091
0.6550459838468186
2.502071880342471
1.310003754497416
1.018361842763439
-1.4487361514969666
0.07361696206161294
3.3867335434042762
-1.8037933804933655
-0.866562365526248
0.645080194462915
0.25541776768389807
3.2086425688282803
0.8671963693048201
1.0323723142941037
0.39818044997235097
-0.9138414251709088
-0.5248953430024618
0.8666038959644594
0.19477228747119113
1.3288292476748593
1.0012948909977337
-3.780621729923088
0.8898962146036137
0.39006936932470826
0.1661208654318521
1.2259076731610328
-0.9996290298952939
-0.26744391892614855
3.4672020516212396
-3.102571603445395
-1.0361995410616243
0.2195756981910009
-0.36946522490621075
0.8251123838071288
-0.018013936395263358
-0.14949137163545978
-0.669404340771043
1.5871710331813937
2.560653545894327
0.47360277984555044
0.7926529748909928
-0.504128672184293
2.079111000276365
0.7706357375015953
-0.15686522093698488
-0.49321173761407855
0.12684343910960644
2.8998455849962337
-1.4798390511080013
1.6239972801301052
0.625234063367534
0.3307895150180915
-3.2140847443921694
-0.15283902233605215
-0.024364946436943535
-0.6913131782816273
-1.258900747000779
-0.11241817357354217
-0.37277859004106684
-0.30222709798414116
-0.48626044491065656
0.2209819624915547
-0.48766052031005863
-2.924763419700601
-0.6907401162924853
-0.9633007043268123
0.7820492648641799
0.9714398348977801
0.6061635677220046
-0.6733521961088444
1.954650593390559
-0.7956135570497394
0.6561497454402625
1.4341117635055238
-1.9209088468392428
-2.098435787897167
-0.632417271305032
-0.6888254276534564
1.4017702670648486
-1.7844363542637036
1.7999977977650652
1.1544792023456267
0.4222659633247091
0.11313181121848288
-1.0163669293623372
0.8128200085112448
-1.3552954876642616
0.38584870818664807
-0.19295661089795996
1.2072511141772224
-0.6915346266248049
-2.602509238059191
0.2718750433449495
-0.033700779561378735
0.8951244478848026
2.347547555997879
