-71.15612770239014
0.23510488140824368
-4.576725875743631
-12.28887996502236
-8.200472457462945
-0.23156549905479473
-0.5529950551150333
-1.2498521866838506
-0.1870667346757719
-0.5851406627829876
-0.1460135069439108
-0.04437237401128683
-0.24761421437763725
-0.11408478237886163
-0.10911667745834008
0.4796466315154553
-0.24610548007716573
-0.36364663402794706
0.42227071004048117
-0.2888243464471785
-0.48743271256847714
-0.141806859669033
0.44640482553624916
-0.5495195045195841
0.3210911463038977
0.2590729504008873
-0.14792077381185326
-0.12379057702102873
0.2930485487785752
0.1869627494123821
0.2539082452248622
0.2420609051810656
-0.01246430748006036
0.24416378912472658
-0.14698605588579394
0.03824771878041254
0.370372972606577
0.42322747873581934
-0.10866538425920391
0.1573830854388925
-0.06035077262439173
0.03072621877623699
-0.12425338804343371
0.34339122385124615
0.2068125433855337
-0.06991640870789151
-0.08868191510102724
-0.024456495600687883
0.38151954644394503
0.14162593155066067
-0.03173037946941848
-0.08628026325024049
-0.3872363696295323
-0.019209318817548643
-0.03562385437438935
-0.5323404325079247
0.22691305572031678
0.2470510652923898
0.14390640207727973
0.04202184215184337
-0.5075043067568488
0.015478040824755873
-0.1103750512349306
-0.3214015528369256
0.116621161254537
0.2213237171075133
-0.3915830946919907
-0.4217900535245366
0.31753829822558133
-0.2586053434124328
0.030162762620257383
-0.14089395114956438
-0.009786858811311121
-0.11263891195274661
-0.4963145961693761
0.1706136373681469
-0.13626434978819285
0.21692079216644086
-0.32791361886739506
-0.08219893800359597
0.3054529859839984
-0.14469948009470762
-0.3867072123979074
-0.10492029617664736
0.2326529060577585
0.28797487337781735
-0.13530156077796326
0.2411050819745191
-0.1247856993865027
0.32383056702061636
0.33994088254720695
0.24179945359195415
0.12264263450869238
-0.1685026137598987
0.3267385795782461
-0.09155828522857552
-0.21535016384431138
-0.425299848376704
0.13464752693024296
-0.13321883053307976
0.07026938192640461
0.21858416617204227
0.4609540657008646
0.2701487184861514
0.1976777288524317
-0.24589895649455693
-0.03430971490263442
-0.46841216991651735
-0.022026698213481563
0.04450069660789685
-0.19785848839282366
0.0871274826669569
0.04908262906314491
-0.4343532168422854
0.04743234422973679
0.135230487291601
-0.4092760130088632
-0.20818468941057922
-0.11762738733058459
0.15668257761454157
-0.18547815784605745
0.16623407759508838
-0.14089588313422602
0.49967307174915643
0.06780438971670631
-0.2654905503594741
-0.10014548030667916
-0.1527218048079399
