-45.01285293355644
-0.2175490020915043
-7.586878391616896
12.769455189983907
0.21013344588097546
7.786568721527793
-2.152274969620305
-0.45129328159948845
-0.22652628124619067
-0.5964441937388628
-0.06437354198714701
0.12965477964821534
-0.33201120930689565
-0.1610301953647225
-0.33881374679606613
0.07071132119091697
-0.23786722533573024
0.06451683330589862
-0.31151093687115894
0.2718736050310955
-0.23323428262065482
0.318718618380014
-0.5416186103448687
0.27503029269732593
-0.1741483029070681
-0.0800479969470739
0.11016610330251839
0.007728257040476458
-0.12468711065940219
-0.5054162559728264
-0.10586026797093917
0.11118069681607116
0.2835872622434593
-0.2618698728732549
0.01139864317798947
-0.47417230732818305
0.2750430712414125
0.14515433508496114
-0.33841876182876635
-0.3073085204004665
-0.1574113801710278
-0.09882254036353993
-0.26212252860480284
0.3433769555309445
0.01393776878666568
0.1900404509362417
0.24805926754552254
0.11101896275977244
-0.1393354144809409
0.09029698700016228
0.25123653399842466
-0.028484749949346744
0.015017980756490745
-0.014926439572693767
-0.024616892561007252
-0.18819856896815862
-0.3130149039844642
-0.1314323290771441
0.17584124366976528
0.44396766196339393
-0.09006105664853786
0.04835143330518332
-0.3703245567434013
-0.21267032490903526
-0.33154774227925005
-0.1637136682769781
0.16228739803922643
-0.1722196499289311
-0.04777956702926941
-0.10746677440673519
0.17189930523843322
0.04282576803614242
-0.22706856989065335
-0.18962990204337943
-0.08551213098554271
-0.19320475025822167
0.28433939390457047
-0.34993265222944037
-0.4368000358541002
0.05811547532310608
0.04487840233569872
0.08137455411528816
0.042009968197549194
0.47948521521669657
0.037858954738913264
-0.030469631191345513
-0.11257655327533381
-0.08721418429911829
-0.015929775704872404
-0.04208615548537413
-0.3413556541650497
0.02659618979924265
0.22768780309314104
-0.021063071912255447
-0.024696313171215543
0.3882770963923033
0.17785348585843636
0.24107275867208816
0.003224710668555831
0.15448496599550787
-0.26069648974063225
-0.030639755321756862
0.1643450627592758
0.19318034649318946
0.21185513989674187
0.25748926730348076
-0.019782763977751597
0.01582642685890691
-0.02559308456236941
-0.265941105537995
-0.08654656830500548
-0.08246987695953893
0.06477844016762763
-0.46680198047166876
-0.009231015863329167
-0.07264438955457582
0.06377896272467606
0.1546098055967121
-0.013963319908340516
0.12277512801051396
0.22404466530567232
0.18045637657499303
0.2422120181272496
-0.2592156456815659
0.11584104966716509
0.09899286686840063
-0.0814885122812722
0.01938158989478913
