-23.745581499400753
1.363732539755925
55.86549946038843
8.792575953385814
-0.30847156510237544
-4.202419972609823
5.123199362645595
4.674545259725258
-3.4864143806674464
1.6480281671292258
-2.7809263104339474
-5.044461519143377
-4.741737547824727
-2.012957672687482
-4.6103190900436894
-6.921944521388962
0.6959471660457061
4.43798395626701
0.5602402602901492
-2.9609727958764496
6.57564333528852
-0.6249953693810446
3.8208808666872156
0.014907123725057637
3.347400481649074
-1.2181841902913642
-2.731642898423388
-0.8045411871931777
1.1643834815423901
0.6838971455696178
-1.103732802533775
1.325281084402963
3.7616386572534632
-1.1336581278111848
-0.20666021907126902
-2.406695725393674
-2.8831467599821305
1.2697388015111026
1.0883199974937985
0.8202430184363017
-1.474541503047067
-0.7019428577609178
5.763598452228649
0.2445173273258575
-1.3323156334329127
-1.6647618054807132
2.010797217796696
1.0045641084739338
3.085725578459731
-0.6561294319611496
-0.9585345283180596
-1.0823811906698109
-2.6870783070484925
-1.1640452002969042
-1.7229890404762211
-0.7879324668888952
0.4175401118874488
2.2908869647047463
-2.0964695248418614
6.077278695286588
2.559968936434219
0.4869577001515559
-1.8949779846180799
-1.585663250796126
-1.0225643323907252
-0.18206473471727141
-0.4599981888924549
0.7802853700611936
1.2922096709373943
0.5330717373832887
0.46539016797581567
-0.2387808827259239
0.11685565357880495
0.7865662693881669
-1.9735591905968148
-1.7114662229673352
-2.140319565424991
1.5455724034418874
0.7240406652347859
2.3713200382549755
3.067191060739568
-0.5717480350376934
-0.5309880163311586
2.6884385324545605
-1.1242448100947497
-1.7090534550407563
-2.890341327943362
-0.46593663619879055
-2.6823725050428795
-1.6635314517272406
-1.935476354379677
0.8903225901599081
1.462187178453916
0.40320756774121835
0.7582308479052096
1.018030605400383
-2.0068616705893936
-2.66930321177197
0.8835773911405677
-0.08838269608979868
-0.21808481756108272
1.371500689676606
-1.0313184085594898
-0.8242360458310912
-1.4597900945508837
-0.6694338639418788
-1.8573622459286385
3.0021166809870907
-2.734738470334161
3.751133663926447
-0.4566348164911162
-0.09881267090467277
1.4779667686887563
-1.292461931636707
-1.024465647224409
1.9909558284815017
-1.133528598915813
-0.12460110642465763
-0.09522491412784441
0.2724175192756263
1.7394424895394927
-1.3029802082389057
3.8796502354466016
0.3820473436833851
1.3727068588122133
-1.4085343647983493
0.8125564860711456
0.3672874803729533
