47.55326448927078
-61.45023315201527
-17.987394050242727
-15.610903753412023
9.718495897837538
0.4265096811897455
-1.1217688493062474
-1.5308226764981823
-0.6896913753011333
0.08660608712590825
-0.03956916809363767
0.3893748589358897
0.5038127815371707
-0.3344081765250311
-0.257303771626095
-0.2706825596784393
-0.8610811671744207
1.008549490293165
-0.008686229842221359
-0.19390323017206798
0.04198344566249326
-0.05550369171769448
-0.00983307838298805
0.44016547991652977
-0.12418374559070815
-0.4136667403336057
-0.026635906012114775
0.05477872651830841
-0.002966978819153282
-0.20688363724443926
-0.21579488137264907
-0.04162618332533294
0.761533672317094
-0.08418782833781904
0.16178037419649086
-0.15986309397307938
-0.3899570323710513
-0.16647669057036757
0.3893989429612669
-0.11838296049081339
-0.39227495222782904
0.48393743942304235
0.44706487531210165
0.5464560304269473
0.1465983643926686
0.415088482440752
-0.019872199387736697
-0.05508353117005271
-0.20879772491056492
-0.379289467274036
-0.12764471459066404
-0.3196973056173026
0.3024420940498528
-0.9023471770144837
0.07975503959709393
0.3051649521396394
0.17861550067988485
-0.5040109239313849
0.21215794639755692
-0.11957072902152689
-0.12046986272208521
0.2555159601896849
0.058309674434624204
-0.07136277045058523
0.11319916189949637
-0.07899782555621504
0.013752361734309474
-0.6520068087840916
-0.48397471438728623
0.7140026841720901
-0.3074978912369403
0.31522619332791935
0.0525735500495938
0.20315672161441817
0.28745945400079187
-0.6415800238525262
0.8062391416227832
0.10911275442796461
0.2532348761543004
-0.2164643005448137
0.2990237733063644
0.5203975276268455
0.7527205427869301
-0.2769240222951992
-0.5409208488575074
-0.3632425062138448
0.21497197612640911
0.39954492412395054
-0.6165233679837936
-0.18610210869910254
0.21378103241121987
-0.021438807000094498
0.7277780895843184
-0.12600583246925204
-0.19612585378434882
0.29809885988915796
-0.1862146961729078
0.16078315397128096
0.19636205160851353
-0.2840220235156809
0.09188581001874213
-0.16533707504321002
-0.5042144935903223
0.4798963936507895
-0.324330766680391
-0.5234608962568101
0.48297306113320393
0.09199477146471291
-0.45883971987671995
-1.041602461826641
0.2843313938061578
-0.24549655982625132
0.07251532716975088
0.6013664872572939
0.7814174415276982
-0.011091563335842408
0.009375030175383676
-0.12778894818013417
0.053565789102173245
-0.15284310055265354
0.08215910423249172
-0.07747947162746555
0.2981624967804822
-0.24616137336533198
-0.4334650931764787
0.13048565270663742
-0.48171077068825907
-0.11183399505711071
