44.65671056677001
-62.809098846253306
38.59916164677465
12.231278352919503
0.033354281486437876
-8.15337403044055
-3.1777437934020645
2.68523849827377
0.03742315244437085
1.0206241889596013
-4.302853698557454
2.0991098921669646
0.43080534403084536
-2.471802193348588
-1.3880679989849585
-0.4407687471012
0.9837368251563585
-0.842762469042273
1.9924214267546787
-0.37587511616092945
-1.7911998511795517
0.716049347613518
2.9138864330033414
-2.350536796819505
2.0751186084316684
1.4646349280810744
-1.6686672151245563
6.135464130030742
-0.08841391288832057
-0.17959311108505635
0.5508610123758951
-3.4525360447739817
-1.965477277092811
0.26647267294842736
-0.5642015411561174
3.056231735328081
-1.3044957911991149
-0.413799405018245
-1.2642702977373141
-0.7178651396348144
0.0637004525989637
0.766811354246473
-0.39645635531264733
2.664812092579848
-1.1646795942355361
0.45230069444260496
3.269035840686457
-0.09166521263147402
-3.104155318186052
-2.7327270618135326
-3.0850897169401903
-1.5491908514906694
-1.0997372371015128
-0.4412068399783015
-1.5744320099669458
1.2342840588646877
1.9043908191444678
0.49557113630765287
-0.028923263265008957
2.1791907942865816
0.38028120998763815
0.2777930199545143
-1.8528778228313592
1.3860219877993771
-1.1156185895048296
-0.7234899538472618
-0.13867314511536186
1.2246374620575193
-0.9174414109185204
1.5239025530609003
-1.3636962555986578
-0.544224803322257
0.5009099556416127
1.2740355657666318
1.6488861949985738
-0.6974523408791846
0.6236563539011987
-1.2430522400719866
0.3828060437802202
-2.9725193925033015
0.5619280815567037
-1.638033292158595
-1.8418080478279706
-0.47751981277068534
-1.1828148816101582
-1.3050856433589226
-0.09852812965643505
0.7544122632098103
2.1919196961070933
-0.5415491797887936
1.837140882329739
3.904343360957723
-0.4414661850818607
-0.951034234505771
-0.4959785229482323
-0.21925930336115218
-0.4249571463618592
0.6669428757601441
1.7507951901666714
1.3544455557706603
0.10381753439499572
-2.275818919282068
0.7289192112042855
1.4170405142723275
0.05667736102329077
0.9881253208840267
-2.927843047737686
0.460937212319382
0.494470889286669
-0.5854727356673957
-1.818465696639401
1.1182897338206768
-0.17917544946809263
-0.2249547548414421
0.6163015097057917
3.138187485709411
3.1731900174639844
1.6917227454802612
-0.5835899269358282
2.9849349316876617
1.4904071358310882
2.9563593459895423
0.29200730803002267
0.8844775467774898
-1.005449732177941
-0.28084426114773287
-1.2024732400441662
-2.3875117241033617
