30.396979006675657
-37.848866205112664
40.683668571658124
4.813334144289966
0.3914990648323662
-5.763397277401351
1.7563199396219178
9.590404787685113
-5.358244601578108
-1.7051517928010833
-6.105443638651487
1.9945434397624116
2.542028161256036
0.6044250394264922
0.6948505562356024
-2.0500536596155117
-6.714482542057685
0.15512775259453626
-2.2812037344611573
-3.102442744882243
-3.2142372043987004
0.5949322455882085
-7.460482500529277
3.0657978859666732
-7.951115128799113
-2.549524957102875
-2.82773115554734
-0.9132982837624357
-4.901899628790003
5.880010707757805
4.926835852744548
-1.1195784410309741
-2.2570657047337273
1.3269073755084704
-0.6073411155971431
7.9923536071298695
-1.2357912102033088
4.506043702556503
0.5219432983111844
5.281722418589473
-2.0233316057368236
0.42639876440432645
7.251595081089898
-1.5415860295154866
-2.1962084183588977
3.894627273688562
-0.6126834273668811
4.281645842505877
-3.209665143656368
-2.889449377822711
-2.6705846806636586
0.9118423412923402
-0.8134026406901484
4.810395860483862
3.4282202054382216
-5.870731728002675
-2.436426559135599
2.4009127652714963
-2.61279745149053
0.4259020797831677
-1.508120037137509
-2.2941982596519477
-3.708111978777702
-3.0143908602175955
0.44382138623613265
2.035718594577902
0.5147065445387625
-2.8494015377372706
-2.261105350232907
1.4721322637388108
1.1267299160430095
-1.8147199240227951
-0.38586597885780943
-0.9921996118009377
-0.15792292293557045
-0.45410880233585005
-0.5537280141826851
4.143179181520706
1.3952159537168265
-1.5618460721267606
-1.4630276746106863
0.0069838244630459345
-0.7016107123451815
-0.4451579366555414
-1.8731024324320877
1.0472445834228619
-2.6580741756267323
-2.8400242930853397
-1.80308167230999
0.36612707908214137
-0.7784412381118817
1.2389648218555562
-0.9137116999609765
-2.441222109896474
1.444227128185431
-2.3297079291840608
1.6453002649808828
3.28788370005201
-1.4857828154393995
-0.12741498884003408
2.4730380404459003
0.19227034493095574
0.976370622979064
0.008271421397537698
3.4237297333050356
1.119026173827673
1.025077136963214
0.30425241707514405
1.4413120295015729
-2.0888049199847543
-0.16430093287944497
1.1300795289009218
-0.36639122969660964
-1.2555794097797606
-1.5505681490647756
-1.7796047667484192
-1.2417771217870484
2.0019905035745227
0.3881596913570105
1.1393465545315147
0.013985930475080816
0.5801138969341143
1.0085852953095946
2.108928815578594
-0.9993225687866578
1.201575610902561
-1.2371826270960047
-0.1430611402346253
