95.29449257469061
42.54399688835373
25.218836000728206
-9.47616408731132
3.836916647222978
1.9741687776655872
-5.079583343997911
4.08189806376419
-0.5671418610407345
6.181315426887561
-3.8503197479043063
-0.1087496472174903
1.3391031082732416
0.35255377828603773
1.8067500896611093
-2.266233563791947
5.820172304185317
0.5056802539579596
2.6961481439044377
-4.685747305947168
2.540262013896915
0.43419668038893744
-7.948603347038611
-3.656643698833308
-1.4104726637615523
1.0541173192707736
-1.637792927377502
-3.6083468008179183
-3.541666517319703
1.8782346030050063
0.7945474641716679
2.8215516764414788
-3.0075665471467454
4.0295083627769115
-1.556097760672233
1.311939337427649
-1.0399880286771108
-4.27833359549136
-2.1288842083237127
2.3207556831178997
1.014083799173942
2.8855658118026626
1.9114364548452718
-1.5829663973686705
3.463277844206789
-1.4589192891693903
1.0238357479592672
1.3006075244489386
2.2883615581082206
0.7965288036156372
-0.9489555165282834
1.9933289036273232
-2.0574658072634375
-0.011536901263686464
0.05194429413290306
-1.0116838489103357
3.4094003803910025
4.526332511343035
-0.9725220030569756
-2.448690484061577
-1.8297889251616217
1.4935966897848105
0.8799288438018611
0.5149113027071737
1.5584160632196664
-0.3480694747757662
1.3530602538520424
5.419200984629201
-4.260390239821648
-0.22453190739227935
-1.7491493064038923
3.181186652109063
0.9203428471360517
6.816604296752058
5.640732467179624
-1.234688451555043
-1.4953931082753689
0.05603700552242476
3.3693611316217473
1.7887134911736025
-2.621768477824598
1.3182561837639695
0.7351946574500204
-0.2020079814118825
0.5833615484466569
0.6121856269001202
2.203682866069958
-1.8992539618487845
-1.5286822030748832
2.45041171115439
-0.4062072880496212
0.29195091500152726
-2.43803786429903
0.018412500829922684
-3.0124259504782662
2.570363282928358
-0.1679110697490642
1.7103444928430944
-0.9937714037649614
2.294947764621457
-2.0447448029116737
-1.383981569983966
-1.1387037835345215
0.4618685164530787
3.731063163947297
0.7635839577967646
0.2653992216298727
0.06211732667617381
-0.5671777580547642
0.8878440680320315
1.1171956239381826
-0.6276396133733272
-1.665131879998396
-0.7784322000965456
1.1095703486356552
-1.551218536339937
-0.7219901716816478
-1.480140571987209
2.700718785170255
-0.18334338742843398
2.277062847716083
-2.248970149838748
0.4226983653702592
0.8441005295285918
1.824090471947517
2.1526487485612553
2.37691330454519
1.5354009449362018
