-71.01061747059289
-0.9106886449268927
-5.035203244319925
11.2225328306358
0.06451087378193454
9.139448434504247
-1.9784833456223399
-0.5150010010533003
0.8244386330639704
-0.44685618672617566
0.05929643016621186
-0.5856146989859043
0.5557961182774396
0.2914204760360733
0.36897765564484486
0.7087156498601206
-0.05807482341772219
-0.11750209574257775
-0.23762312337662722
-0.2032391776399037
-0.3049491872135221
0.07169361500523334
-0.21138030062499363
0.33015953266796927
-0.22272486196529315
-0.17436088591249865
0.09786092437424522
0.15459615377307015
-0.19536154411518622
0.29280031383169847
0.3159440916993486
-0.4215257340847694
0.034367414013383814
0.1059301308444917
-0.04903911181668982
-0.030709943180658554
-0.18237765567212505
-0.06946538440156655
-0.1923031236155906
0.04719508569829544
-0.11857685853877895
-0.04163527611269163
0.30602858392897075
-0.01421940906297433
0.045063863256982875
-0.05609279955500731
0.1369647215700238
-0.10929161821732905
0.19610260409193225
0.14208768903674465
0.04165595540999242
0.017609187043093846
0.0713029787700224
0.13389422147496627
0.05736087048356997
0.2155145657383751
-0.061477318024971625
-0.04365177464292948
-0.15295038573299172
-0.0721317387725735
-0.20281930539545362
-0.3540365233005422
0.20111436032931365
0.08569046234978321
-0.3329078199751808
-0.0393637648938054
-0.2864168896471583
-0.2565697829044145
0.2964963835996911
0.36688466924051477
0.009586697320769832
0.394212778902792
0.1756605613114362
0.10529173691167823
0.177578383469434
0.10228993043601273
0.03191105124502465
-0.19801817418818168
-0.19718528952629827
-0.2884521824036228
-0.1377362349483005
0.1477730587403549
0.07250553245074984
-0.16178495990207825
0.08763725113207622
0.14084024223625183
0.2468160894799024
-0.22994654680681445
-0.21872701911278147
0.12711080566801575
0.09341668779772958
0.00915602257589819
0.2712103386816261
-0.07503003923246525
-0.13900490476064054
0.12427302797402986
-0.018460178162234192
0.06858693976292303
0.014114696850894622
0.042824376233065786
0.043725114977598525
0.21151378114043656
0.03347419613258991
0.12927232539825184
-0.05084649867652182
0.013289341931914084
0.013084342901488868
0.07776700221138286
-0.05569597092817961
0.2924905779203078
0.14324303625559026
-0.06826274274549979
0.06337002727507951
-0.3223593257430081
-0.13349728887176018
0.09487283655211637
-0.00675628220639523
-0.2026108882547648
0.0023087180428856963
0.21609472321494697
-0.06248187684401528
-0.00014784459904419386
-0.16007790352690085
0.1748745560933611
0.2807849337592171
-0.17319171449737816
0.017050274533668024
-0.44015052238257263
