-41.07863522569779
0.08014396936560113
-7.821505914672404
-8.45515223880055
5.5548147777035854
0.7618001292843645
8.202792895305851
-2.509991909376768
-1.3179543718801732
1.6395658658618637
0.6894207445793455
-7.162967672036548
-0.5353896283435646
-4.334643103998683
-0.16667745434468212
-1.3351665127056225
0.7535258546715757
1.338404344391731
0.1301474872557022
-4.846494535464118
-2.9079703419844796
-5.471005502870601
0.1829851667305651
5.037927663849444
0.8405400031155397
1.284416319916122
5.238559998909369
-3.414630682872965
-3.6458342465638776
3.891050322026694
-0.3626608226061921
-2.1191330218037976
-4.912323095228399
5.301094341621643
0.6118330726778674
-1.533228811604009
-4.18764842737787
-1.7054458598703661
-1.5027265592043348
0.12131756906899599
-3.705885859018637
-0.9492265836617773
0.6974737810741228
-0.5231711749943747
-3.9233143330632503
1.8474392872684802
0.8453326997203233
-0.7235821288509517
6.782270244898033
0.9067105927701369
-3.3945106072326503
-3.718662622964904
1.9391727984809712
1.5879092762462244
-5.89694835290939
2.501317667256349
1.5132768211715042
-2.3825889622705763
-0.110180905190799
-1.4091420953364793
-3.050521196239355
1.9971841798532377
0.41014422759967195
0.6545438403305518
3.448382425512287
-1.1197227563872827
0.8660525819951735
-4.929261334594005
-1.0896505447149345
0.45015491928977236
-1.3856118625066691
3.0975715637082346
-2.689433609932933
0.2903210834407005
-0.3681833613066162
-3.624592642508095
3.9889254107254475
-1.8149862189841546
-1.204726129098021
0.1517815903788277
4.410956092575643
0.5715472491678917
0.5764478937046165
1.0463829603047992
1.2520904181966463
-2.00663050674229
-1.989853686185072
-1.9837697357195143
-0.31357581813147883
-0.47397641713429334
-0.7846284790523192
0.9707703738219601
-0.07924275496691113
-2.7509270964736117
0.05278311109328617
-0.6804934249394055
-2.188979550391689
1.9573790511135154
-0.3861737510623181
0.5438212551455444
4.094588204019607
2.7593553611833763
-2.363763324724809
-2.4850584782519443
-2.350747577472496
1.7492315841866093
2.1619040529100477
1.0844158486442796
-1.9567001783003346
-1.952440421386435
-1.1053127495279544
0.8608844018309344
-0.33490642983602903
-0.314594420146051
0.32705784636679563
-2.5405689440545602
0.1531120354155967
-0.20760410684275074
1.2467476083238398
-1.1552773075568343
-1.2659178135819567
-1.0758737437039403
-1.021435641072236
0.2701680754191587
1.836240394818642
0.5738123261339638
0.1569324003946525
-0.4782609691543399
