4.292203409171003
73.81395344688586
-37.03939997859959
-8.73128841897776
-4.140885210311626
-0.539712440711202
3.489229979619308
2.793746831517357
-0.8016716225726057
1.2121397002169467
5.29001680190452
-0.8827869361849955
2.502080419677518
-3.099900773736956
0.7245621595264101
7.601490745745231
1.1425641002305333
5.401847882415536
1.1442023965967112
-2.2215032087920727
1.5526338464294909
-0.7964081142550381
-1.120812230997029
3.2340008451333073
0.5254982920659774
1.7644964569016497
-0.15305788129477846
5.769672444711779
-3.6153869396313953
0.5967047475376485
-5.082272803070753
-0.04250821870618234
0.19629684777404044
-2.2281296892632367
-1.5891136593537305
-1.773463989999181
-2.42074878301004
-0.7661881042387831
-0.14603483103369613
1.7263189106009733
2.4582584596236985
-0.4913090114298334
-0.4242153463413299
6.286665113320488
0.4338187865586538
0.4660924995253667
-1.886663082254805
4.98119894814541
-1.7521396565913538
0.32165524214437624
-0.6831206855485624
-2.7253508872492413
-2.2883699124333616
5.568397996064509
-1.9660126888747138
1.3376162618546052
-0.6769239880411703
-2.5414683028350735
-2.493060572591287
3.2203429768318492
2.0015531673951052
-1.2845478525166283
-0.3876219232300834
-2.939622560672769
-0.8206700748851892
1.0138247054180627
1.6100198911086716
1.357205519884535
-2.2934757227511113
-0.6002695084953035
1.3380765419230882
0.04858446636454805
2.7801796384398476
1.0015289951034232
-0.5986735053470198
2.9764100977874755
1.4636786010779168
0.22217976845017712
-1.4900476049371199
-0.8871822274773051
-1.219809016671581
4.518963110840869
1.5356209629746063
3.4741552842287042
1.0645281933952009
4.453098248404593
-2.5563202630920907
3.415662180278224
-1.289518264348043
2.149038052860239
-5.311842671583906
-1.7794144722446819
0.30602652311996037
-1.4588737747807625
1.4423033007557249
1.4204486983923807
-1.9201439148448307
-1.1318928404791306
1.8645467176909256
-2.965065319043404
1.9884969717227257
-1.8381183560419627
0.1535219365238648
1.2358569489143962
0.183834857139427
-1.1355788835635114
-0.029977424433457293
2.6088261242263235
1.1246841944278785
1.4215122461778138
1.904558269500811
0.8708173496694478
-3.622180408089788
-0.7775490651563669
-4.212982896312358
-0.17616898178614193
-1.2156452334065584
0.904196833583202
-0.1988057318065498
-0.12498209657189091
1.0510528869908229
2.17733068848591
-0.38027736307250726
-0.7707641916503374
-1.0834515907569708
-0.8728915647092074
2.8729228894156025
-3.132623451216352
