73.3669971616973
62.54722586290948
25.535144594975755
4.148881622126374
3.966667300534737
0.3567256702868693
1.7016112324625265
1.7631967409759768
7.390430950027499
-3.4842134365880884
5.556289854384689
0.23169985804033363
0.49763412902680415
1.3963213066479532
-0.7536963916579515
1.207323580698442
-0.6187500551864116
2.0636845953122087
1.6455511323578431
-2.8170908472952063
0.7924592100813742
-0.6676869610879318
-1.7768132624407809
2.6780517766696272
-3.163773300125085
-1.8824024383304583
-1.258683974629768
1.1169138476752671
0.3760765832621321
0.9753490317206976
2.0203550703701487
0.6720806096952885
1.6276314576205995
-1.8323491974308572
1.2829321547485377
1.4385045712406364
-3.8764930699489044
-0.6726301460934474
-0.5066007265844048
-1.745766596937325
-2.0788416177649274
1.844055289386778
0.3148938146711289
1.399942486474563
0.5557217265186575
0.2369087849437069
-0.03921209451444241
0.9321874885260136
-2.8869749765634474
0.4561001527060887
-0.8874194851309596
1.117931905692815
-0.8995209625769376
-0.9910191471400956
-1.1512278415800141
-0.6800448492664037
-0.26000826157330326
-0.12961861730890514
0.7606794872426428
0.9145799589573269
0.9354096838002035
-1.6642104944265104
-1.2922718011534737
0.12412535357059659
-2.9768548126219043
-1.5506098108061988
0.12748241362567936
-1.4241680206030496
0.7816647833489709
0.9950931575836374
-3.058924123756098
1.4909645088899846
0.23303089747150862
1.9497443809266253
2.0234282669051984
-1.5921636353530286
0.008507991008384855
0.1623594053636656
0.9363179923016889
1.1529167832129927
0.00910701707230465
-1.6100808089063416
-0.7911493522007365
-0.1297697767989267
1.5384451574512195
1.2321843294391708
0.5400101009289976
-0.8172408358570846
-1.50177498461182
0.7213158653699474
-0.025771569334335914
-4.051466023170157
-0.8745043971977615
-0.9442653748918997
1.8546249880257484
2.4922617178048174
-1.643011790652525
-1.516996666799275
1.0822438790875248
-0.7878444258132403
-0.7819830954914727
-1.6122676584540359
1.1649161130441819
-1.0826664875643888
1.28296146636421
-0.544514852743794
-0.8551675738262858
0.5755538383675419
-1.5794297360603187
2.657716355154776
-2.8075994712995263
1.9399477142075174
2.3899666131134696
-1.5448042568023963
0.8993568278466462
-0.082696257140474
-0.21309825723678097
0.5328050688865094
-2.759520896844881
0.8530248520281689
-1.2155756821730608
1.4068468767107345
0.709719056605054
1.7950823722006057
-0.04226237546363268
0.9161664575956617
0.9082198883908914
-1.4457813787346017
