-44.86225479208814
-0.7129379160714882
-8.138512514304903
-12.894772279330663
-7.33570785766227
0.0764246260448226
-1.3152772204806022
-0.324810442681354
-0.6797445799897557
-0.011735306702410173
-0.49892171138794805
0.17516236622879336
0.337763303332292
-0.23550251279089948
-0.3263738338716994
0.3539876602723778
0.552432226142131
-0.4617980757825398
-0.33819958209114853
-0.7762003508132342
-0.03546166735059633
-0.1834597840627709
0.07965568520146188
0.016515182385067523
0.1062018225540648
-0.03244913773125506
-0.05535629213807325
-0.08091163779840266
0.23902856989980986
-0.23104167495379185
0.21854973200338706
-0.007703079118657058
0.27833894446774965
-0.04385870261732198
0.09192558429102013
0.2277599776548332
-0.006904167957911836
-0.17386864713264433
-0.04859644405161237
0.27782957721097534
0.24072437107320693
0.20141267630704293
-0.17830735872767528
0.3562705584181085
0.19035014460392968
-0.0810579394190782
-0.10732450867878471
0.26500196125596287
0.13667734463775005
0.05203891072254352
0.22984261047507376
0.16649148481965031
-0.0018231583494245779
-0.06774755041358882
0.07071449352127325
-0.14788495646776761
0.2309502796689148
0.0013734340417345114
-0.21601197572652073
0.1429281133868056
-0.27828173735500006
-0.11707027539904852
-0.11331340097687048
-0.18991017230696494
0.21169859057444154
0.1505948346471668
0.12216252292100277
-0.09255766856233168
0.006098440751883125
-0.0008969980705351918
0.0884917562724365
-0.17236473179766182
0.1577524966522889
0.15240961852589102
-0.11007384887868145
-0.1136163787287641
0.05772686802513967
-0.15498667048366813
0.16935434276276196
-0.1857543255997073
-0.29883196664522316
0.03249099490222472
0.04273890714745507
0.07953370855403219
0.12591899390267214
0.14005650011731238
0.12550465682611403
-0.15080595718057557
-0.12243986853238926
0.025917098772760952
0.18668518887603258
0.22328019760279255
-0.003404824319153288
-0.17092590674718527
0.19990345502742887
-0.1617714589424677
-0.12039135308927973
-0.21904663712683936
-0.09968428525451328
0.16557645421998407
-0.15590408920988283
-0.2092781859735129
0.3092828706305741
0.020656855960075642
-0.37989096228317143
-0.12604941391879604
-0.007258298184246923
-0.037795188363763055
0.02818317294597437
0.027649382172999067
-0.011663176098657288
-0.3440189591457588
-0.027021934084196023
-0.2825205295269369
0.05121285319912988
0.011553233022420511
0.1699926764195449
-0.19002107786513972
-0.17348239052735123
0.20747869664143312
-0.04966633556683084
-0.16050720171909533
-0.2580670794142852
-0.26857328478572084
-0.016856021529589735
0.25537589088355045
0.2928747429969303
-0.04652281815690158
