76.00863257711656
37.33127097581144
-39.27985844596398
-3.2509208216384025
-5.5764832724519975
0.7742976095395142
-3.7977495911879364
-5.9593315121235815
0.3039617021939846
-2.8833464801084476
-0.915085398132319
-4.647007160175695
-2.913500764206393
6.436323223223179
0.8104492079679109
-1.9801470983855007
-1.4471666590306418
-0.12293640409918039
1.8095822394678727
5.9468258105504
-0.253653825757885
0.8803845249947506
-1.4650298564135402
0.6670562578103992
-1.8819408418820138
1.58092500017411
-2.1499570721231036
3.457193093973804
-2.5986238013595964
-0.20469627781240024
-0.1226199331663459
-1.4384738820066714
-1.9838778404822468
-3.4327569489134735
1.4902451975279336
-0.7342924290847961
-1.8653934748514316
-0.04391304315039013
0.8912263044123925
1.194555584503691
-2.905909036206327
-4.055261046827655
-3.453316719720007
-0.7270797146895478
4.073818968841976
0.8155524701464495
-1.1086338456694071
3.16962762450472
-0.8172243308531234
1.7691282782900155
-0.18591062602299063
-0.20574816393620554
1.2837370280071077
1.198679258849233
-0.9451601564126597
5.657254780713667
1.0840866509619362
1.7859825750983824
-3.5452763840224146
-0.46699549986361005
-1.0511551095920808
3.079525189609791
0.529918443893476
-1.304847544877547
-0.835619888873171
-1.196139968090488
1.803249283665219
0.436208483440506
1.1527496298676019
0.5451452969579107
-5.325107887957094
0.7935624947040292
0.5266342141878654
-0.2574827937746148
-1.8300696915845023
-0.5695542586705725
-1.1415312471285612
2.671478472636251
1.631996507905211
-1.4359990318774347
-2.745696510761951
-0.4148840772281353
-2.7584214858662595
1.0659573126590134
4.308509147126282
-0.5138461753548256
-2.1619299206495204
1.0027587812937206
3.13456757102467
0.8864413063003607
0.33397461452733745
2.4446000525138074
0.8254722332647215
0.18126012674208275
0.3664313792440331
1.2092045993555984
2.789978852630225
3.4950198089521507
-0.0026486864442495928
-1.1955740831302968
-0.6615148370837709
0.11938856868942793
-1.5877534565150386
-0.3979430643027682
-0.7971847692152152
1.1838520467876505
-0.40314083492629416
-0.44604693619531366
-0.1387906001863621
-1.7825838720150784
-0.5019943877824874
0.7669525134791172
-2.3797062705252783
2.4050043188463697
3.085658964923681
-0.5043978905646908
0.6322173318493328
-1.834047935184071
0.4455305846388962
0.030510313389525784
0.8354821834550672
-0.12152949217816952
0.09672351189327569
0.6626177345167545
-2.178480056859986
2.495322421966763
-0.3636253606070797
-1.7239967363052842
