-50.74581731729718
-3.7994033982244666
44.511770848089554
-7.788990936675087
-0.4262576889295044
3.628102119816366
-1.499164630726512
0.06808102436536739
1.5538803597399968
-0.5954318758267626
-0.6039297597225819
0.9593361235313795
-0.8841031825032177
1.1882552053856434
0.06406650849498752
1.581927859747709
1.2039170182600043
-0.1419296787589009
-0.2917560965496957
0.25621520808381226
0.9488780794377847
0.184778421677252
0.12974957752141744
-0.11023000939905975
0.7481737841028426
0.5871601544221178
-0.19516916281208058
-0.3780909276800988
-0.2844706740119315
-0.32151952184828386
0.08607382490310594
0.246974452225693
-0.03959935882592763
0.280783350486148
-0.17832215477011715
-0.24328655747610844
0.43279683729145557
-0.3045974566704397
-0.28559247782627023
-0.11972173941781443
0.25249168507400377
0.21522505477894419
0.27532897633732467
0.14275650048994973
-0.17370885554486112
0.33418136628456424
0.17265875805653505
-0.05674952290535765
0.20131442840686242
-0.23992615106758453
-0.40523115296417206
-0.1168938832479054
0.26507431805382237
-0.0604050104731237
-0.39055837270151816
-0.3429947964503828
0.06508782406089869
0.23456892535688592
-0.1268846331171743
-0.01737944412313714
-0.0901638206214092
0.32195917392263834
0.32807976644543313
0.06896831343576754
-0.2838840604487243
-0.014250411285428213
0.11920360854546591
-0.030497966644349755
0.10203101744419148
0.09817413286619271
-0.033970344461771884
0.25259825320962404
-0.13573416632858246
-0.401215451405229
-0.10414415316616313
-0.21717291373650213
0.29229599177083787
-0.061844603083063415
0.10832957330135848
0.6077071833769976
-0.2028804658155827
0.2091059263576722
-0.18046467605192978
0.07655888387397455
0.08618631206137622
0.027660840754272532
0.12322577438193943
0.41389981401545234
0.15179192072751044
-0.08773283894753588
0.24859347790050804
0.1007933635043145
-0.22101832205758956
0.0451825470881618
-0.18973767235768754
-0.07900329613200807
-0.044672573046163136
0.0388349298087336
-0.06284312407580199
-0.211821835141495
-0.12983502083328213
-0.19926193780453094
-0.09872382919253456
-0.5258553390698347
0.03838862939834798
-0.3449742460028258
-0.36840538343057266
0.10071408604893736
0.18336353955196824
-0.05023987579959052
0.3617415110064546
0.0416567754991491
0.12411034765883713
-0.07165005601058527
-0.10923192749101192
-0.1760040015703639
0.30477675451143327
-0.06637104814874789
0.15456079481231005
0.3605427804226819
-0.4277235605144604
-0.17726318619796227
-0.1353274023716906
-0.09057458081719122
-0.23501420410129945
-0.0399784228259166
-0.36702023412715323
0.06590648350070814
