-40.028504989252625
-1.3203519307991383
-1.99554598787897
-15.828951663936108
-10.332391201380117
0.7664620438408315
-0.3199691607040992
-1.4925905938199548
-0.22293561821064808
0.49256620592377776
-0.1463677619841685
-0.6828939595748127
-0.05599333236537149
-0.14911716197889344
0.07211836010748401
-0.9370826556123625
-0.3824349287492635
0.2733929083437534
0.19693140733310066
0.3160476909992929
0.11143502819086351
0.3937632406395692
-0.24330760205122665
-0.16082859369424563
-0.31516003082635025
0.02216416721924052
0.5874774314720137
-0.016335367892827485
0.3635942571869842
0.09384175313104995
-0.38053620679707023
0.14376028126399762
-0.40558652765425107
0.2435605879625049
-0.11830820272145037
0.009050782831704199
0.08317590979001566
0.44676959971829455
-0.4393131256351863
-0.2206249506880615
-0.2585744484102973
-0.3802582283484195
0.10436458546052094
-0.31444643686093365
-0.19600298962312163
0.02446221027502732
0.35355270476878775
0.522311444647493
-0.5472768754856694
0.2515567581537522
0.6828586676563448
0.2244164550116869
0.14676209905195559
-0.40093633898869696
0.7801442640576932
-0.16933914443610493
-0.5606992329672311
0.0308124169871673
-0.04381249485449205
0.1832638971360071
0.7389800433255165
0.13625215308350952
-0.28598995490505824
0.06937799886906698
0.38180244631960564
-0.2239250432329885
-0.47913906402108447
-0.19976089675639472
0.2141296576201771
0.6058039075482444
-0.23735746789694726
-0.17123237614009834
-0.33978516793075714
-0.025890799036230656
0.019181803730884732
-0.25764080998214106
0.08090002030751409
0.4393059676418527
0.028565013840472064
-0.02298195378103931
-0.15618099970799637
0.06082115872577393
0.2044050569112003
-0.398283347889067
-0.12969340030504162
-0.2780686153064426
-0.2863046409408737
0.08023486107105222
0.30085266535892713
0.2301341541969528
-0.40604838260066045
-0.050627432023185655
0.15487507516584076
-0.2513356455958476
0.10150028818023507
0.2898922969850812
0.5759387515600733
-0.47986273427594495
0.1797512634735903
0.19927610205831486
0.2922595785192082
-0.06059672337510462
-0.25335714986174734
0.14910446183631207
-0.3417028852574633
0.41795894750180196
0.242691767398826
-0.2650560114710686
-0.2853671937074226
-0.14656876043224287
-0.13265473448011378
-0.1907753364601386
0.22592222763614217
-0.2872454655320329
0.05277837046460591
0.023657367434761628
0.13286421152066402
0.4140782927913651
-0.21382650192888092
0.06265644393734524
0.12292127822423864
0.16533514961443735
0.1349612522806291
-0.15382700145496678
0.2734014438177811
0.018566878487839097
-0.06900967038283659
0.24113080181414623
