-43.12890965864702
-2.7879119475539293
-8.970665618521503
-9.903741252657394
0.10040830053730432
2.516935761077006
0.13072145152785475
4.288247353262062
8.73785443939278
-6.0550407787236225
-4.155106307279767
-6.143211339631475
-6.367516843927926
3.6615742407132092
0.6299686538073588
1.9458649594804287
-2.7998740540499236
-1.1895105854779846
-2.0299675408695275
-0.8103405514384313
-2.715277353299857
-0.44607906270135567
-2.951704551145088
-2.7796673323318655
2.102494854140289
1.5544007058709102
-0.20833813590277622
2.075092114870893
4.303907195760485
3.3615717271308005
4.334839747464071
4.802728386909417
1.1253751904926772
-0.9764629030589411
3.9141636664736574
-2.4612725764092116
0.4045771717418404
1.0784260418809781
-2.4159826180776105
1.5165474922556106
-3.031391293888103
0.3337961540721467
-4.674615800624351
3.7893325585752513
-3.3685306216135986
-1.569119588231033
3.392674993178179
0.14521143446866352
-4.94201412459496
2.033509335944597
1.968597298244762
1.3085739622239152
0.1369558021585631
-0.4534748898426029
-2.546243608004959
-2.1527913009411512
0.5639465818978839
-2.287869119142628
-1.2340556142814947
1.1595387418923075
-0.7387691380616027
-0.5674526246982077
3.6360445647880706
-2.2892155220705623
2.40012861228029
-0.2872878653349811
-0.6041195764851459
1.7270520407602523
0.6697558883333329
-2.068815653875312
0.6050165156853405
-0.6789643894059553
-0.9655727387227937
-0.1252559341798103
-0.5613142991261256
-0.8418364344592671
-2.743797032997955
1.9856198799078895
3.1488991165705453
-2.851381682064764
-0.9789869863806419
2.357995332907863
-0.503813680384023
0.14964483023043995
-0.2186846912618986
0.8026597107150805
-0.08723989713805252
-0.31824274746541636
2.5567191751053038
0.11123084527045657
-0.5324632461147663
-2.1649774251340337
1.23754645165395
0.5828138562966283
-1.7782019227363395
-1.2618568773805605
1.2771744322064955
-0.933601470303894
-1.709865832093492
1.585049811624561
0.3055559925087467
1.7917531298876352
-0.5029344775751959
-0.1798360630399838
2.4599178405174356
1.1543478472542683
-0.48504156490740863
1.1914464055808953
0.16753831192833862
0.20463202441032233
0.2597380281359575
1.6002341120528403
1.3810115968490118
-1.0506644888002006
-0.20864619100651094
-1.7692310276666465
-0.4920651155141216
-1.031900735497548
0.6360689600853304
0.5422368497736588
0.18180761111534388
1.9902996610705748
-1.316185492784179
-0.45308238672192924
0.1158180730845339
0.05070948765862015
0.6964372559385744
0.39956471205134225
