-70.81341619608563
-0.3130543873154118
-4.6020272624130225
-12.221146707345637
-8.492950530956168
-0.013911024464153154
-0.6135444959007643
-1.2116880551029043
-0.10703190796518434
-0.5592738227471101
-0.010753285818438568
-0.057069818605949
-0.32240110802778554
-0.3985649148823833
0.17451956990873885
0.18445992618974227
-0.29272208195241134
-0.45758322844091204
0.2556235896206003
-0.1422068971420705
0.051171729234745666
0.2622486211154879
0.13840049871993415
-0.10511564569879858
0.057481588121922444
-0.09424247182374128
0.030030767715238854
-0.2175248537210125
-0.08155948229190839
0.2504323615231463
0.06641325706698087
-0.1790258923035201
0.32042076202986464
0.033555161791344296
-0.034305338398177176
-0.0411340401790981
-0.19879738985855294
-0.10266667021258251
0.3329656309801805
-0.3009091919325832
0.3303283879218339
-0.642237290855087
0.0817360717448632
0.04262122429808044
0.35797367205452113
0.05839764373300882
0.3128768745966512
-0.004660318932560609
-0.15056481744711608
0.3823286798209291
0.0620439367944037
-0.1259039068356493
0.28181074836320963
0.03673745386755664
-0.06228402201862747
0.1482594689319561
-0.1527351056582851
-0.06160999714346622
0.11791028404551843
-0.2233713253741735
0.2826379246801892
-0.6169332481958334
-0.1582866069816219
0.10342699817018762
0.0074897150501131
-0.19622284890453956
0.11909052128429942
0.30294679523952106
0.070620788729201
0.2960906278026377
0.031199102500727327
0.32609855989832504
0.06422191784925785
0.15844641712183571
0.4556952186236752
-0.3712980728486468
-0.20208449785834132
-0.35150952095723703
0.040187831874974086
-0.006999220496797326
-0.09421501555141024
-0.014008419994969684
0.1482070898558187
0.04016228593482699
-0.3235079090931674
0.05694486290574427
0.0659626909830092
-0.41541267164191964
0.4639192186052951
-0.2770104981833614
-0.35579771195392995
0.08850333289489665
-0.3112913965825193
0.16665473455852275
-0.3954625047962992
0.02421938181032303
0.370041191745046
0.35410629152951467
0.19449083231267436
-0.03961673209797269
0.1701123336573238
-0.17741258879066107
-0.15572715341343052
0.012107130140490845
-0.29068327474747274
0.7163274562022769
0.044381226778439295
0.2825143018961132
-0.11075369383407917
0.06403355892461267
-0.2669508845846394
0.06085918848981876
0.5755261760978942
0.14961695814132098
-0.027873469203971296
0.0578672023266916
-0.1166385926543448
-0.1949825856728652
-0.14073051252808289
-0.027962403012925033
0.31009104114142344
0.09382760297212667
0.09569116905598068
-0.4437967470652927
-0.16558447839304605
0.4098619983589377
0.03549940310889983
0.31462077347042955
