-40.32010760951392
-1.0556383738756059
-2.5050447433983645
-15.252354007934983
9.973107134127558
-0.8036260567564203
-0.3100258185731919
-0.8127478917901132
-0.4093653052028095
0.13014363557093528
0.04489196655889623
0.18612900422455625
0.38163134634330165
-0.1931431949004429
0.215532571884714
0.10206359950098726
-0.22944798289052815
0.4783981149213042
-0.09702369940292721
0.15422409841164159
0.22522519814517053
-0.4434087936972496
-0.08218642628414431
0.41295188273266537
-0.14164377415359572
-0.029388235857404826
0.1966611238959835
-0.16386109866981083
0.04924713998261883
-0.27855428896441675
0.14621288473307556
-0.25842274900920964
0.4558548430607808
-0.3227650901583855
-0.06762850830431341
0.12102378695660902
0.2049908626977962
0.1607696248112523
0.14897801478053552
-0.1655385808992676
0.06728875676690907
0.3222841254127184
-0.1402765705673926
-0.2622810132912431
0.02292672245211178
0.14414960387819614
-0.06323764169385988
0.1848138364118931
-0.13177867450499164
-0.2878204412545856
0.11841332508274374
0.1300038181149915
-0.23202976655308583
-0.47342027352843086
-0.10946289603337533
0.01834981678567042
0.020606842325897087
-0.21580492384160285
0.11505809678942469
-0.09478091524277198
0.09468767291635294
0.19547165606811717
-0.13205379806273337
0.1759235912821149
-0.19956896858484943
0.09418716603234455
0.04837520407325746
-0.586679332028786
0.09137460346091121
-0.12705847784917418
-0.4246752679919459
0.013315140316229601
0.044204148412007704
0.051401042090008384
0.10560398531063045
-0.23476389193417152
0.1579212008487804
0.43582590380416497
0.2856783874275245
-0.2848168123218735
0.03512687191325954
-0.07033434539373594
-0.034402904697226025
-0.17910254559340388
0.06752753489304024
0.35094054239550904
-0.33074579211345057
0.3633989071094371
0.05164900229509327
-0.3071850210152276
0.0034129592040854917
-0.3982015636476913
0.32926164726714363
0.10566524209967894
-0.043279982865454175
0.2638080658913922
-0.1282700974528047
0.05848688186516214
0.1864911754778655
-0.1613427739779338
0.16985894235152918
-0.5269246128948735
-0.5152043707876391
0.1291379060219733
-0.13250627406950613
-0.1677424992583069
0.03755450106496413
0.0416358683876549
0.31659986191440465
-0.5229854441639057
0.5321486269808976
0.14775776441920638
-0.12205246579271989
0.11461948249217714
0.16821351939658788
-0.02942549254362975
0.33764701332926694
-0.2428254643538718
-0.08521130592706733
-0.5535590586934537
0.013018385066403005
-0.15294516030441732
-0.05656120367523001
-0.31607616397726396
0.15794804359043607
-0.21635842966311353
-0.15828313066114494
0.07249272845871958
