-32.934209585326414
12.956900229748925
54.474758577638426
-8.791297035972754
-1.4386727080236588
5.731731567061519
-0.8249612991111375
-4.8916569649391795
-4.026120092388211
-3.827295263444677
-0.9749928201435839
1.4350212921851238
-0.16694162999082884
-5.028765731175322
2.9866904704427646
2.10281688011481
3.7451623734528496
-5.6991779333914385
0.104857270248639
1.6672473018401304
0.6039870104048732
1.294280802143131
0.3004359780010563
4.472778138847804
-0.08682710759557177
-2.757162254139308
-2.970945963981989
0.2732623942302478
-1.3648008278721322
0.5648301923671386
4.977571796335694
-1.149448934982889
3.884943318640009
3.6129208062648166
2.714017100648928
-2.5228348326193673
-0.5858511874886742
-0.4704445179906112
1.440145008896203
-0.15491462773626175
3.268042112369753
2.224725490407238
-0.5648701829290551
0.5616645831120519
5.513776217049984
0.8148587468408882
0.8338352517734631
1.532892684456687
1.6784580858298235
3.225340879887984
1.4548357796100568
-0.11953496819363973
1.4890280200461596
-0.3707096594203799
3.5495546058806693
-0.8552168801273294
-0.3241769770740204
1.744073997111105
0.30952135916081935
-1.33555761664927
0.05804010275582398
2.196554542401389
0.11411818811115731
-1.9627992831247372
-0.9731303517194311
2.0429806258153076
2.0454631228837834
2.037107551683918
-0.49495677306749297
-1.2366715814821518
0.16754180035529803
0.2959782929028322
-0.040969489245732765
-0.014664299818981041
-2.698156438453555
-2.403423469987699
0.5176875765480204
-0.1827516273989559
1.3032206995556925
-1.1110431962981295
2.392878626473635
2.5118880329260795
-2.0911869936552385
-1.0015543268447702
-0.0070529359386688265
-0.2860305687293178
2.717312906875116
-0.2386387033503955
1.476723560044114
-1.3927134263970247
-1.5868308775939586
2.4030221843973854
-0.8023312815986134
0.4795724357792257
-1.4375742936456437
1.4639212905399304
0.8760343188684021
-3.1649919314640824
1.6089785957720644
-2.113128574397028
-0.2831368478399954
-0.21581192115257866
-0.7964813712517999
1.059035141165173
-3.6078466961707876
-1.078334303914595
-2.4835772019461806
0.08671829963652684
1.1033514369191455
1.4520985006159777
0.32504858358617333
2.1280243763474993
0.2857858768713297
2.0558354716515557
1.3478894066817337
2.5207384391498695
-1.7428411720752237
1.2176783137029483
-2.0717667398289525
-0.30964709998521606
-1.64098817757816
1.746876993516513
-2.1059670079815196
0.032845764520518794
1.0309259593062727
1.5451157921007115
-2.445405908211766
-1.6663504183796056
