-24.961228015277882
-1.115366358638048
58.30396667657657
-10.912613811322059
10.705293609178684
-0.9625905382247522
-2.7731934536338847
0.30328150411385163
0.20819646448508877
-0.4253446959155925
-3.0108591311833033
-2.5390253869094144
-2.8956914817774106
1.6378078403630472
0.8229709583268375
-0.5421357750673557
0.750149628616674
-1.3056884163309892
0.5681989430882735
-0.05938759200955568
-0.7779130606877089
0.9896134005707613
0.05053323484122313
-1.4174424219108765
-1.9267561516631528
-0.31467263562664394
1.904820430444158
-0.9561406198331074
0.9410387648440435
1.432935924043707
0.27930408395150236
0.9110811869310631
-0.5693849934157393
0.5916547269095868
0.08886028902371193
-0.14552840736113176
0.7325507712683144
-0.07868488523931316
0.16052609335034512
0.7600348199101356
-0.15636100432443795
-0.7392456297874063
-1.5208385636754769
1.202750918706346
-0.008704836278053997
0.4840082744562065
-0.6565997038786022
-1.0240250497515593
1.7493346528073275
0.9019559957800687
1.9580285620495461
-1.8372406466090434
-0.002976673264944274
0.1345925711704687
-0.8589272096255645
0.006861033958252161
0.26838627368507906
0.4236590431522139
-1.2059579296392626
0.34341995622629096
-1.1197591041658
-0.8583248648789941
-0.8124773602445541
0.070428018935079
-0.3764224252961322
0.49091760711512167
-0.02793407646757122
-0.9420706436699604
-0.3572092258330873
-0.48184120421057564
0.5594662889793505
-0.13515230578990653
-0.5927188540114933
-1.1306903238985586
0.5731483016506259
0.11819674092979482
-0.6299552233368696
-0.4158308282389027
-1.99381868468243
0.4673359473655493
0.3562945930833171
-0.7632994854973316
-0.7733099975527502
0.9667988630389339
-0.5363157416487675
-1.2487615310377786
-0.9274737694796837
1.7822520061560674
-1.3411860901333963
0.38942933297350335
0.22243108161481726
1.0252033136674252
0.7930205591131401
-0.12402216859191734
0.6862413817226408
-0.562788757839125
0.3751197304123767
0.7544159343890147
-1.3571718808203383
1.1977266905756476
0.277077215641478
0.30008417943594423
-0.3506438757821558
-0.09671610440620704
1.1555220308069467
0.021548552002984344
0.16474518134046182
1.7866717981108788
0.4570696963282833
2.1362179152718093
-0.4189527486221977
-1.216413974643341
1.3877779347263628
-1.8123228912126543
0.7841417922398102
-0.04013178794072435
-1.2899405587382304
0.13299124236910997
-0.6812384028417587
1.8497413796462945
-1.6442907333635943
1.44784888023824
0.1802465259463809
-0.010787284132875198
1.0003048497724478
1.771692021954774
-0.2327372275034518
-0.6266949271441953
