-40.35014535590012
-1.0364402249414044
-2.5064358047582918
-15.221062613562385
9.789672759707885
-0.8509897173079796
-0.3390945792295824
-0.9263262481701362
-0.5169209089032223
-0.04903732170763664
0.3546695352665301
0.17530131111141678
0.2168641338182655
-0.1562979575928028
0.0211073688847786
-0.26863698144464854
-0.2956764284092695
0.47983276705483124
0.05135055296630614
-0.07047830158446937
-0.08058243413389908
-0.48313619147716635
0.1425888715453759
0.08530187743200636
-0.011268120373745062
-0.10990952485577457
0.1969644851829637
-0.3203785345116218
0.1648897610698451
-0.17155640778887687
-0.06783300076462435
-0.30519363248221876
0.552060146325795
-0.30971446141408676
-0.289597613186512
0.09255005532778221
0.11496386878686427
-0.12911432676804221
0.28818492992417444
-0.17839074821605017
0.12931286887209742
-0.26133861224034244
0.37291120283443135
0.11890384543943067
0.3146909767760781
0.4554097086480945
0.18631214236300694
0.0807157643477882
-0.02492530346392194
-0.05746704765027248
0.29559493274419635
0.2154282120789265
0.19506172801365507
-0.5158024511975017
-0.004809966320431741
-0.0010274057326585748
-0.29800787856288036
-0.38998779309087095
0.16602555089524246
-0.1394085556367399
-0.24346748403640217
0.041360556965065576
0.13322134571927333
0.13326129393152572
0.1813502270310512
-0.2853213374279517
-0.22101138574216278
-0.3068226016496586
-0.3054188440653811
0.08993116803258272
0.03873226051941138
0.1368741869238052
0.17770478700206332
0.277568979330269
0.15208938560278806
-0.3630589364410447
0.18935864485482334
0.01784389375533671
0.2471454051703058
-0.1530780813505147
0.3886576560199071
0.018302160770981686
0.37340341482304307
-0.0052993622255489425
-0.046993810054462765
0.18766549810559946
0.09731003869132522
0.08410255270341493
-0.42400533033748494
-0.2784508200638262
0.006507786308177693
-0.06466253557454456
-0.3344975771642691
0.1586025413890896
-0.04749072054939936
0.16312171944444437
-0.06311701066333528
0.03020627976353972
-0.00011346209827493153
-0.223270847736741
-0.21069869956894285
0.3838375548071285
-0.029793585259157943
0.27121792579674864
-0.11358080911303063
-0.21677238778190971
0.10874623378185873
-0.017172301200082625
-0.0985491305025667
-0.6115884937916278
-0.12332221348892669
-0.04140262922651747
0.24343510701107005
0.19447310826598824
0.28553394313886793
-0.40430844406759525
0.1799461796558028
-0.10755593054472248
0.10404189327581474
0.10989576448397056
0.0509745938251974
0.03771905279520115
0.048934208751257965
0.18873782743928363
-0.15374871357405545
-0.18263786737453544
-0.2010028699682249
-0.022408568268574677
