-50.78788196850884
-4.57541714348631
44.48006841659456
6.679983169434029
-1.086801268600822
2.9433811907386644
-0.9984668556503302
-0.5173404990740962
1.317917859082599
0.511954679585922
-0.928291975917877
1.181767467922609
1.4528434816731948
1.2291291734353205
1.4360102756636044
1.0902427465606386
0.6343112008668097
0.6559905745346669
-1.0907423733488346
-1.012668385757726
-0.0935201538745345
-0.5777610761157351
0.6639394628734054
-0.4165793050318051
0.5692887872996009
0.7402374523868855
-0.2203780214875916
-0.013056297112110198
-0.22238700471304562
-0.19436273757634542
-0.020435799091670204
0.06194654110659745
0.25474437863632443
-0.2888645230220238
-0.12108784111417484
-0.23854011634143601
0.08944400176598927
-0.3765864644826465
0.010716505862596103
-0.1524918737770274
0.1432778601270418
0.17469958626029292
0.022109082082550024
0.3056362555911008
0.06296329748559129
-0.22317701339290627
-0.04807020051137782
-0.10951312301549818
-0.32263750060840723
0.18329551384453824
0.0524835601225609
-0.09421057054759915
-0.020466255601990557
0.08821862250198578
0.19508616872425696
0.07780635926934754
0.0026672666993114713
0.061660006994546095
0.2698779587663314
0.3375696159957945
-0.0736972086229883
-0.0169098490084022
-0.1616855284451375
0.34605827863514577
-0.04230001282284706
0.286534206407087
0.3283637231750904
0.11737225781554361
-0.264819658185141
-0.23536157570115707
-0.014952982331283726
0.07068273010010259
-0.11417062810820362
-0.021352886351411873
0.3104879108644143
0.6037185396552225
0.28799784282016583
0.14029001855397027
0.09503093027094392
-0.06564838219471383
0.29027289069900797
-0.17668614597450805
-0.2518266415511517
0.023288423256926982
0.23989463152103135
0.37569434048292955
0.1118136651914615
0.12851031579377437
-0.282027395287444
0.27321135015033415
-0.19527606695042116
0.5261297148031892
-0.09852919569417212
0.21646501923326109
0.09224688772960202
-0.4290217548948211
-0.046562790922269184
0.31079967585419166
0.030503564071802977
-0.12148414135697315
-0.2956637076039207
-0.18405175443479438
-0.006678836558103158
0.043608291792996204
0.10645784366248931
0.04964250003003012
0.15495246087881037
0.053276356966558754
0.17022735509802084
-0.1147485840521582
0.03092369736985251
0.25456191633810654
0.05407923016005965
0.19731357539087133
0.24110935373768347
0.345599829610812
-0.04932037239285042
-0.07666825102695449
0.22572853558126027
-0.14436366248508586
-0.5020220294817724
-0.0062940484937863556
-0.09341733278816432
-0.3346339359445847
0.22519159801972985
0.0671927570338247
-0.3046208892813717
0.10859088696886891
