-48.342542315630666
-4.719459905696602
-9.44683794423474
9.746946122708774
1.8346435898446094
-2.7750151721838945
-0.9974600082190179
-0.4431985653799626
-0.9423538315641471
0.017212940534164917
0.08705380456394307
-2.3704469081968806
-0.40236488147970473
-1.1983148202701834
-1.4739869513250845
-1.176833498155759
1.0890033621313904
-0.2456672730578883
-0.5252435104377715
0.6467487583579108
-0.420559595101916
-0.9736794736594536
0.2194686319808924
-0.20076673975354964
-0.3989209255384982
0.133902230283709
0.3769992961455373
0.2737541453561542
-0.67511986872663
0.13318090382421469
-0.9253049477107675
-0.32019774537927626
0.5324679039209399
-0.07747659801654622
0.11443315870455323
-0.04188196949472281
0.31436166891014355
0.4790912404681824
-0.10794490650895384
0.18552893029635809
0.003001765853454963
0.053367358445478186
0.0416636408554198
0.1312609196880946
0.11674515209210783
0.028182433470190636
-0.0041490040155621535
-0.20376728832942437
-0.36250228014119246
-0.028030352866343505
-0.49737748738978127
-0.07066348055965348
-0.08468141125563722
-0.004539791028060902
0.09502273851838529
-0.0671965618611946
-0.09621551864949625
0.3224332309928927
0.022463690796217795
-0.14383218530336034
0.02426770548284657
-0.48885899659849896
-0.4384818254473862
-0.6161384798088972
-0.01062531524919243
0.09345192429216201
0.21386278143017284
0.031184576761859446
-0.013309958729026877
0.3199977864921449
0.29263692209574393
0.012623182070884559
0.34583813962612264
0.012779688813830598
0.07874854760700181
-0.15816943175957296
-0.11755739337870989
-0.031046700930385314
0.04328008506739986
-0.0820196478586269
-0.012799654474246677
-0.10259323272752492
-0.04863478081735793
-0.278640984244248
-0.1317397176996193
0.14190889631330575
-0.10631486474784019
-0.09293315965708998
0.308553199330166
-0.25821124351610536
-0.08157600213297375
0.018757814618598642
-0.25544581774774633
0.15425048526329282
0.15250882944875166
0.3861501969854664
-0.41524897948884143
0.3535028639826095
-0.3159427379992855
0.05594773227705399
0.018935576579159785
-0.04041592284030826
-0.11616860846737401
-0.18689029662375806
0.252803955608656
0.06464142812624277
0.4643922144343434
0.12424893410261342
0.11409606332558574
-0.04423736691257764
0.005347819855630952
0.19580887487697027
-0.04329170380537012
-0.2251313536837343
0.25670765539648804
0.30788660735720746
-0.24790898272571205
-0.10017337815138294
0.03226641223352556
0.027582425572569264
0.3882334397393979
-0.304239692168294
0.14802682339357
-0.026655531832391804
0.04306546838776337
0.09072135519811825
0.34263178435246233
0.01510952418304944
