50.01544999859394
-49.95433566931382
-6.680707040716093
-8.613609793332078
-4.9297072221382034
4.437043010892009
-0.2044929309109812
1.0633952204779944
5.224216388722167
1.0172413878464446
4.663560900959961
-1.1741361999751743
-0.9269788114006853
-2.5459109422155657
1.4847632052249873
3.7111599933179233
-1.00800502735779
-2.2349528290602225
-0.01876701444898754
1.4819633837950135
1.1892379931474326
4.013847849816256
2.1156917947688525
0.5432393587802821
1.0282423476469273
1.5240925802287633
-1.3598393383035743
-0.36314196027073287
-0.6279106152745881
-1.8455151708303874
0.8850749064281327
-0.8670824767812266
0.3595839233080572
-0.8480056298216165
0.6572793887141487
-0.10134459180999528
-0.14518478321013623
-1.2300722566456024
-1.858787626310105
1.7490889881494807
-2.325255361630289
-1.071051508856268
2.595965856117838
-0.2141974699328118
2.0827092051632974
0.20210052678919388
0.9348613213090081
-1.267856965448448
1.157668122978338
-1.258720608912446
-0.8714404335050173
-0.45679491601040995
-0.017623207934314877
0.002018014453828293
-0.539823333360506
0.8524116698599399
1.642760695844725
0.4384176592739233
-0.12104595742271793
0.08303800097290073
-0.4054766425299416
0.3027084568250543
0.33843270940506065
-1.0579643562831658
-0.05698591449653409
0.7719697992553352
0.008340819753281437
-0.1369492481874145
0.4436819952622698
-0.6197489865640678
0.5850123435391856
1.2249360685872568
0.058702123809361004
0.5166450089907869
-0.6151973601416239
-0.18378036519470858
-0.11956423998930937
-0.20116946571835354
1.0287125659710512
-0.3175232838668591
-1.1676872565640977
0.627867026207226
1.2135881771894328
-0.011709816703963372
0.32147901275790514
-0.21605882371119728
-0.9495093536013444
1.7486666357583065
0.47009185813511944
-0.11914459067408034
-0.29880324058060603
-1.1238085963002777
0.07546510068599482
-0.5724202911929382
-0.40317938089526356
1.1130455860308954
0.4885248401714705
0.4226740427143004
0.09520625344670186
2.062981889020495
-0.22346052680029366
0.47175982197342364
-0.13702026813963997
-0.8033046934248965
0.7361031497972059
0.018000025624329008
0.9871540652595366
-0.4611494305251025
-0.09743525436793435
0.8291861231664599
-0.03407357394242483
-0.2568437918780043
-0.9606430226292635
0.1271707325040986
-0.050877336949960814
0.902791156946765
-1.5663893916990557
-0.5025244465247275
-0.19377195530318456
-1.0397177931712969
0.515484267331093
-0.12238206554593165
1.1477762560725306
0.32999028733163505
-0.18992867096205238
-0.5158752507375958
0.2606456006510865
-0.3038310796226569
