109.62064063477241
29.13266463715452
26.310559160881596
18.430439340185558
-0.2830229969310114
-10.286190351120034
5.224501690126416
-3.7024005659129893
0.9368433801845469
-2.546320199135133
-1.9456952421539613
2.9211463239604374
1.2641955360509969
-2.3585116999311886
1.710391497822839
0.29418245563534373
1.1964278405947941
0.40526535419743337
0.12868750902225687
0.7304003018376057
-1.1132008972150003
0.9474250285188475
0.8120888365798143
0.10729376439196239
-0.8030841060376402
0.37296520797375304
0.5469227163832378
-0.27367601867831076
-0.1742474219379534
0.8155506016626753
0.1850372975816625
1.0340857085978226
0.07541378969752974
0.006867393197253782
0.7750806601173668
0.08497752126901105
-0.42616348461531883
0.28949100007946726
0.32712083441360534
0.45112997187038223
0.382420755700348
-0.218972504434901
0.8869796359853134
-0.4528843235915486
0.953173957381529
1.1512283193361963
0.8148157440656637
-0.2574517204328857
-0.18066590522595136
0.8813624173701515
1.6176783784947222
0.5687459411041158
-0.3299436005580854
0.7910212908206503
0.2223258484750113
0.21180959130478388
0.9008708913208043
-0.5296433477458306
0.11892125433514578
0.2976423565271852
0.03651991435241751
-0.6657933119256247
0.4343527858163656
1.1482232086046635
-0.4717047139693343
-0.9137660600225236
0.021517854801739816
-0.12457163489940365
0.0579500193086815
0.5278350698994863
-0.6776564675116257
0.41425089725435804
-0.4692034888688502
1.0624721515817526
0.17638563953519734
0.07168767960771236
-0.3722907414870625
0.16342606669604456
0.009994039882503247
0.7764173904876188
-0.39839743624590346
-0.004965406491931994
0.7057805698149229
-1.244707706756868
0.581101450042546
0.6765876560027498
0.13832298184485964
-0.34698328384469135
0.1696741483415578
0.720341784391371
0.46302446856837304
0.10184755899185716
0.4544249547520688
0.7246955696232826
-0.09267144051903958
-0.2348520975506848
-0.5646285034348907
-0.2967696025092993
0.5909797420681419
0.19609648449514322
0.11290116368047075
0.18621706169647273
0.1714369807263753
-0.4890081349249591
2.4212066108379764
-0.245903705110309
-1.1614238929173695
0.8781317492725934
-0.5911357212394056
0.7277954849836872
1.2967833649449976
-0.8632007481336741
-1.1957358327275323
0.4510672647214768
0.09883260876591093
-0.1121709404876071
-0.9427286321833475
-0.23276836706086373
0.31657007818415106
-0.2045452840943146
-0.01189599060783994
-1.0056403378744154
-0.3234015265778784
0.2290328268931862
-0.15923136231064117
0.17597338605349935
-0.7021086551281295
-0.45296024200886376
