-44.00513956561594
-4.3471313664551
-12.172600342838193
-7.29037607565715
-0.7532197414237333
3.6013748057257926
-4.568705173531644
-8.248269921821194
-0.6417460339537684
3.8837195607602126
0.7980780297484036
-0.3556621019407141
-5.097900060340001
-4.3637696672513355
1.2401653990864059
-0.02542739428681451
-3.074171283702989
-0.04615340177233401
1.8140761203812075
-2.1455895496991326
4.523663678152339
2.2682150521219326
4.011998563650245
-0.36480408745249127
3.1989464473697504
1.251109693745758
1.1604300483055812
2.157836953546531
-1.455939362633635
0.58123746660666
0.6428009988465436
0.3991154621733701
-3.066160838906184
-2.813064126075778
0.0413717454120813
-1.9354013097650822
0.4634843661048152
1.1765179408445121
0.5339825718687452
-0.6512348838302107
0.8796483349728565
-2.3706137343901617
-0.5290754920010947
1.7298042367227269
2.849702502234716
0.6929516694484487
-0.12621953085654763
1.8348668067080554
0.9780122848638301
2.5403209061573517
-1.1556616914936502
0.7559820988925265
1.0124429759243956
-0.5218708889695458
0.3243787586276171
-0.7657379149855067
0.628615674597446
-1.4532365066234012
-1.5277414194822738
0.17072953517899897
1.4305721979465083
-2.0171640618265236
-1.3310991683905553
1.7117026344798205
-0.7150135455667139
2.134720104367727
-1.7745891272712062
-4.58013462059902
1.6937749135568323
1.79523719421179
-0.0243711235533621
-2.597215655373503
-0.7662651114438639
2.1458818574551026
0.32779555965602936
-1.229469904086597
-0.24977456220751199
0.1299234991607695
-0.5855492346126004
3.584991938826238
-1.3417159694002303
-0.7792122107348672
2.490106995860229
1.3313147214558985
2.3767437440171983
-0.7578628278901043
-0.4775755560560691
-1.6678340138456742
-0.25587733636311993
1.164357994478469
1.2820877910911583
0.2115946549435221
-1.2246581501103877
0.5806903129101195
-0.8982465249740234
-0.8684409043056209
1.3833789231871472
0.10067319499163978
1.3159599848134795
1.4127343104085843
-2.903530982139123
-2.4944287434619454
-1.56228961043072
-1.7814831906071598
-0.5749702829251897
-0.7501745077458039
-0.42401723402677954
-1.9861753071552914
-0.49850242173311243
-0.899743530346425
1.696875238448305
0.07007671823155964
-0.37420731134954005
1.4672850588164768
2.4685191470138212
2.2061606809241754
-2.520286526969647
-1.3633197201503435
-1.504506172644596
0.6333502395095142
-0.5278946288579922
-2.4214031120272312
-0.37663848308158004
0.6006564373892299
-1.3527566829567441
1.0086356605052313
1.181152290370259
-1.5529074581386921
