-3.95205054050759
92.25493783300138
23.38124256860453
10.938582990860057
-0.9542722855130064
-8.074253074347714
0.4804601797680148
-4.5027589174687
-1.2884217262742603
-0.987211898567099
4.931143153036608
2.4956890851994014
-1.007996157007232
3.4396129721768793
3.3348691048098935
0.5429704727174358
-2.13981380393505
-5.221769055197184
3.4716339965851803
1.8717364885052779
1.2255707965524412
-1.8353429342597767
-0.40476497176192017
-4.481902392651328
-3.7797371557064787
0.6241660026780961
-1.9546868103827726
-1.2259637793626126
-2.3076581641282354
-2.6154397867788832
-5.218545871060909
-0.5149655635587724
0.13706954997711657
1.8043188465286994
2.6156618418357405
1.7995675317629651
-3.164419596023937
0.5353190739838702
-3.391296228871447
0.2812563741300498
-0.2789033499309471
1.1930885534583602
4.512347827768391
1.9655995188322868
-0.11195494420361662
-1.6037335255451863
5.460905193712035
-3.509748468218876
-3.2649170688966835
-0.39402683975672775
-1.410708825787245
4.973779251454481
0.47996993926037024
0.4711793185467231
-0.9648687490472236
-1.3412865547456985
-4.228899597193703
-2.0662098898227734
4.619770414397286
-0.8039254538822866
-2.088151754923304
2.7973404677284606
2.1071586006545773
0.500792359866251
-1.909096669334977
-0.44595065861309324
-2.619808184328916
-1.6153587743650002
-0.33780582514508134
-2.23773025636672
-1.1266471507946578
1.9048931498821011
1.9026270480047671
1.4674321255239045
3.5906399290599924
-2.061181039075709
-1.3687212308529688
2.2754578038467965
0.5603415476767684
-2.495125522027778
1.4746437973102
-1.258718756891795
-3.8660689645074737
0.6641792558309562
-1.1167747055101573
-1.1191506162108686
-4.139688083195793
-1.7417586190020669
0.12896023103316356
-0.7960038284204071
-4.2478010121576695
1.8362776451697471
-0.7500604434999643
2.604675252804915
0.28156470222995905
1.9194594612194802
0.013237433183221584
-0.1439014653423217
-0.09285108697774846
-1.7372398963772449
1.3486950464845888
3.043523883048493
-2.163807505971199
1.4795769452726566
-2.4087707693138056
-2.2424024078866194
0.8668932541724573
-3.8746032329498568
-1.632936018366249
-2.4169109895675907
2.0828456950365677
-2.0643045856818314
1.5402637458559518
0.6321106487603133
3.343267180468188
1.33057748542539
-0.41561367633858226
0.46019488607307324
-1.2083403516322946
-0.21644597894538709
-1.9029443700558308
0.4215688599202164
-0.439697285745924
0.04272780440247807
1.6338003939137395
3.361146612380602
2.2747389418471204
-0.16662058263602755
