91.20459178670993
10.297564533765936
-44.341576018142334
-12.90274569388072
7.984608121726759
-0.10370886669136509
-1.936995704988888
-3.105266723976654
0.9146107697637005
1.1064579682334408
-0.010503928289436137
1.6240414347440721
0.8246276317114772
-0.4830237328632766
-0.19009949593269068
1.0543516993321713
1.8793497881476187
-1.0654353383636699
1.7960802283830177
-0.6534310336358391
-0.22373637778384375
2.1202248602335083
-2.3135968605011823
-0.6590502435016489
-0.9554328216809128
-0.473250901955082
4.071071537296554
0.886039535246415
-0.22569003279788163
1.5294308761216486
1.2473169292664639
-0.26826863656841654
-0.9300265452680692
-1.442853597201158
0.2916116660905053
0.37554160167093764
2.579699643214104
-2.228140923804406
-2.2371149502967946
-0.1830755652676622
0.8034484360421752
0.2580945726783301
0.40988099809247436
-0.746459114718079
0.3413085669588467
0.6079663217528438
-0.1351511246215042
0.6549404158821716
-0.8306348259092936
0.3820548235734422
-0.2643339574899787
0.07791809243772864
-1.9523795314525514
-3.3405167285173047
-0.15429874081192263
0.7215524223533089
0.4243430867373191
-0.3547945936229641
1.1078379340303917
-0.0027230173964900295
-1.565010969779515
-1.0561206405652566
-2.1756273597950333
-1.8585603506095045
-0.031750811369330875
-0.22202988630642123
-2.039685837178865
0.6300802246208329
-0.8058146935584772
0.28058035165361217
-0.8009687359912505
-0.4248144194714308
-0.08177170317598478
-1.8252607247510682
0.21408247574718656
0.3906791886307066
1.9001792766286276
0.18210596671002144
1.3260412327013447
0.8918069006091522
-1.1944220899317792
-0.9584345147808869
0.5090557124691694
-0.12690544780046303
-0.5612555610140845
-1.8276584033676193
0.28454277642041714
0.27126005459609676
1.337169643808765
-1.1692304226998516
-0.7655034522622947
-0.730055357615661
0.010117558481491599
-1.1582770296462503
0.1574077302193718
0.534243663866783
0.6387587958659269
0.10382666021358897
0.7740000830594788
0.4460074116278067
-1.0453231455747374
-0.6340053659667673
0.17430283147242723
0.9558283445007523
-1.9392968086163864
0.3554600651143463
0.7452955289587527
0.4547786327193463
0.7817242656326894
0.6811026372082398
0.37702595483876383
0.5882777547241301
-0.21093978355315665
1.0833520221866615
-0.327785846555259
0.8408582992039405
-1.0187271717224613
-1.8101580184534587
-0.008278958531338206
-1.4853369250191035
1.0253834447887744
0.48332725678761934
-0.8031442118641579
0.14006157251454512
0.5444305071936679
-0.06255113294167546
-0.6720499422003684
0.9837602766571097
