-42.386610147199576
-5.277453344066771
-11.271785444934656
-7.6561440526396884
-3.973706111450057
3.8764088875658524
7.4099719032028535
-0.8285072164921451
2.6071357343767403
2.6600729509294485
1.5993219385646293
-0.3513805632230243
-2.4139299700736716
-1.0913621915431981
-0.7655253715681543
-0.7994835810117833
-2.7382964922384527
1.3122075251456504
4.619997494685403
-0.2590627959940206
-9.195700392096837
-4.608719492954942
3.961317615954658
2.3028308326671585
1.6148145041214896
2.942733010032733
-4.233673314004485
-5.130476928074871
2.681230197977845
4.099564484733225
-1.7765691596955573
-2.4941090857554
5.709040470769475
-0.8977728098121832
-2.060810123439126
-1.5018329377800788
0.21131899601469395
-5.037833421468637
3.1341308342524283
-3.3319504710684114
4.462024706924929
0.030242644106938166
5.818362823189153
2.227413937998111
1.1262074980828658
0.9015682610918542
-3.0360467651778063
-0.5405076154079202
-1.2574805033898266
-2.761435067207994
-3.129448516746776
1.484762821138378
-2.291110786422283
-1.7135000384741028
-4.181088350167299
-3.7598669804133396
1.9790833584932672
1.571482601769803
2.938897691501772
3.917579131519845
-1.778469669615239
2.5866029320473576
-0.38811145376587913
4.512256843300521
1.5315305828299575
2.0237452190658445
-5.2334836839557894
-2.1830932758199877
-1.2342845787928958
-1.9845451917961296
-1.2989677674477709
3.193805417437557
-1.502596146325752
-0.17118928365483213
0.093722775870574
2.698955556137005
2.8496641052996137
-3.299669485444402
0.12740864343187652
0.38499129841181046
0.0692355740542881
-3.9867613791419036
2.799378155023357
-0.04877429469823916
-0.6174497272418243
-0.44493471304702925
0.08298183300484435
-1.3648985909585811
0.420721303799259
-1.743847979554559
-1.3711212719319807
-0.8280954866728492
2.448371057157573
-2.1955359411718973
-0.568582784641227
1.0554508044795035
4.797359476782661
0.38094047043592544
0.223257715564061
-2.833582479885521
0.3914808281126718
2.010102857478277
2.3339657076592215
-0.5696620681457236
0.647835944507291
0.7560322595248029
-3.812597801569658
0.5904503085928963
4.650048032403939
1.2352191809880897
0.21166502276896226
-0.7300345038221091
2.9746421195204675
0.7840709981220729
1.2047549988010318
0.4527575134286891
0.9020272038777014
-3.665906963337477
-0.3708783451570339
1.7998293876506422
2.767685119394729
-1.7800697992917573
-2.151767868008398
1.600865494909164
-0.0022795018869234684
-1.9091917761638346
0.8320982922729512
0.6793165800113999
