-46.85990880261229
1.8896883612972992
-10.350494931267242
16.010740717680847
2.7601394225955342
-3.8171404001397455
0.5182825741825391
0.24217663618288998
2.420543732902961
-1.727684675361512
-0.510086608042857
5.984200134319366
1.8210231588723849
1.6430793368520584
2.4991610916490146
3.6894449438487147
-1.3815299970624455
0.4111482803326647
2.7814721207408226
-1.9537804558636829
2.4214974761439945
1.5568346820630037
-0.05830506939767732
1.887491544415473
1.6147560197174613
-0.9306537344697698
-0.5537451014218749
-1.6786022413618211
0.8524136781543339
2.4282499019333343
0.5435001418958073
-0.0662611146983121
0.7246142627779166
-0.29335471229996785
0.36588267998894863
0.23579825239981783
-0.0012425955355943458
0.15641722163710986
0.6833847893263998
-0.7870100907245032
-1.0679593600651172
0.9544115759903088
0.07911264112524813
1.4634460971089371
-1.1316894324911584
1.4285400836406892
-0.38091092379236147
0.7479747581396526
-0.1341190668596259
-0.18542306633587824
-0.17990955891845875
0.8853660442719858
0.18947874643460216
-1.282325265552591
1.120463434596612
-1.1181578865424695
0.6110961883088902
0.6999537512339027
1.1830015538517464
0.6064570835508297
-0.7169119722442584
-0.14122636849694087
0.7591580057952518
-0.35050769764164896
0.5432123140446559
0.3466377923393181
0.5662201543690364
-0.5511721465254336
-0.010894361577166445
-0.6489274863576485
0.11135215699212761
-0.3700699344067066
-1.0414037400955953
0.4607367546058968
0.5800309582422081
0.021936834512368192
0.0577922419038695
0.37650739230290065
-0.6507496278867329
0.0021126981375563236
-0.7395247650175719
-0.02246681000558006
0.35375452699086857
0.4064957241189798
0.25782059597162066
-0.02883779888424589
0.2709696208620608
-0.569779518168019
0.11764267301510703
0.49983157485577434
-0.5201022168007142
1.1014876514939562
-0.31028117316994425
-0.9989200551982708
0.44121266449503427
0.18771956136835563
0.7014246679247973
0.49995634658878235
0.2790722176786943
0.023444136179426298
-0.01286973534764295
-0.389079998454697
-0.7014153196680146
0.038509452876727496
0.8008990642940446
-0.19007321857893802
0.3605604994332494
-0.20968643698534664
-0.6273736240503629
-0.22681599438140915
-0.5178175530754644
-0.24741725444787557
0.14031756518033076
0.3036969002109675
-0.0014903743043616913
-0.41785397589913936
-0.5328941076282012
0.15557753323201606
0.14514694413503873
-0.40755264531303637
0.6051103826303041
0.8559887002693634
-0.2368657279359754
0.28826572349442564
0.7439930184865946
-0.6551707056771459
-0.22587126726501935
-0.001970126879653658
