38.38817041544569
-55.574388460306324
-10.28639632686831
13.413241547521576
2.465786428271235
-6.3355177266580345
0.5466533704276136
0.8437295242386907
0.23868351393751636
-0.7062717961002635
-4.720392868447977
-2.3729001332286
1.0563252219771049
-2.307325462106933
-2.213361590382404
0.5465680329840397
-0.04584325906359668
-0.5056139505475061
0.5224189232410875
-0.9617293904269547
1.7843660105576475
-1.1870148784162153
-1.1966736698558504
-0.4513706183857661
0.9606145545740751
1.882217047123643
-0.677643920754476
0.8668565093520503
0.06506128974204062
-1.4243166682747583
0.2933280767766358
-0.49701994455257587
-1.0791320084036975
-0.03401341358954901
-0.7160499919363641
-0.8301043271896402
1.1840730511270163
-0.921847100705818
1.5809327894588732
-0.11459126610539265
0.4137181471652608
3.3929556663285507
0.22031286347133935
1.2094561643199406
1.2075784502368918
-0.5564086325868626
-0.1032189924954758
-0.2035588974674606
0.18606823962992247
-1.2800055888555835
0.6594552961263493
-0.3598363476561871
0.33811596615793055
0.5045016503442342
-0.2239322396384981
1.4025450590635558
-0.5204399314651007
-0.27570519832795126
-0.4179422365085202
0.7384943375633519
2.5356799771919816
0.7347288107469875
-0.20927720117992418
1.1125510806299972
0.05352235224257281
-2.019259893866669
1.4306804581855914
1.9582765220278013
2.7648357736534557
-0.3664013135515857
0.4842289716567707
0.8586790724339965
0.7115563157160214
1.2230081285243668
-1.1387072880931555
-0.12249942829280511
2.3739639011612357
0.7896651066612943
0.17257272633729923
0.007863403736804123
1.3008981012861807
-0.25878678771013375
-0.13010414567682285
-0.8318911771150103
2.165507627582362
-0.23679628062198368
-0.5029624507345637
-0.13985645200947106
-0.3360999168542981
-0.7230820467129215
-0.7657069324596706
0.6202208240429072
1.2762897626707108
-0.5726923377789087
-0.30189432654813386
-0.6914327429375008
0.48309535839610485
-0.9158898900492948
0.7193103878513418
-1.4710747113025882
-0.07318619434784879
0.9710490373538077
0.8896041231116947
0.36499202797215385
-0.4082275493261225
0.19148062155035997
-0.17953631780887483
0.45231743912719125
-1.8012568164498086
1.6339048276985306
0.7716248564363977
-0.09094200101497861
-0.5827078662022394
1.4488043010341702
0.45457864260721825
0.055613930699566626
-1.1213208969320887
1.3363883319104854
-1.2494704640905392
-1.8079398571255516
0.04460313386089934
0.012221093354201379
-1.4518324363715327
0.0417101859289723
-0.29455979974718366
-0.5966753507323879
0.26443533512080325
-0.4054341810870767
