57.054317284754184
-56.21826760072585
44.395312773009756
17.26207905653252
0.5224596568169304
-8.850444841378906
-3.1620146339526305
-0.1750549872998685
0.9471252744085958
-2.2097704705070136
-3.2423884765060165
-1.9550814008566073
-2.60273110223393
1.5601730720440996
-0.08737794218381856
0.3251728478220015
-0.7920898623855321
-1.4599584283064084
0.22460914785690006
0.9025895082138714
1.2147113784496983
-0.7395955415275933
-0.9934772865116674
0.6912210593618224
-3.25453117307654
-0.25988849307973283
0.36409702366306074
-1.011066855262428
1.9139986469225905
-0.1487437379408438
-0.4463385089371014
-0.052728514384153546
0.21130558260455076
0.11470806302926012
-2.0053681295930925
-0.6536777875864506
1.0801199710258431
-0.38436302905556596
-1.274925346031856
0.814533327758121
1.4298105849606504
1.9881571239004434
-0.007986493236966707
-0.3756763279256325
-1.1440873120662567
0.720595616701656
-0.48116460362279545
-0.9130796898935549
0.14131228400390355
0.6131459671908079
0.009352322579729816
0.4731709364279124
0.5717560687593328
-0.9768942704013235
-1.3034839481582154
0.4727606339367161
0.30561301822378256
-0.8658934013588057
-1.5049831333441246
0.051747710389081034
1.5863722484010563
-2.0269430783991376
-0.7515147759802507
-0.36744703831668596
-0.48407259108140527
-1.748127641022398
-0.021672480824740603
0.7096014720252105
-0.14382479120298844
0.5035589769578518
-1.4645199526157606
1.6773011448652115
1.06435273325541
-0.44425990073862526
-0.08162414456015837
-1.2662315423609567
0.5803281143925472
1.0975612248505755
1.0093904187374119
2.0081245865825874
-2.4334556711378132
1.4370262291376463
-0.2969016767397228
0.39622206730498855
-1.31566695720919
-0.9451361473529704
-1.5016538735852871
0.9892347929183015
0.739182226236123
-0.12072854107475593
-1.3096072062691964
1.1827658531509775
0.7464137042831751
0.3607484120038388
-0.4284326187953449
-0.9609293154544328
-1.1492791727821154
1.2592930759523981
-1.2245962748952377
-1.549693420070829
0.4229880702289157
0.05991542947604803
-1.2954352404092235
-1.5198821983535116
0.6449809187727749
0.4614591524160751
-0.2549226565278877
0.4626421066834543
-1.7211518521735183
1.0864906971025188
0.5864590894464223
-1.175693282821283
-1.4250747908053625
0.42231113600647663
-0.7795296144726187
0.11880782992402472
0.9265367523861233
-3.9484237974537333
1.0671222629907506
0.4066784782157193
-0.1443479735388814
3.0427503727754748
-1.9652720330257853
1.1900551533840016
-1.165356511739551
0.9189448486033149
-2.2115354531136164
-1.7107382680714442
