-40.42086125091193
-0.9480069336913487
-2.437529061566385
-15.17194962809803
9.14751903221289
-0.8388065881899247
-0.40821147020548676
-0.666726368858918
-0.16695465847517987
-0.10123557017920146
0.11652046963807378
-0.3235710181864023
-0.21688707059029005
-0.45269702123813266
-0.045112899817030094
-0.019049575121913985
-0.20447299638885696
0.1787902388164213
0.31945943083153394
0.14548582905480317
0.09253413794282625
-0.09609429762906756
0.09056767709722213
0.14123760592898635
0.009977699322186229
-0.1581849319873364
0.4987923091490356
-0.07853236691031254
-0.14237823591985727
-0.39471495924356154
-0.015993533208452385
-0.11490673882938841
-0.3333029148049398
-0.5681243463953871
0.37552688071054857
-0.31883597718934864
0.15334004094556303
-0.14426655345189204
0.48465021203786013
-0.15835067110546863
-0.36119224415632173
0.23788487492052146
0.2742792477573915
0.23352228489816615
0.39995355055489057
0.2785978367298706
0.010560772529298351
0.051512697597588884
0.22221935763388814
-0.039084516668601556
0.004463815321079527
0.2536581262011729
0.11302176893442246
-0.2058093849959885
0.09380482768495003
-0.05910144259382331
0.2895841142691241
-0.12082156801185322
-0.12263626228360436
-0.06588121158020727
-0.14406618828726508
-0.721404768393377
0.0028053833893055546
0.17961256281847698
0.17215093861656386
-0.06096100161852204
0.18831851075056266
-0.01799884837332219
-0.3475626060137861
-0.2855468721155235
-0.20703768797928718
-0.1834425752748466
0.47412017924327166
0.08700165898609588
-0.07046889287859937
-0.1319916591698827
-0.35384709876732034
0.49830548624545146
0.11166758475310182
0.16777265401451252
-0.42852393089221574
0.0050208666185086875
-0.3053400365689866
-0.08894679705309887
-0.009098772062489324
0.40153243854838006
0.12126727046518619
0.06984091446573047
-0.13514436883105266
-0.36467599071891876
-0.27998974880752725
-0.02743079376661555
-0.18760486905610507
-0.07029614457478071
0.10384768442403072
0.05007511831540745
0.2681622465077006
0.09169516763002615
0.5221031683375609
0.15852051893154462
0.41411573942862634
-0.11599352290564482
-0.34958165898805527
0.01685470610430426
-0.007905507671783307
0.009402778298722388
-0.2689089376214675
0.19138731105300316
0.00946778728040324
0.056321039149304516
-0.3080816464767986
0.22357645972005574
-0.2427170037887511
0.09248276506374688
-0.8581142594125755
0.6324381938796237
-0.003954390568459337
0.10186423452106033
-0.06785620914722987
0.5847365722483291
0.17936342496747684
-0.13895139077140953
0.15040810511833874
-0.5247367000399453
0.43175129682497027
-0.4048937185461593
-0.09614224153703678
-0.24389845230922963
