109.79955483961066
25.595875851420942
29.031509002179426
-6.005765165063183
9.194538854103437
1.3793633533068648
-3.123341839967895
-2.8740300375928873
0.5022512295638655
1.3052440909863114
-1.1530630699912694
-2.991477837937017
-0.35857501963947586
-4.527724396602522
2.157941783518618
-2.1379374760019254
3.364271017630953
-2.7118821001520406
-0.12083591262169856
-0.4198556854976105
0.8360778511530877
-1.2275104165940829
2.1784057218313033
0.008201740724896447
1.7481053139164284
-1.7462252583133717
-0.41708911490086237
4.164017180982168
0.8008935490387838
1.4796283550182108
-1.2576706049651687
2.616337844169607
0.3534502017469195
-0.008769950315437286
-1.1996206821005033
0.06249701339132813
0.11101310631301092
0.5572556374545965
-0.169430550096537
0.23337809058195758
-0.6411010610576253
0.0673467269224603
-0.763158916515079
0.36549335873759864
1.1003054747559915
-1.3262721586595614
1.0569988445631655
1.4268934690632598
0.5739470169630758
-0.6010981766763591
0.6733650367164431
1.7587347969926874
0.9620897457520119
-1.478573211962674
0.17773232089651364
0.08736905937665415
-0.9960230269288394
0.6512740258888079
0.2534550365798127
-0.9493272211828712
-0.6448201981775232
2.4374521006117056
1.5033241895035265
-2.1238385329846023
0.2953017831837371
1.8772747732916293
0.16336410282112407
-0.7737402641155913
0.6442554265883795
-0.06234642458126308
-0.6196772589409639
1.1322683000682159
0.1521724070753537
-0.6337871438800776
1.153151373253256
-0.43381804651044564
2.711483209793232
-0.5439562509306064
-2.1170329049927123
0.5748860379503511
2.238985043287741
-1.2343733065080977
-2.380788552656066
-0.7135729432766308
-1.0892575821764998
-1.3153219561169682
0.6366269570211022
1.7437769430832533
-1.092883499769043
-2.022706189078125
3.149238945494971
-0.8339308335610112
0.9438495862103526
0.2710314476286771
-0.5572922687286699
-0.44178246819340017
-0.6409322442076645
1.6950446649381625
1.1516436054074888
-0.40570314530223484
-0.5353349035637484
0.9171252529665777
-1.2244257482062304
1.4895656520223297
0.42783917361185503
-0.7857644887169023
1.5346533486304432
-2.5503111267476575
0.5354912604161177
-1.1337537756899874
0.859074683903893
-0.03345533267920686
-0.6394671662534391
-0.41916353180535404
3.070153702637699
1.352471051709478
0.17427995460264803
-0.72756295711026
-0.27083174048303865
0.19517289374237706
-1.245200470756157
-0.322259929402848
1.8395247290298842
3.1302777163953364
-0.03953567720194457
0.515325277667188
0.7240599747895694
0.24021943972288157
