77.70849097329261
42.85140667045851
6.839351964031208
16.740069920335028
-3.650835133095664
-11.308606332206534
-7.528160896473334
-2.2549730873407015
1.1201394483724594
0.17973757192646816
-0.11766178614269779
-0.9517114988844307
0.5319298208317997
-1.1086436998472005
2.055987958044059
-2.821513605772724
0.41824674273886026
-0.5201162835244105
-1.6518936002530262
0.20001753596599536
0.7068291909427251
0.5082986022355451
0.710557021651314
0.01348072339258427
-0.8530414504588454
0.046821840842831364
-1.2767699057276156
0.6632336516443155
0.21615117765901806
-1.3031440768085738
-2.144445189298261
0.4925960720221408
0.19691734547016515
0.0396838218436892
0.1860940085423302
0.7955764006054967
0.534477013063028
-0.7577915393003756
0.19217449888414895
-0.030794586156739148
1.4672942395992457
0.2111596140755816
0.34142832781498245
0.51639939145407
0.19306886093793746
-0.7085652203858208
-0.0907092132966777
-0.6697081751917897
-1.2915914023211224
0.16254480863826826
0.34161929235416527
0.13345381080689703
0.45623869103145764
-0.8376034932562731
0.7659464056308145
0.13950771869315723
-0.12304469634432424
-0.5101051909745158
0.17686603996775777
-0.015190246427716547
-1.3223481941936361
-0.3105935141526065
0.16240354311847466
0.33906587355959483
0.20453450506529433
1.5667658591994849
0.7620107285018671
0.5649490368301585
-0.27407066904805955
-1.293269870434403
-0.5099189691664118
-0.1965939006762361
1.2729157966881088
-0.028834034322850338
0.41308723119932356
-0.6457328182833719
0.7008937629507255
0.4791433608243627
-0.2441510854752496
0.5485597823602363
0.12008258932932217
-0.27964411022091157
0.7538698446872181
-0.1791305446445086
-0.10356713462901879
-0.1458334554049843
-0.3790621613383109
1.5545624208552387
-0.3016917240868044
-0.19075546084037223
-0.9481995240476065
-0.6291771990467454
-0.30611446957131266
0.9837956072769589
-0.3703589093720304
-0.3688734604547159
0.4515667679091954
-0.47491178943039203
0.09702340713727244
0.5756673306266127
1.2007309308012557
1.0660388365661793
-0.8184609059500942
0.29448077911115556
0.2605516849764166
-0.39134586853498443
0.7103556125673798
-0.24845796400863218
-0.7739761269409136
0.3983225405135332
1.8566776461749663
0.5270170531224994
0.6584614882645526
-0.46437901546308086
-0.2747794024960512
0.6013651466921817
1.1717648690485258
0.16683802692081762
1.2434987180235815
0.0427052684141499
-0.6724785612895277
1.4349844373821827
-0.38553152834382987
0.25992982535320874
0.38733204499335316
-0.5856832911120369
0.3774784233689643
0.013029873782976292
