86.68647785426795
23.496662757349167
-36.50345477972377
-4.788489057933461
5.6933694710742815
5.1632334823318455
-0.9185273439848385
0.2812617044278226
3.8135197834114276
-0.3049568916478909
0.3265282555507594
-2.5715012547378007
-4.214221568714996
-2.6026303971481175
0.7595693763360374
3.3213568570680514
-1.0802263411798532
-1.0935912120987394
-2.3388611308392218
-1.0741433887814904
6.86632215467735
1.8331628234753181
-0.7905726476887959
-0.6342544860664131
-4.019326078936719
-2.268456905974242
2.643712304751412
-1.2820487657440292
1.1394319866193765
-0.47566847309592275
-0.9706736001320361
1.0389239787827524
3.1719325399865075
-2.819026915234758
-7.13604081632668
3.256975070595601
-2.998499564652519
1.732151053358026
-4.7476124488348415
-1.8225675788348534
-0.5988003933687032
-1.6120601159989285
0.8013577340738598
-1.454242854265803
0.9287229172114839
3.9818127708076485
0.22613338815689094
-0.3920126629071097
1.7282377126982567
2.0256738450493827
-2.0897719220945126
5.303157582324644
-1.6944200838479135
0.5473502688457283
1.3914665558953714
-2.1439352441153727
-3.1413290647124175
2.7500365963818076
0.31797546447477465
0.33689035176554166
-1.7593241671992448
3.2891279279089227
3.408509827562107
-3.1454105321927113
0.13249437621107313
2.264627646302565
0.8512856912244129
1.992366773371331
-1.4460741155457915
2.2002221878456933
3.9164321649613845
-0.20353804580424195
-0.5759806595685077
-0.9357192665927727
0.3469270680961675
0.7120225572362491
-0.730299216912402
-1.2807758197336887
1.8398492526785457
-0.10763452886114466
3.676568593853598
-1.8398167795443279
-1.1735754522175996
0.3266686622737221
1.3705953604806231
-1.4513796356409505
-2.8880400093756577
0.37766883357258285
2.231306628282072
-2.6174320689738204
-1.5887596814656795
1.380692340307047
-0.4706574186172685
3.2569244812990474
4.469936401341769
-0.4042200419614382
2.1422587346470294
4.865355655148043
3.548905477469176
0.02650109174866226
2.7869993645207733
-2.4148616136830703
-0.8662562157192308
-1.467526318301034
-0.9993072048762832
-1.0467889570684907
0.4930836650082182
2.3110670407495473
0.16743440443157942
0.4125247473043953
-1.1758199366470417
-3.16852506003226
1.7595004015046993
0.4146656543184425
-0.778567809814902
0.9429107604137055
-1.7676057874150344
-0.9191759438914481
2.031122707955305
3.2612649291964324
-0.8136761569726242
-1.212941787099247
-5.278960059795249
1.0854258170302995
-1.5435850102165674
-0.8487718248292749
-0.29104487157496256
-0.11524270366623066
