76.16777978995003
42.501040634087495
7.7805285068572285
10.157970172239256
-0.3220133897372257
-5.2889801682921584
0.546221242411927
2.607394823307854
-8.395078144007245
1.2149283518952274
10.15271836273738
2.0302599702521573
-6.428957165107514
2.4762496862579786
-4.930083338462356
-1.3414862076414709
-5.463691555139714
-0.06947951698813945
3.0283339445811683
-5.317091219675014
3.537268187121706
-5.867870355466746
-0.6200367244540129
-0.640951991182106
2.220114579563225
-3.122420159872508
-2.61494038254146
-3.0092744915864467
-4.870511941902431
1.1911404004792474
2.5478990427822343
-0.24528149175818764
0.11754496142476947
1.5111155843510775
3.331359419342958
1.4449415412680258
-0.6207105938224426
1.6767725624928658
-3.647629606609936
0.5224091782536721
0.31401682100535333
3.574735196096821
-2.0080960122779414
-0.8398624761456798
-1.1082786882613456
0.15966683561939982
-1.1113047289258975
-1.0344521865384084
1.1020074742595924
-0.29968021255492544
-1.2729530442180166
4.87757569654345
0.4870265388555279
2.141086561310332
-2.437346474920373
3.7704796860706846
-0.43484318210922135
-3.1329566918086273
4.328783863664372
0.10340739005238872
-1.0475451468580028
0.7332965362039497
5.632857548323944
-0.18493513506694192
1.4058253530308273
-0.12790709183935473
0.20028267139858552
-1.8262779710014843
6.4720698062063216
4.905161995729747
-0.41346413811770544
-3.310498448534679
1.314119761557683
4.421804863358377
-1.8541577576332162
-1.040413555490308
2.615609125977412
-3.1720654714674126
-3.9252870556582007
0.6678778150227385
2.426916688235458
-1.1793485020474443
0.5854663811060524
-1.751429099040586
0.03198275803302722
-0.08000132993143247
2.854003574262102
0.1401438759870804
5.008084469141816
-0.3560895192010893
-1.397694942283628
0.468966390666967
-1.840884451838929
-0.9913638361939464
2.1926583536782647
0.11331758691971466
-4.145519116351242
2.1909509469258377
-1.0909516597799973
-0.6299698751316162
-0.7566871283926833
-0.13386312486846175
-0.38344295831658004
-2.110729674779804
3.205132630556065
0.40332502535335457
0.8935752504156562
1.9524785779319362
-0.36712042414119744
2.6405934140369114
0.24248870025768032
1.4524528195727542
-0.7947509495851488
1.0579310808866096
-1.9216531954884484
-0.7885552228729034
-0.27394041018399423
1.0674745617527168
0.5690741879577884
-0.32499786540306996
-1.0471241634653108
0.4926117293398312
2.1775703530224795
-0.34301182033193894
1.0384467895390708
-0.23463110576391363
1.8676118122494052
-0.8058746535824725
