-42.493129075744704
-3.0533129537325965
-11.262752511466942
6.647334807562642
-7.481094027292573
4.966540894481604
3.6450051203594542
-2.6093885420036202
3.210150230080882
0.23859347754437205
-3.3718330403561714
6.2427125553716145
0.9107113163948355
-2.152459697687044
-3.1747599672027285
-1.066372797887793
5.65902641922065
-4.798009357493554
3.237109750149349
-1.1186094108987825
3.3875830726495773
1.778329058365494
-2.7097931773118584
-2.1842071085095855
-5.443930522981017
-0.9795404148402439
0.4174928110300428
-2.3100812298415354
3.759416368593831
0.7475706554750193
-0.6077175957558926
-1.932939364667557
2.165115387024906
2.7171877655714614
0.3761766925576375
-5.43068275275688
2.1871920479746167
-2.605603983931384
0.17558947747982367
-1.3760488151625747
1.01027755966966
0.7367075743944614
0.9905104400226162
-4.096281235273354
1.7312808564915274
0.26414635797139807
-1.054682054364193
1.625704350221605
-2.177281923558871
-4.719305513285643
-1.7406743349175433
-0.7458126703432472
1.477901386606671
-1.0880836111728192
-4.722162239931385
-2.5089173133354983
-0.2393824161973886
-3.131619479089907
-1.3374639218242688
-0.09725429300876015
0.7225949939211105
-1.754803181405804
0.3007314070720779
-1.4538734420666453
-2.0316572448185557
2.166855152150347
3.4890876157818727
1.7655927361828094
3.8915128674213073
2.15996357278336
-1.1534495684049175
1.514436565612214
-4.763625182351822
-0.7013157413615533
0.9388974531367873
-1.7753795801137424
-1.740435056002653
-3.5610839476981373
-2.8085323521049306
0.8170158473678353
0.5298827100593705
2.8312178264602634
-1.1877214677826957
1.652557877572538
1.412221870285079
2.080039012535024
0.5715650552654175
3.423888181215411
1.0922174580680253
-1.7456754674251616
0.06967930868997194
-1.4141461889179399
-2.3115593907028886
-0.4994980852735736
1.0047852386439715
1.4409438339211977
-0.38397841675640143
2.5505262209201267
-0.3075855835474604
1.9881768938437154
0.13765739918275183
-1.0114993591868224
0.4233606113983078
2.2772313864502745
-0.6816834633066449
2.1451025339730836
-0.8206554804014834
-0.4323062593333978
3.0151563916488135
-1.7864241819548574
-1.0233658510579713
-1.6335760984640713
0.09185737518948964
-0.3033214399617412
-2.1326565804102913
-2.3925039350588335
0.11050930365753969
0.9300923893760229
1.5723344180986596
0.08866521465917607
-0.2942736624185207
1.6114942018182754
0.6882394369252657
0.1492981766607152
-2.892973123952609
-0.051995456171414774
1.3696649368516183
0.3511503482108602
