-40.914789990151135
-0.822860459586805
-3.005014983627661
15.279460123904382
0.6010198803729085
9.18093738505666
-0.17421582299408628
-1.2494882525965703
-0.18692325974946525
-0.36404204638388
0.06426337383990037
0.08827859090568611
-0.15738293267133968
0.5676139484426334
0.41000394184614575
0.6000817660091042
0.17966848845827957
-0.8780063777887829
0.20859679383015892
0.09453658884782772
-0.09752340609377363
0.34940690907420435
0.31175769257610214
-0.0756383490696502
0.2218640062207558
-0.04407489909345191
0.43679692441706763
-0.15891455899279316
-0.1141101990825373
-0.41037602189965766
-0.04939239169726417
-0.08162150660267464
0.4975721504234485
-0.286819648959437
-0.8625244410155763
0.4969796714997456
-0.3628012352642052
-0.06349248450158967
0.18583176593619524
-0.19633866777380454
-0.08272662646896588
0.2577430915060256
-0.0724454816049756
0.13212057091007212
0.49622348840472985
-0.28442966251464963
-0.23478448967309284
0.4676010519825538
-0.11131685581152305
-0.3246372471750128
-0.3300350252067139
0.0838047939583338
0.912738813061431
-0.19740269873802901
0.033611462097879005
1.6330701384593318
-0.2269689648927831
0.41241630188019857
0.24067713870940674
-0.6233911901077687
-0.01559641349547118
0.43975021241004925
-0.038462707120480694
-0.3147329147619425
-0.2669680622316503
0.070196154068642
0.5441380525505043
-0.3861749687742495
-0.40952102048010586
0.4498970916290254
-0.43539950033355174
-0.41307543783459266
-0.31485924991719655
-0.20596062321968722
0.12248779473189057
-0.3755174673646737
-0.49293131353370584
0.012396910103232735
-0.14004364449246848
0.8029526616410919
0.313037165451245
0.008193377852832279
-0.3832193276187636
0.8736782319750538
0.22976563500837932
0.19978317868477832
0.3868899953245755
-0.6500440946164637
-0.15995950898464711
-0.11968721231560275
-0.008954079768931408
-0.27804279911784563
0.22586351334928637
0.010876617567957575
-0.2191061049621712
0.3067292708267179
0.07134653067259292
-0.17400751350635685
0.09804578450898718
0.3539176169526947
-0.2928392202574092
0.09347080742181615
0.5863431834661355
0.34794146267856285
0.03229458208479117
0.07211107619750234
0.32857850680510536
0.06694296452154687
-0.07843385920764433
-0.05810664664504054
-0.00944562438927128
-0.46133955149342026
-0.13300683612833725
0.1563931331949109
0.15650693162138019
-0.008951153810123472
0.27767358614375964
0.057994627159222836
0.34522553665477784
0.2826570094819155
-0.21417884833607853
0.10964123745121887
-0.42508349713390164
0.1674395217262008
0.003176923979426434
0.2890584161555243
0.04914408218056625
0.15805520002364165
