-26.82348815400625
2.7793494912547283
55.502875501958556
5.733877325061006
0.46437490220342437
4.245648706154459
5.683058871699772
-1.0991177978901787
-3.463254977023437
-0.44434321284728684
-3.5310743554384785
-3.0012521847574636
-1.7157323209921502
-0.9671331319285639
3.578670702726797
3.7415866477030675
0.4028651196860746
-1.3860743819933878
4.4234941423171295
-0.26132355837357946
2.4709717015797388
2.887731059188347
1.0148274375122324
-1.5847383911516488
1.5716076871782012
-1.724976553497552
2.2796870877666997
2.0337210095869955
2.950754118886983
-3.6094288240410544
-4.826937024496755
1.0952274842145058
1.3958318494379296
-4.086437217508417
0.5741602766096721
-2.0457230908939326
-5.592252824321807
-0.6809964332461556
0.2960841935822895
2.7634804893880816
0.023763920987268067
1.4800041709117735
-1.8354025632119275
0.10478412120787295
1.1164687767776211
1.314614964944343
-0.9035274013420158
1.1962237725350293
-1.4387811724360262
1.4949925401589796
-0.3688168551006641
-2.2056401125838048
-1.6283113122299413
2.359352519063199
1.1846925006610798
-1.2411275907102004
0.20074415540790755
0.611916307531531
-0.992681496137661
-0.3351814689367596
-0.496355574583246
-3.342429594994829
-0.25208453090118804
-1.3620875883770074
0.13776885424749324
-2.975482643822046
-0.11466170465694597
-0.026548891597250178
-0.934902105426512
-0.7377570892332782
-1.493379341878919
0.11572498865977769
-1.6849499333591196
1.5288725952888746
0.894790786754557
2.1121446297991566
-0.9955783824512678
-2.777092203099624
-1.2608906568868392
2.642928282705322
-0.7607836556347048
3.2242950881098085
2.323074339164002
0.7575140796618477
-2.374261398716295
2.049659229050008
1.1605682753923117
-0.04888531579355287
3.709649458114934
1.157955754846161
1.9033300047845974
0.5453125585047913
-0.24654595756457784
0.012594272849285118
-0.3013014123880671
-2.215745933905422
-1.6021258672174885
-2.0552853052255755
-1.1245597271628622
-1.6832619373859814
2.290857424430231
0.3311066736260403
0.3539775207891348
0.2314540775243102
1.8753432150202884
-2.070606907790732
2.075160920369106
0.8731537108468533
-0.3219743563485918
0.7879367029648967
-0.7223510567839665
3.217649764269661
2.33847003320801
-0.9100373542934768
-1.1675759096174632
-0.10458324701085607
1.511936165186857
-0.5959048034569865
-1.6106400435557922
-0.5574971588340187
1.925206821339068
-0.9726531891218542
-1.3382941676442233
0.07815970380818836
-1.4051457260704563
1.0832114564753996
2.901457127365363
-0.7091554834682103
