32.17062390973686
-40.096908961136556
40.072221469002294
-13.756926567086806
-8.945023222647944
1.2598815879894376
-3.8928415675805823
-0.9251568514406451
0.059066991153144205
0.7022952660752567
1.2782373119769836
-0.2957872617567406
-0.10030004989600547
1.2950920551331295
1.2016151742844308
-2.110754234384787
-0.5037113858137836
-1.4117753687983348
-1.167396249148534
0.4938103214593874
0.5135326919876977
-0.05125314873730963
-0.19954067274193887
1.0676759936429936
-0.7501945910227255
-0.6059472945481765
-0.6354115239632381
0.34534709511422135
-0.2284195213931849
0.6468696410784303
-0.8007864292886236
-0.027989561935290785
0.7568073487668152
-1.3860864085382407
0.317665948290959
-0.22344229634029944
-1.5154641571441643
-1.1292048684783937
-0.7862220704150589
-0.07233043436752994
0.28402780757195883
-1.33823766951323
-1.1215845842973764
-0.38058717749933024
1.3490939639628534
-0.11073436059304326
0.5486942210878534
0.3881379865805422
-0.4758767551228491
-0.18115701796729364
0.7340502836956566
-0.9400560792111214
0.4789133059427698
-0.09289191724080592
0.23968549135946257
0.15799380747299893
-0.6781898770044141
1.0948126143624932
-0.15837206614193827
0.6436208667305087
0.28710244194561424
-0.8751023386744495
0.4016153062460248
0.42029611848118875
0.8533805632020605
-0.28908283089074727
-0.283211288398953
-0.2244273306349901
0.5782319468396148
0.36418537179315436
-0.5951686161333569
0.7520601806528984
0.34769719031917895
-0.24846884881648548
0.9722407572272387
-0.4198873854686594
-1.1314851581645387
0.004586261665078584
0.7819317079810146
1.0981166428421527
-0.06439310699861248
0.2298095864730874
-0.2727260080949623
0.5772335363334556
-0.12064739474897171
0.32476233861251524
0.5265700292333656
0.13241825589367992
-0.4998912704952367
0.428199588481876
-0.46277034779987014
-0.8518636472526798
-0.7173566090385954
0.1435219104662521
-0.7220404348546386
-0.4809144430950122
0.8157197530683747
0.9177248754314988
-0.19849292633070845
1.619098312859527
-1.740826879492774
0.2862692853166802
-0.3482512323716538
0.18964959881458765
-0.27618915524084886
0.5292593911823694
-0.2048866568464824
-0.0637591298038565
-0.4706271838521401
-0.5101658383140002
-0.7776198411110158
0.6000656339397428
-0.5589317623637896
0.0512486639040077
0.011539399687869642
-1.1048547479348998
-0.631484372255586
0.8791893514613001
0.5247606466810432
-0.709278574840998
-0.14592647288258837
-0.03229444262989016
-0.2914439369061493
0.15482457746567485
-0.7476249099861778
0.5152269884693471
0.3164375532311987
0.8973569779149426
