12.836030721549808
-51.08849406580041
-20.88917440846836
5.694564152432172
-0.3040537924661293
-6.0788089709994155
8.756327125072149
5.335319980873544
1.5305947192792109
-1.1543703038450321
3.6501589643246186
-3.1823335326052002
-2.9156360167545583
1.9815121498427217
2.319514761964013
-2.6791258060216485
-0.2869095658880435
-2.1400856601758282
-2.6760962447813856
11.581005944461284
-1.4816833466313115
1.3791060747103112
-4.896427131560917
-5.327596586432427
-2.7692651483039405
-6.065133536642831
-3.290564414773096
-4.9119118500591865
-1.0318439724469046
-3.0585880156916834
3.236718585064482
2.2370028258528643
1.8764811647783102
-2.038239804077311
-0.5153370305804894
1.7804456302363465
0.6614363617079242
-1.985530006198427
-0.1764463236225135
-2.378524690830224
-1.7291497052238993
0.2542643486026077
5.390197259622149
0.3003135252072424
0.5593669987966601
-1.4012705332935542
-4.891958713275688
2.874617343972925
1.2207139776110834
1.390957001276783
-0.6046783414822755
1.7493267421071903
-1.545105285574222
0.3403380815718173
0.7474066342111625
-2.2933942911339202
1.0622037674499467
-0.045995212416285014
0.6289761054790801
-2.179583699658939
1.6809800176243876
-1.1088994145486653
-0.7434079479004766
2.2842703315458004
-1.5355599717345338
2.640466676532766
-3.719186520682796
0.4041873736306887
-1.0435118237257592
2.8741573403891914
-0.06739891858503486
-1.4661049026618285
-1.9252485504369945
0.7032776543578094
-0.6791647996968294
-0.04568852767076283
2.7065597170983735
-1.1230488042349884
-0.4313934825867462
0.5222982638908393
2.170203828576993
-0.7250703382789343
-0.4274421848522084
-0.2744673743456162
-2.8198119318077977
0.7237660828541054
3.9346990720643555
0.48323959913453635
1.2022379332696065
-2.232742396731777
2.067295958385149
0.7797323941715322
0.46376029289322496
-1.144015292157258
0.2712090579032223
4.258237484106867
-0.36653153111817566
0.17456057306677836
1.8927596031221823
0.027808825712742236
0.4092310935251212
-0.5112964601782752
1.0918769766411385
0.22580074083582496
-0.056779747062565944
1.02279180671021
-1.77063106664312
0.44473729653359756
0.6793759885078091
-0.7812069430407883
-0.1488801762509624
-0.07014882024190562
0.8812724454638989
-2.090637267602326
1.299168874184265
-0.6217703857711642
0.6279511476476551
-0.5983803972163579
-0.3296974095973987
0.2851830820047556
0.0662681936241491
0.16912842751423102
0.8736326975432266
-0.5386265226240596
-2.5698736518918746
-0.7574835568401695
-1.9858587977496012
0.6743773662970155
