78.86108275499504
42.04861732467712
7.303176764259357
-7.900986440583676
6.050750557480961
1.0526247135108118
0.32894822104551835
-3.670187018254751
0.9700140317162582
5.40174160969559
0.9638687714621796
-3.388559215142083
-2.4668292210923517
-4.878877316373747
2.4961711421208213
-0.033446781603312825
1.3202428221135643
0.1710208511145177
6.438559637719514
-0.5099316578269067
1.707188068059355
1.657985849864064
-0.5988784406416823
4.0824903614522325
1.0305515936657106
0.5453956052324093
-1.3299439277344158
2.521511410154586
1.948431847714572
1.1929967922798972
0.6731650168027721
2.610561886661074
-1.7308416592275693
-0.4043932210938276
-1.6129149677495596
-3.1838591644255985
0.03793333395692286
-0.7934168061291456
0.3407939218207927
1.1239239740053406
-3.0488008316705635
-1.8358647980522427
0.6897149662466144
-2.3259519050798065
-1.1023306012626313
1.1128731511062888
3.2980480957112905
2.2095312478328
4.405586724783537
0.05853224955210426
0.42259355090947837
2.9217526125738846
0.8785657812260753
-2.3003400517702093
2.076765213465879
2.138860033102939
0.9093660252806692
-0.5834929237728084
-3.91920647414426
-4.4673807396002925
2.55769242655735
1.1147838967414123
1.6537577255435691
1.7969118730674087
1.9006698540310651
4.0176900913579905
-1.4892317002405653
0.9521457244167265
-1.5073053737815276
0.794898208052945
1.769066338726774
-2.623206999276218
-0.15489793641021002
-2.964715891337434
-1.8299185325161913
-0.6729407718297885
-0.531665122676759
0.7640727023050604
-0.293663821049374
-1.7517584564431323
-0.04935500121372344
-1.2522490996780349
2.2696380537625496
-1.7272997986736502
1.9207971755730424
-1.887659266248708
-1.8486640709641171
-2.85209868373059
0.7945913576579018
-1.0755430459145834
-1.4960766558638716
-0.22060899970874398
-0.12372023498402562
-0.15914944359571623
-2.7407888674887664
1.8843411122957516
-2.041401308538255
-1.3363136316245776
0.16818533716198147
-0.02361051722426198
0.37867637017648526
0.31505460134032653
-2.837153999589286
0.24598522601075806
-0.9849879062714745
-0.04847770174472413
-1.1080047204239811
-1.5760529672036956
0.1674699066753783
-1.3616870935341971
-0.922846526165923
-1.7958651270243995
-1.188646275310849
1.3408245448715055
0.700347415906593
0.059709173319836245
-2.9599274333426457
0.4887082639011737
0.6058014006656918
-2.986315758477895
1.0179608965690679
0.2784083658252706
0.6789342623410137
2.202319603992932
-2.2526539361153377
2.312609927197093
-0.10916280856072445
0.6049062694011136
