-39.61429665431867
-2.5286683430970296
-7.771256913215477
12.258356354631966
1.0547306628893471
6.916575759566633
2.0159571253720885
-3.5237549332865177
7.652245140990491
-1.734600812212431
2.3117602740468257
3.6716147274151405
-5.040485733380329
-0.37444688665248527
3.4236221302632814
-4.493384661758833
-2.86465916168761
-0.8807850961507793
4.650336565461507
2.6274209095161147
-7.790106298850071
3.1636722998130784
3.784789419103592
1.43013495379726
-0.010145149425182604
-4.489253046947127
-0.4586928924618629
-6.6633898469711434
5.5943082881328134
-0.2497378826723302
3.2955595323629314
-2.1875831869672973
1.9653251069469317
9.860641426324163
-3.2855755852515314
3.974545853791618
-4.50321697835851
2.560910520317361
0.894876572130897
2.040304492599677
-2.291010971832942
1.055365394478281
-2.332755802768248
2.204515277693536
1.0670540040500147
0.5638111820942234
-4.888815100662023
-1.2289430295943382
-2.6764971986084207
0.10484538686032657
-5.294711990334124
-4.438268763067461
2.1822127978149464
-0.8433955137303579
-1.9266633630444583
-2.438113078927831
-0.6237135752229801
2.621152711320089
-0.7665166097799628
0.5101058448683966
-0.27921799275684317
-2.559741330217064
0.45094752071328004
1.4168211437962084
1.284986196023554
-3.8181867207805653
1.5092911529969444
2.331047764242475
1.1820975338143647
-0.04861151665499416
2.3250524880375063
-1.6744483884832504
1.786165624609937
-1.1487893000630498
2.6052340939072907
1.5505695186680986
-2.0651894365355026
0.5750831602384829
0.7584590262592916
-0.650840514176925
3.257570543336858
-1.3665856103806475
1.879042315042108
0.2074001423842141
-0.7915500223124539
-0.16617133326398917
0.2359122735061545
2.6628829730401873
0.20996443886913496
-3.043170313936931
-0.8620426195957331
-1.4218438366336836
-0.08707211654030328
2.4398160993527593
-0.519687130162584
-0.19806246101076058
-2.431061400152477
-1.9442149567223486
0.3222610942102847
2.36024417288032
-3.673667831406078
-1.0729001552308173
0.6406664623406276
-0.5601951277448527
-0.38894002538955086
-0.5346218990113218
-0.3022455185896556
1.6763103932760108
2.2194192231789165
3.0695396497423895
2.0531876002483904
-0.3127625653287196
-0.44370793106035167
-2.1849474818632153
1.8827940126584533
-0.6898315670921535
-0.6357074326327163
-2.963637452714776
0.6324920105603005
-0.19607940714597008
-0.22301700484439346
-0.347518070633721
0.29429447614410975
-0.5489422513039278
0.5243319096964815
-0.6251215619468043
-0.4284544791169537
-0.5684171576236773
