-45.532515787299104
12.020104104327428
55.3780456935381
6.970238889163765
-1.871699144428786
-6.737664261672605
6.773291257144189
2.5916386129747817
-1.0072204896199688
-5.894879384733093
-8.852846696344931
-5.3079868070020435
1.2535940238360066
1.4977726814667962
4.833839057350886
-6.131120184317096
-0.42920879873977485
-2.1862476116940077
-2.8727841394794376
6.36231609338274
-2.278270599661673
3.1616333665565577
7.039568429248821
-5.002343531859017
3.6792007831627807
-2.8989927449007658
-1.9386221952724698
-3.6193508263626266
-2.6282597762784636
2.1566175399848198
0.39171102340890795
0.1694867408312562
-6.032388767064389
-2.842995055987778
-1.5452170890952612
-0.9251067205871109
-1.5139571926808015
-0.5398589075810435
-2.032491007457639
4.484161640369388
-0.1674849685602983
2.779330178306318
-1.6655300400109772
-4.430547377585369
-3.455829953297357
0.1546288235992956
2.364441413393016
2.2404933613735936
-0.25192432507261336
-4.889538078145743
3.627806575467417
2.150382293075546
2.0761515645255777
-1.45477995206225
3.442360799930537
-3.495701839265695
-2.0759764400602245
1.7463813938217672
-3.950710225726482
1.519863477307843
1.641477250304747
0.7624336164595873
0.32023227176871416
-1.9756763979993694
2.333230942385086
-2.0264005657474518
1.9123545327062774
-1.0565082834490382
3.94962235643697
2.020336098385237
-2.5174877558651483
2.6120718125937694
2.2607032194452326
-0.5156000206612911
1.6363595334061964
1.258905809482878
-0.7061400260053315
-2.5533273380751584
-1.6561416026939777
-0.2325335272920873
-0.8502558862020124
-2.946989474442789
2.074281904060982
-3.019908786072765
1.1193141408637846
1.5033225038185525
4.32013646285723
2.3552640654481043
-0.7908206188359829
-3.2467617594291704
-0.18354023836638725
2.124359535454641
-4.192325897878336
2.6131341908767682
3.0640104402111095
-1.8357933769648402
0.5729095143856566
-1.2609876771731754
1.124710938328005
2.1338997405002047
1.0871713821004343
0.8692375531209342
0.9939203905446
2.319776470375045
-4.498068184418948
-1.9569473141881624
1.9452575055919816
-0.6627439487227126
2.022894634760951
-0.9822039484253947
0.9180609574078309
0.7399659976029191
-0.31932298421131666
2.4875406256423527
1.6892151949131138
-0.2297919229499793
0.07274555395935638
-2.0561800957615923
-2.95514346810708
-0.49425236624568497
-0.519134514144041
0.7428485843382032
-0.0340611218649329
-0.9795568917681001
-0.18084831246485564
0.4382767404452647
0.8201885728253606
-2.6377769123405175
