-39.99961263094374
0.5389079667375465
-6.551142807907581
-8.758891722574475
7.432367010085641
-0.6965125604383878
8.551693742522502
-2.225853784445136
-7.932709837578553
-2.052121820916237
0.5732516428259189
4.292443953564537
-2.558880465856587
-1.2369208021286537
0.3354060359890644
4.75514742364369
9.649898751581237
8.412044093959754
0.42411010537720945
-2.2411243535310663
-5.144071643692909
-1.1374121583909873
-2.458512248343972
0.22061445730947368
-1.7847244790176917
-4.967705142974173
-2.5851133510041753
-5.512951307033888
3.9890831651585237
3.298760346768338
-1.697269124263057
-2.6199523871532175
-4.344069034436853
-4.305850834357148
0.14763089066356277
4.560470203422397
2.7040177764716855
0.651579314336077
2.164941074135838
-1.6929705869943161
3.1326826055247494
2.766754366567655
-3.115764973847954
0.6475924256447375
-1.8237258779828023
1.302143152678838
3.468291261219208
-1.1023330740370345
3.2118213465867766
0.1078579369939601
-4.9546169758708185
-2.2618934602718723
0.3431432701635876
0.0760874404606964
2.9202939883097847
-2.181633008372037
1.8329783110794393
4.7752087685575875
1.7267481232477477
0.8631299386605119
2.26642304042768
1.4156292053718835
-0.28606087912823647
-4.990903543479343
-2.4974670827774976
-0.8920108301994154
2.2816709088720692
0.4489222769126584
0.25766732725850844
2.924000572152417
0.8720117805747625
-3.1976859908030297
-1.9762949346963792
-1.470194235909697
-1.474787157112393
2.6345646779391223
-0.36005982788606816
2.5847138838976482
-0.17216876779361828
-1.10087018078615
1.9771306268465239
0.515495900798081
1.4856329673878206
0.8185462355722581
2.5867119432269905
0.9734069082582615
1.3273576757501995
0.3816882697369708
-3.0489840252126705
2.8303731297578585
-1.1731899862334751
-0.18372812417012116
3.7771521433109885
-0.5341948869996322
0.7243791615378159
2.0098372365195742
4.998448869289766
-0.20832018659435148
3.0844626302588534
-1.3234907793131145
0.38204555702706555
-0.5626581010086393
0.9353771722352587
-1.8018140578201267
0.45004832846816345
-1.4938108033287147
0.19182082859063487
1.1363252987384629
1.074067036185738
-1.5081016453458442
-2.1682366535013267
2.4341239244688784
0.5594811698490554
2.028702338330881
0.8507451489422582
0.6148789089639298
-1.9968442778825761
-1.7705771063779454
0.516261517731319
0.9999422412968925
0.8523373193304659
-0.8658256903163968
-0.7113659015482728
2.2673401798675794
-0.4341433713318954
-1.0501282450127494
1.5657168333995033
0.684717804315264
