-45.10188852526038
-0.08804956154850821
-7.416279162156863
12.119274024109753
0.008720512610460696
-7.517682434584695
-1.607732499414095
-0.9022136847417315
-0.22918766246229108
0.0023214801451369588
-0.03133822430270444
0.4426565847064312
0.5217840208360888
0.3031053661393438
-0.8825045371727974
0.12979616083387016
-0.15724951894580652
0.09474128936924381
-0.2465312009073012
0.22769095531360434
-0.24316679670651525
0.11027781959193844
-0.22812298755587004
0.43852239521590164
-0.01413031179324905
0.16242163812446248
0.492782197242004
0.290384526893019
0.07423814507439128
-0.22797346822075315
0.1991903571267353
0.2446806191789344
0.09729079866194061
-0.3386865557528862
-0.0005755908713976354
-0.5148804463894161
-0.12244885513061857
-0.46377702318159153
-0.25054410281546874
0.23092529308168913
0.22151501364619922
0.26383751087667906
0.25271241077359274
-0.04410738398335425
-0.009723751991073212
-0.05390610501315464
-0.11688416664803641
-0.0755581215106583
0.733852203280423
0.3810714722333999
0.27608976129584306
-0.19573639122732445
-0.0696382569236065
0.19150880808546894
-0.004604096262282309
0.1585544363146667
0.16998943470847616
-0.21326302339512726
0.19652326648235163
-0.1864310378350651
0.12194208465106446
0.1115227567403079
0.41860915224215695
-0.23268540720447492
0.41564908541881324
0.39856310961499497
-0.08216581162133321
0.30916213304249834
-0.36715324098431673
0.40911636429416864
0.2375450535282607
-0.36290051395159295
0.3122271028932554
-0.29093951811219504
0.3807020992881096
-0.008057045306826521
0.0009384520753356256
0.2944264658517142
0.3724012976886362
-0.11506469424666049
0.2547425120778855
0.4395310765513294
-0.5292085154590215
-0.08878204832012127
0.1857187634227538
-0.28060210403187785
-0.04981084022815892
0.4204010414656911
-0.013973067504618079
-0.12263757090812388
-0.42412911881820287
-0.015492443435280697
-0.14272531342615608
0.31774753541079986
-0.2357691612921263
-0.26594678821004086
-0.033088641881167516
-0.266537214628247
0.11663942438951785
0.3163922374270485
0.37682994625724303
0.062095035918207975
0.37588134287189506
-0.04900203444584603
-0.0038160314343608018
-0.4568593806454161
-0.3821108049372328
-0.09563151770372033
-0.21740844525772735
0.19925662689073376
0.5841074956445782
-0.0835790081000866
-0.30172445692500677
-0.21075672460228365
0.0626317315468217
0.37022643827262997
0.4148307904145204
-0.17928386076954805
-0.0545208798748477
0.3131822074551681
-0.36859315808745174
-0.03765467347932498
-0.1448518638567238
-0.006353395353018813
0.15503726019895098
-0.35189848233159404
-0.24309851426963755
0.08566500789316397
