34.56032887512123
-36.72943859719484
38.68198547289349
9.419317126127513
0.2428418878197076
8.972637957838659
2.518015050010455
3.007102828096
5.758901318811967
-2.34479810622468
-5.9031293267057325
8.769679689070783
-0.8816120663427469
2.3310233336172144
2.443918970878585
-8.403785789817288
3.7186857077041875
-4.802286231788089
0.6471602355319472
-2.9085288016454505
-6.38570685615593
3.0835224619052326
-1.8822203952891299
2.2675075297520633
5.260820401231436
-0.25211691063763053
-2.5589502184348705
2.0152873042852106
0.5508435537248195
0.4998022492422186
2.393087240484933
5.940904784388909
1.5018193704501055
3.389304084008955
3.5377439700714906
0.7827466387709803
7.068958393617968
1.4398770583218514
2.4256011246189786
-6.612725028109156
3.054305795514297
-1.5165033279306814
3.239859116342012
-3.075219919045471
-4.3273285334774085
0.36673024060491055
-1.0871985730218077
-2.270218036416639
-3.8465004875044335
2.7391186029773475
-1.7436634212805375
2.194955163513828
-0.9044753780281076
1.5457834053789754
0.9323586753910216
4.940513899691291
3.022298288080627
-1.8681641193653726
1.5608464334565961
-1.8699457419411358
-3.0828997074977793
2.713546046163819
-5.524696390233995
1.2380495694552593
-1.6248247810177467
-2.131341626045257
-2.1194762844460504
1.2123060051844912
1.9906077690270378
-2.8153513764979827
-0.22992937656789886
-0.03443732933051297
0.9766642268753384
0.20419681699551967
-0.39362018786995157
3.4797181265769384
-1.3460213217460004
2.6449430191261682
-1.9828085524592323
-0.5202634362798306
1.3341340408819098
-1.4214687335161125
4.3148058256169035
3.4914112050330464
1.0022749836836895
4.195626501386477
1.2194139419945542
-0.13337026472323932
-0.3003698859080166
-1.4998720727099895
-1.7773231871080484
-0.7506297805533262
1.2532513059180141
3.189147822903974
0.8529041707998422
-1.3669885692082702
-1.0164392845639532
0.7937968955819217
1.9762272806734522
0.9291397048037005
0.07618068771505872
-2.3744981809613557
-1.4241270815060083
-0.2864708800787513
-0.12643802749047525
0.3533514943173922
-2.8875463844053053
1.0933092223531595
2.7473650990056573
0.21979657785800585
2.8875051167092565
2.3672692919925824
-0.2875463350096964
-0.7146919756123968
-1.5148241198688857
-0.5158643570524301
-2.9629757790436413
1.4921603941427104
-0.5386754924152566
2.356956196926018
-1.1353486348424948
-1.773491307569821
0.3267515243167529
1.0236231132337354
-0.04490950275305301
0.24229476490667018
1.7431861522091785
1.4177578880624502
