-15.820719968310488
61.42723833376429
-48.255077234462725
6.613086001683223
1.9991554323511536
-5.772268130078188
-2.2358840055681806
-4.312250791578635
4.184715311990917
9.551777834556402
-5.378300433755969
-0.017465285984134327
-3.5013476166101807
9.508761472411217
1.91815688515527
3.635559092202181
-6.4797854759040785
3.5977918053428652
2.948401644827243
-3.4341493053052914
-3.8521533180731717
4.004168856337374
-4.5316451773784365
-1.6109017675795683
5.206590361813862
-2.971283246476631
-5.62067413053622
-4.0327213638410475
2.935655372628899
-1.9647943488149613
2.064449937080507
-4.011923827643288
0.2614217511785109
-5.2335408520992495
3.645187903721675
3.3237117488207
7.766954661524606
2.3158719164952872
-1.7695882671853633
3.853604431070473
3.4407327079232632
1.6378005815869148
2.6122099986026273
0.2703149738237467
-1.6705412655586622
-3.4471798211227616
-1.0112316025038512
-0.6427684584143618
-0.3212073676037354
-4.9934352432643925
0.8017074546849559
-1.3805480861362678
1.9418728359193516
-1.0390788225165488
-0.18156492256260914
-4.955117045163691
3.544902935170983
0.5653989132367032
0.04534408819631751
1.5143606428377596
-0.5538430808275198
1.255902600602141
-0.8544263718207258
4.873151967413741
-0.7683427815986021
-1.3780493815809043
-1.6791500702114903
-3.551368992120163
0.8343304566909414
-0.28450487055451834
0.7953157056180336
-5.213145132257393
3.7258717448539835
-1.5439644324211181
-3.0057251429757756
-0.9655598249388966
-4.703748918432475
-1.1704838101029118
-1.6496389667706741
-2.5361394551551313
-3.027284778263807
-1.8923178824242222
-0.25592361330929614
-4.003084131397285
1.728698085572793
-0.014862813658545027
-0.558223502928779
-0.8721680763530953
0.12995985664262275
0.8480163868003737
-0.31936546594563486
-1.2366653587963077
4.42240721652887
-4.331954025341416
-2.7101042124244477
1.627430225247699
4.240027050791058
1.3208471909716786
1.8371869446435205
1.6261229340109302
0.7936118513225808
1.1966237720731352
1.658504879923659
1.0981437547411526
0.8619119872913983
-1.6370030627693346
0.7330117698671027
-2.5590049372593318
-1.0707880579293034
1.2278108477639156
-1.3335923901211935
3.891767262835408
1.4162018719815528
0.38919964374161786
0.20557159387321178
1.9816200323582305
-1.1224962412544286
-0.9404408012678075
0.2659123129292356
2.8911363352330843
0.5204377869603166
-1.5759888408132485
2.4800128265269437
0.2643006243434688
-1.7685479637227444
-4.539965280745031
1.561176428654454
-0.7785624761640777
