46.03146170645704
-47.85307052298644
-5.830744447607215
11.350279820087321
-2.8005249307472035
1.758139264949365
-0.9978389384151775
6.6431348668614465
-0.3905579028971994
3.7845727359769636
0.4856109684513755
-2.9047799743302054
1.5275250100947346
3.0001962393095583
-4.148535609875881
-1.2532658373697418
-2.918497545081731
-0.09277188921214802
-10.611335183109327
-5.829465088888751
-7.652501561330123
-2.2474570218610768
3.3656737423858196
2.0153042456090007
-2.2490804082412046
1.815227716282447
0.8147128132482375
-2.430715145334286
-3.6699131767383624
-4.5998100786519185
-0.10902944776658352
3.350759059498359
0.2138416384071607
2.920202012827528
-1.4930751329732923
1.2856607246959408
0.3105042127959069
0.5612512862550924
-1.094835903454038
0.348043348290659
4.807153271593144
0.9164565203315188
-5.24847190060841
-2.9680446320522
-2.3008942640766623
1.5122442532672151
-1.527645911877675
-2.8706572202236633
-0.6585210130556645
-2.627532573739878
-1.465669430560069
1.292828643895706
2.8253659505744806
0.5220805149012815
3.2615533254095657
-1.3519127447549013
-1.4359711952635799
1.5644454938403687
0.300788057866362
-0.9349028844687868
-2.335884697649368
0.3768928651687275
-0.520898544947928
-2.6846762283042986
0.801418420935962
2.085025013220464
2.567981296139453
-1.223374639633389
-0.4233282393623056
0.4052057344274605
0.6835274945854813
3.160474916304228
2.260433204643625
-1.1054524128888035
1.1440022688774134
-2.895004052483217
3.2265317265761246
-0.3941098167746885
-0.6472905534266696
1.2428199424160475
-1.668969675121934
-1.0954985769265626
-0.1398253974480322
0.7952639996370592
-2.5043770465364825
-3.9751259285594482
0.6331929575978998
-1.2058231213466617
0.6280830067447802
1.2933348755822909
-1.3419909224493378
-3.434445564121786
-1.061670509058861
-3.4753232274945205
2.8008070902867734
0.510791003214496
1.490520448424625
0.2778561803827623
-0.5749370673903964
0.9059109263849534
-1.2458290965995575
-0.4756161115710573
2.318668667460285
0.6439786637279882
1.3300736367487471
-0.626583064318256
-0.10071303072331067
-4.191195552157634
-0.7917505161385537
1.1174337503896676
1.224296939475501
0.6345575667547467
-3.1068411113174736
0.2571993958521889
1.905265333801308
-0.7089917145570414
3.1415926453649643
-0.009608795486408112
-0.9097730642659179
-0.5084134401850691
0.26135535519259545
0.8089778973848288
-0.39034782991583444
1.8454841673071516
0.42644265806665055
1.994497481692449
0.7922918159520419
-0.5073038420829097
