-48.287615908282206
-4.954900151860338
-9.586485330571271
9.447915661818609
1.432028905815645
-2.192065202615257
-0.3603965935634058
-0.9184040832416939
-0.044016056744978105
-0.5510123290982714
2.3103700958837137
1.8276773522634793
-0.7566252000809859
0.8038323511982446
1.6976363186473167
-0.7056254124913206
-0.11230019656292345
0.28197467229807727
0.2700800475640944
-0.233550297746244
0.7251629667223962
-0.4494530345501687
-0.4195270047684525
-0.30874804409327994
-0.46409022126869415
-0.5981931232769342
0.5803887413910539
-0.5283894349859997
-0.28706253060245807
0.5304222843067903
-0.11422509175582846
0.22871469096732394
0.25444651388505024
-0.216601654922814
0.029565841375418567
0.8679605613151095
-0.1863834585573828
-0.13364637822918804
-0.014291583472283362
-0.12555490067411562
-0.18314131877133938
-0.07285133939173305
-0.06728904654593691
0.16211941592113568
-0.2510857423371537
0.06544907319626803
-0.25422102167605176
0.032594994966495955
-0.14276921621057545
-0.23433224485610205
0.15191970251970566
-0.29973535941802043
-0.06111141440351062
0.15937387178589316
0.2852118503444183
0.17602504482218262
0.12709862552062326
0.13349891989485918
0.14339182777486745
0.15311094463919625
-0.08656896064228158
-0.10352618968223751
0.04919602780622219
0.04139213014726878
-0.2516445056015556
0.07758714053170712
0.034024021861265255
0.199103316747203
-0.031210171008245885
-0.06712945362623968
0.4633072421746174
0.14976981592981575
-0.08026144855751077
0.2753688464729099
-0.29755787062322414
0.22503858991628495
0.13724122637732408
0.03895863958522569
0.028873582954689753
-0.308698106101068
0.007060290076026078
0.16823319736985487
0.29288593554457676
0.02613617410177345
-0.0003996768340521588
-0.21579821910591623
-0.11474842114992864
0.09832277408280275
0.21112442869557277
-0.34856447979622146
-0.03412081653891394
-0.010182007854591113
-0.02994202078178225
0.13073259657217035
0.05137143329961773
0.12422421005549887
0.1918873548191682
0.18907397307650584
-0.15118235918531173
-0.13988657674154817
0.07625820970288799
0.4582463555551099
0.10584307921146761
-0.08128579582593679
0.09431345779606717
-0.09499456898930343
0.13687726472121092
0.09286604617748516
-0.09436123025084008
-0.314647147945245
-0.07793226896455291
0.019079868978057753
-0.1144570548274157
0.02396441095660099
0.15501878307568884
-0.22843195939835445
-0.03713112994424718
0.07415324637805595
0.09048805965952901
-0.03657673637823336
0.0809760294896433
0.03811095991713022
0.4951957876960927
-0.1468433504087054
0.16160214632335332
0.2643932684957658
-0.31130561854107514
-0.12380634114803947
