-37.00025501596177
-5.677671296271217
-3.5326074636580005
-11.901884297671565
8.278964174516112
-0.8407554368712556
-4.771384998899536
1.9081125574934503
1.0046100702027352
-1.4790309521719993
-4.292801465735218
-1.675278895519607
-4.227725619484357
0.9492030126389623
3.211029493336453
-5.244998915056269
5.06677613235919
-2.963652883999561
1.427479861056638
-1.4552015838266315
1.1404839710247543
-0.5596660675648827
-0.01805487782318066
-2.412924785699582
-2.547022130745101
-0.6020158203558263
-0.17181870132660004
-0.06405347970468535
-0.9753530524381385
3.396294179121126
1.5191646353509711
-1.195330152085586
-3.7949707100850634
2.1182611280801553
-0.4014818615201999
-0.7028979312671546
-0.6874852918703223
-2.8139716403620127
-0.13989368385161854
-0.5572716085129689
0.46984441688462736
-0.6966254127163913
-0.47616556559938195
4.079209539613464
1.6897508280649742
1.7092944727425126
-0.4385298942910948
-4.672826641831167
1.2908894526896857
0.8146593584326188
-0.5761057865910103
-2.955530448809265
3.648789034224743
-0.5050023843211571
1.908210612500457
-1.3106190706712384
-1.917840789157852
4.458684915766506
3.2328398340500235
1.4273640691849159
-0.2702502750859306
-1.8572278373774274
2.1469991130170927
0.08103643793883172
3.752322361739753
-0.5564213216874522
0.9273665540978835
-0.8603690013752361
-0.7240997913638083
0.476979323604382
0.7144286823068575
0.2432418832496012
0.7636735284847789
0.6151843210967648
1.1750360252317542
0.36295855888141904
-0.4125881167082052
-0.48796419867981206
-0.577019507336541
-2.5936618191200456
1.5545225856699267
-1.2312497240174702
-0.0936883412708817
2.0301899651109814
2.340369043921503
0.9263559371646222
-0.02666168544784943
-0.7676467050959676
-0.999602795129408
-1.9278232160804738
-0.6055106254272997
-0.310448775306268
0.23219262390370976
-2.2089437313988984
-1.8153022501373488
-2.21274414165163
3.3035743988241353
0.9012275494990433
-0.6947497496287426
-0.613942195529355
1.5340169312280585
2.224370831625055
-0.10338643718332556
0.366376329804944
1.1015361026744184
-0.8376127034169121
-0.5507080888885648
-0.8907481733757517
-0.399327044529212
2.8497719417989122
-3.075490128818289
-2.173281844201763
2.4474241372871974
-0.2577588341554086
1.1324919204291346
0.524280301713476
1.3692657320553865
1.9740721874980245
3.2677777266845016
0.4103529452795348
1.7989858741731444
-1.653772407874013
0.20644145132977632
-0.4792672682570976
-0.1033080921768958
-0.6963065035474014
-0.2384640774069978
-1.7888334555216776
