36.19593424154297
74.7968969863116
38.30312990269282
7.4503378547951495
-0.3602877719895686
-4.786615549815146
4.956847501767889
2.6187817449218382
-0.41430585380412044
1.780288838915186
0.23064557461884339
-0.7049901216708551
-2.861949448409084
-4.171721093948208
-6.413225496621837
1.1268344540615989
-1.2040621027632048
1.4045848929778308
-1.5779998324545015
-3.269939042319292
1.8189299421868228
0.3342066169141499
-4.479496300432589
3.4853594052762986
-2.2613230504794437
2.5567323473013674
-2.7342266565581204
-1.7932921326459583
-3.0388252635919373
-0.5608080925154983
1.9149754143828333
-4.137509070881788
-0.8334519717763353
2.509980763407078
-4.99257531419636
-0.5837994406721385
-2.389016170458609
2.070232581586719
-2.547502160315042
2.84797447575136
-0.246469523159125
-0.19690150267554696
-4.764695472322542
2.4313551555758655
-0.35261732461653006
4.073953003691393
-2.171429137417875
1.36643196698444
1.2963994062065822
1.6297514997569351
-0.0005912504708660282
-2.364289690039405
0.2732674335453346
-0.47566232652675255
2.27480890834992
0.06528906153748608
1.488033892569186
-4.560859921023274
2.183473522138712
-1.4666594541063998
1.3215784563782442
-1.7755734465650217
-2.1756441645269216
-0.24291412987337047
-1.2340570482106465
0.03521835467130721
-1.68493019963163
2.5282095218189826
-3.2381099445131456
-0.6876386863009265
-0.17916848103320623
-0.7003005036872894
2.8779477522073904
1.0219386983672356
2.416796504818942
-1.5030158098142492
1.9434713978251665
-0.598264896403854
3.108509880968514
3.7397330807653892
-1.2015932430767564
-0.2020557312149552
-3.0771723309251735
-3.3236459856666425
-0.570090032593884
0.7431460478274523
1.6800921272728866
-0.07843793391813994
-2.5481570729696807
0.7562217840308194
1.1150903869369848
-0.1752270688577325
-1.1338671079444282
0.6104036384111389
-0.6869213521956983
2.345102405113583
0.3157757534382897
0.22624789116420696
-1.0780598024068482
-2.5777993727359325
-2.1610464042085513
-0.575608723402678
3.061292518984011
-0.8765548708344743
-0.9356494529003153
-0.6924220439746221
1.7536084145669526
-2.7239831111353805
-2.108205106804942
-0.25578462023193144
-1.107064094905222
0.11453769828842127
-0.5654217787089969
-3.003482536130521
3.654856675951596
-2.613241745034996
-0.30741423969309745
0.09361269292663155
-1.2659862593009394
-1.6361140460548618
2.9027652309789307
-2.1488803210036105
-0.10037464923534309
1.6427999714993997
-1.221494660772556
1.4392792259764393
2.3859243392011367
-1.017983088080265
