38.6242193186322
-54.6729123505627
-10.253391125385502
-6.8471239906248
6.882614246355017
3.573530577557896
-3.5947528608184256
1.4483599578121205
0.7893209072688061
-3.4418778938231074
0.5448610301901062
0.3666304407178372
6.881507695165562
1.1888047126935979
-3.760100961343113
1.2548215967992247
-2.632088275428206
0.8238473751866051
-5.40191632195861
-1.7250515715830808
-0.11639370383365802
0.4580739085460628
-1.940558884012788
-1.232816231810541
1.3938903471393576
-1.0192111726828093
-1.2094983939096688
-1.9341717379605228
3.3477006043912665
0.8348475170680792
0.4303003587977444
4.736720574378366
-0.09901321274881834
-2.793932678748191
0.21298329584240588
-0.24637917959302447
1.5064645296879977
0.4463599339473052
0.4877728770010904
-0.944023992764286
0.9171163371030848
0.7214957759186783
2.2192620280773094
-1.7141502893254144
-1.0009883971913733
-0.6602937640768569
1.3859536839725322
-1.2475644946542261
-0.813813989340297
-0.10097349319198023
3.3071517192994726
1.5662045999519667
1.755792459473039
0.9687243633766296
1.1211122011801267
0.6842070000518666
-1.1312663444666597
-1.7166441474954148
0.4207947938729609
0.1489464109351536
0.18837528871296783
-0.45860632933537737
-0.9923968260292643
0.8632060924160784
-0.40379342230033033
-0.9970064498065214
0.8950110148252939
-0.7079136396920224
-0.7603144333662284
2.620681920231445
1.1269403828395932
3.114146290621336
1.0294378345228776
0.39662893636241436
-1.5057504675726028
-1.8780190690994822
-0.014498115552319613
-0.18708904831526746
-0.8337423459821434
1.1614208955984102
1.136319678916817
1.2791442566680609
2.217230671372036
0.13029907513917513
0.3781631711655323
1.0225150496029214
-1.2703970367035116
-2.0569499669064344
1.8167682630924558
-2.1027862578484937
0.7795473580672746
-2.6024892438160676
0.09998795683082742
-0.21519989590487795
-0.2881718050872933
0.8563307865653838
1.0906188246024284
2.2439659615565333
-0.34990284461210797
-0.9598515829971637
1.2446216733601534
1.6295571988244377
-1.1212734288998714
-0.022330304464395906
-0.2900788189663499
-0.14931269512717552
-0.8871115434752218
-0.6621120241192354
0.6431255085451546
0.10079841874223087
2.369690041534935
1.249026981332195
1.3924365957403289
-1.1534083527405188
-0.10139582914785106
0.3309357427167249
-0.34191245630462663
-1.1671775729220382
-2.3781363498818733
-1.0300092479359062
-0.3818744530933443
-2.4773614934762556
-1.310751272701841
-0.22200410624661698
2.115272666436071
-0.3484794658487719
1.3318147904742421
-1.5130884221922611
