-35.65231399840733
11.68501687702968
54.537645585111164
10.537571361969663
10.649860612009244
0.44465644018446693
6.1477334157525965
-2.2006816441163854
-2.565362455807405
3.585117147751357
-4.69766666769802
-2.804936759418223
1.6358094452427931
1.0330409231569977
0.6663021990938424
1.1896448903999466
2.2260018890052407
0.7858594436857517
-0.7679200505101549
1.2436243348341398
-0.019775271421676163
-1.2844960954344993
-0.20503981590278508
-2.4797390618815855
0.5087837815931083
0.5420073493137494
1.7356275163978923
-0.8981495062980013
-1.6815520920943243
0.4966602514459677
-0.32032326872107736
-0.7783430484552578
-0.15514158864486516
-0.3178679575299128
0.3319462188828852
0.04700314266827102
-0.09871143015591957
0.30738592889118105
-0.5030349200554627
0.41301768414310575
-0.176044410144999
1.3539091290613283
-1.123146396442587
1.0540189394697315
0.33176253696667396
-0.3076402062027258
-0.797020857145693
0.8112376067212804
-0.7311731205219802
0.6710083203362011
-0.60599505062099
-0.32140151325299626
1.023361498004595
0.05585057882938124
1.2011411695141512
0.1988658355469438
0.0055531816965151415
0.29936246537939115
0.2499369362274881
-1.2374526301038113
0.2955460374126866
-1.064600575274602
0.26883858686611883
0.393453633937247
-0.25974145688564393
-1.046111621710949
0.25295782929925864
1.2756512537601972
-0.4773290021466596
0.8080639123640991
-0.02560559079107555
0.017965080563000807
0.7350288149520479
0.06971030571953596
0.09398768710710725
1.0473724154339725
-0.6990389465181401
-0.5321895480670765
-0.2248556834521658
0.10552396212542262
-0.3984271563102216
-0.7729455050882608
-0.20069772230133637
-0.2901658558915383
0.8158920172044223
0.3910232867626353
0.2663034658800115
0.15898910009326164
-0.46521609692830607
-0.9016320110482529
0.08548309926308284
-0.34156831563447154
0.6519229111257625
0.22153696917037718
0.4893196912915273
-0.591758666442995
0.08782966483198539
0.035922234656638574
1.2258100614895624
0.06106622368916387
-0.8314498653553652
0.5983673374887665
0.2010856828200796
0.8266961900057463
0.8724276963935079
-0.07952552503312965
-0.47026561677493905
-0.05203211829399859
0.3027473375076728
0.66362989528809
0.49698255831600324
-0.2516637006091561
-0.016706412415561422
0.01501934652400519
-0.507977956671743
-0.8631605092250829
1.26785740149244
0.5625111179761
-0.5481067739857697
0.6102442313417297
1.0215202951467122
-0.16924932970290735
-0.7001109266304094
1.0970881755242237
0.11228161109774998
0.017471056751904995
0.5733932700679677
0.3673123251673713
