40.53493720183939
-58.14305223762788
-9.986566359256376
9.469980236370972
2.264984588026091
-4.467428576325123
-0.5264810964038046
-0.9382650557994965
0.7297937190486244
-1.1903797365543984
1.667512063687954
2.828822053232297
-0.8209161732384402
0.5697447676210212
1.680904751289429
0.38884140828042074
0.05957891592598144
-0.01984602547622091
0.40302017624166797
-0.5010989897195819
0.37455390527669724
0.2188575000672509
-0.1840055163532271
-0.3443529889524939
-0.10550688147278785
-0.3670461028842822
0.33432114184762995
-0.17982648270039514
0.13499498789784667
0.8579446743915997
-0.12442793142392923
-0.36743372360591736
-0.004980131205280111
0.7250836734879749
0.35669906775659566
0.23110416359368433
0.0028304702056066167
0.08725296444334413
0.6944064875960871
0.01790032961608235
-0.2839570181546537
0.5985681222528826
-0.05188713338170249
0.10791322752447452
-0.5335899150107649
-0.16003932300529922
0.37947942207889823
-0.1732045705807172
-0.6040151886874029
0.6120883347150321
0.02424377833190497
-0.16058789056765677
0.24925230584426217
0.3727955575018346
0.47439560282214954
-0.48864989235468104
0.8555855611671752
0.44540916116319446
0.29823997699461
0.012178574115253742
0.28841937591301564
-0.2161510019525645
0.11145864758467647
0.41810061446477415
0.1584397628888452
0.9291547245868886
0.32424945222546253
0.3390060599176736
-0.3519741169305082
0.3672232462046019
0.31982530158878447
-0.0038579214252290953
-0.4338896453553958
0.27806848330012546
-0.5292228756426962
0.5387486739727337
-0.0785583266842351
-0.32283983140578204
-0.5267374379484489
0.03550124147619624
-0.2082868479901629
0.04555810295680407
0.021410928945614714
-0.05204359187535012
0.21292819800258814
0.050479764242438704
-0.35100402339535935
-0.8205945377929637
-0.1376262757712972
0.3874226426417927
0.50503687828941
-0.0702880412472663
0.04659996427541001
-0.11760807588407113
0.5963221793197075
0.1460798889361876
0.23386358852508704
0.5613676519546992
0.7534646542656506
0.23811495825483198
-0.726178937085031
0.21365125526097828
0.016540004864057337
-0.021999867382936477
0.3630112755019775
0.2684101273058636
-0.07679799152479157
-0.16972544976662712
0.4937148962882133
0.7357005827052265
-0.4423030114670592
0.6923807638481487
0.45152347599992493
-0.20963447765945975
0.3850194930815457
-0.19397380502356634
-0.41880205298656703
-0.3303428312712072
-0.29772166390683674
-0.2732003096099834
-0.18156331091907807
-0.24082880443477198
-0.4226866158896209
-0.21608754958257367
-0.2470115725190944
-0.3979303452481608
0.07101341958736226
0.14731135979460733
