12.793899200046694
-53.534916396405194
-21.71908829606476
9.800606397847664
1.1738264997599652
9.819907125524722
-4.679694229531632
12.673244897781808
-4.703578916889109
-0.07118347619357579
2.695979022696654
1.3055016264279404
-1.4986609600653655
0.4931259364962749
0.7968092553180938
0.714294298971696
-0.6587283425393039
0.6683561640491217
-0.704794247954601
-1.7628896676112413
-0.36900375449835826
0.6200206529679431
0.11593735747915203
0.045021679903389816
-0.9973644234798391
-1.1786729960540616
-0.9437353244987159
-0.28733648859957084
0.056636519209513445
0.12816313261709658
0.7147158701439902
0.05605982982139985
-0.5919176529367723
0.26690616064825956
-0.8997757810799225
-0.35126048539854887
-0.07908582608681547
0.43974637127747346
-1.4883184949757884
-0.7025528005404487
-0.18405057347328801
0.576738492712349
0.3230849975748232
0.19605649310695494
-0.7832008901293736
-0.46513363935667124
0.09355428268361549
0.06888259199665323
0.35454336431662115
-1.1584542453435582
-0.48372491187420796
0.05083471893446545
-0.5833679321577875
0.7390029770933926
-0.5471105516770945
-1.0261051561383996
-0.19022083960741215
0.2445838670934703
-0.1336289268928838
-0.4825780438014087
0.5383359355716459
0.5338251984944875
0.35290411972343894
0.5390307157583589
-0.7535506882205492
0.06909886839924179
-1.1880548287085595
0.10262111796602132
0.8748180194536661
0.48259214004981743
0.20509139318636574
-0.19532292468637324
0.3911021216281495
-0.2468035505327179
0.46223063539039916
0.45207088539840196
-0.05204205912205977
-0.21057479305192417
0.291246231567364
-0.013371350251922508
-0.13241478253092095
0.2908710453091611
0.07212455078475588
1.3674190584650525
0.9595174218723739
-1.539787248559798
-0.24446860713175989
-0.1406428650643921
0.4280094831342542
0.01528429619644553
0.1278780820684624
-0.10399801254923424
0.2987876792978942
0.5747378030971267
-0.9425048141020981
0.41673650982077415
-0.14404470362147245
0.6375766042330437
-0.4704588116835771
-0.13724031941701295
0.0693668627215915
0.01984671146732553
0.4476705144727991
-0.7501912381982387
-0.22746446744574142
-0.9932516641606568
0.721666568076928
-1.6903226466082233
1.2611443592294251
1.1776402042924858
-0.9428876439550848
-0.6670522865718755
0.2325000474727985
-0.35178091344026174
-0.845745564618508
0.16641198767631746
0.3424281202737989
-0.21419792493863302
0.17482542986728883
0.5267386434025838
-0.02809854584163906
0.6470450621167169
0.40705008611551485
-0.5574940677354135
0.20404647967945003
0.09749873554832277
0.04379282730416617
0.8524931003514415
