108.74374922805266
25.12556410060575
28.761884555684006
-8.819374278290173
6.9350365030063195
-0.4518842872061316
-5.8148714738607525
-1.3016562942591525
-1.513925180656733
1.882365725431547
1.0201824921059361
3.093793104696802
-6.904551527853647
3.563189587050371
-0.02227168924862455
-5.288611101204462
0.2783022294552372
-0.3394014697628696
-2.8200758134121835
1.0428671797844788
0.21669259382534992
-2.588796608954328
2.0877900588786766
-0.5130904187235312
0.47207617209521424
2.5072633909485145
0.2815673475353869
2.8466989180129088
-3.9583497256493825
8.016569584120765
4.49261460859535
2.9386698803702647
2.5614415324616204
2.4699563284599693
-1.054947849925726
0.25769948883894256
1.0378500943143276
1.7309311156513911
-1.639861806740147
-0.8087108135282489
-2.333631467577363
3.332534078156466
1.9469590737271032
2.7423200824854073
5.591049088025409
-0.3809025958590744
-1.010103313631899
1.9357901032802274
3.490422312860396
-1.2842586809946734
-0.9850282258961589
0.3492536785983384
1.1158494628648596
1.992331241104341
1.336731264365494
-2.1082912549776895
-2.055948751129693
2.163322375479719
-2.3453253988616276
1.7498370577111102
1.231943846203704
4.386481119452622
2.591337617288876
2.3808512253762544
-1.8976845435722487
-2.8631779435029143
-1.3048465776798595
0.3199178693822018
-2.723427186392211
-0.24791863839620945
-1.8409291832883388
-0.8921098410861715
-1.2625689612787032
0.9504578985019262
-1.916104967980121
1.0451682159735196
-1.9757281474573989
0.24428324026015064
0.7423208827364641
-0.3989126481699635
-2.8045311528988712
-0.5409653548098277
-2.5739363976035348
1.304921282371171
1.1081190659287148
-2.6511521233164386
2.2934027171422957
-0.6691978238886926
-0.6529123229200989
1.6201803185038535
0.2346875579996746
1.3715749538617872
3.0017840336247654
0.7364138572819645
0.7742125962341133
1.254676765688204
-0.1890074562858944
-0.7655982948974398
-0.6014589317673043
-0.6150975532714412
-0.5501986668939106
-0.5462601863068565
1.1446218205629357
1.006169120462524
-2.410664839880875
-0.5522807725859362
-0.40052415729433133
-1.61180267659693
0.3950804682546787
-0.5438674228776148
-0.26702969825284056
2.5420580994221313
-3.0782030675081495
0.814217520218592
0.17153501898967125
-2.236833717679304
-2.6848994232788237
0.19503035933436413
-0.26664611538581373
-0.8470851154688933
-0.32129787306899527
1.1769008967482397
-1.2234208637328787
-1.7152757202781357
0.19792321753159903
-0.22910721120812327
-1.13062786020857
-0.8983100025699752
