43.70734137232577
-63.76165772367109
39.795065763665185
-7.678879784512363
6.6309520191704765
-0.18165889352052456
0.28471109580353793
0.7555941228266726
0.5746783296698416
-4.268793159075502
-1.6237490631289118
6.499273127888406
1.010299918905307
3.1413331413109904
2.1399307078286403
1.107971804221406
-3.2803862365419096
-0.5186343343915387
-2.1772007294443667
0.858241575999545
-0.5620452418742222
-1.0254030407089898
-0.1579401432790473
-1.9703855927039204
2.7450878209164715
-0.20802042371490875
-2.65596667900239
-0.3782567865477626
1.6467061691258658
1.0763582086614039
-0.5127833384128788
-1.2219498596749174
4.945606235734624
-0.8788862722508047
1.1704948405726152
1.2829219190047212
1.276419525559834
1.6262035657025333
0.353085859753808
0.8610419247006151
-3.7774541063425557
0.5527376828617021
2.013549175469404
-1.1725838918709433
-1.8333615986477545
3.254706413943376
0.17904752094513965
-3.07123819881072
2.9177518382885226
0.46448907763708264
1.6411747525773777
0.23595579405808212
3.08491475845858
0.42922992515779823
-1.5275418763467126
-2.628430751025419
-0.5946759838602244
-1.5038537037266675
4.309802383126556
-0.3426396984764089
1.1881350933233963
-1.237199111865642
-1.0826914341370146
-0.5093891584746645
0.043052316568384014
1.2615006602060057
-0.181004365517799
0.4962226036905275
0.3550979977693989
-0.8797982175288375
-0.6332507308974609
0.5306832823476101
-0.1007101140451177
2.70455639770958
1.383341446596147
1.6400229957418
-4.524352245223549
2.8838305172078855
-1.9085050795183753
-2.3575446561962443
0.4608359422266739
2.827644875663635
-0.3421560387808606
1.8863763572661891
-0.10689011607614586
-0.4113295098634968
0.9189377964385811
-1.5079150095030585
-0.5411361803330776
-0.8411102035142275
4.604382264137067
2.5025178556404506
0.5462497021387406
-0.3268087016935684
3.198125845451882
2.0327612662227152
-1.5148946013986044
-0.3679945769851937
-1.428259477659405
-0.16028750434198558
-0.21534570490298247
2.279197923147569
-3.3812960062144017
0.11205875356444386
-0.1417361226832544
-0.5422786157974036
-0.6907076880542876
0.34582333043079894
0.5597660278408662
-0.7827875884315478
1.6423910199760143
1.1817076942742397
0.0052096859017218
1.2895645508445455
2.027009300115314
-0.01286471315473571
-1.235248745889949
0.8685943825089909
0.6256734425384498
-2.753210288579867
0.986806437279752
-0.12754537865153034
-1.5467875012645376
-0.3512510379753757
-1.3110207930703024
-1.9947014611043306
0.4158301054589332
4.178788652610659
