-40.6404673195925
-1.5973030574103368
-3.2886405000133094
15.572280356089516
-0.7290031707193935
-9.41205351823131
0.018629544414864835
-1.0352507850969765
-0.31816725310754485
0.08572489927575987
0.06124932161697682
-0.018477807861968246
-0.0551807893535677
-0.4211536827431663
0.33463016768370474
0.5527426113394815
0.02386213277737459
0.07936452082250761
-0.1556066079494315
-0.4108431303156048
-0.5811894998088788
0.4152496850644892
0.3408923198550274
0.10811164406068374
-0.12264793543230348
0.010758373582599692
-0.5796959063103154
0.19586823020508126
-0.2837322128050631
-0.0042040414728086
0.2563590901131994
0.6897065866975148
0.28087359336950357
-0.30314633965397
0.38132502791382933
0.975841350651855
0.5561750307888069
0.4425311571251266
0.049354493293851526
-0.23043775475619926
0.169100113924252
0.04290073131700052
0.008964544426730475
-0.02859998963489028
-0.04884229790881487
0.11036022079446603
0.5196414957918027
-0.6272453865866212
0.02182780674726225
0.76110568359512
0.5316178330704807
0.04650637610860345
0.34369700514648793
-0.41735311964929883
0.13209273193773352
-0.23842738153328585
0.301424779199406
-0.03134335507744308
-0.24180965634904883
0.13621344907122251
0.4519249574051573
-0.3417696174762065
0.41397561023181784
0.051977106355238084
0.059376014622814444
0.2161214244135233
-0.07393603426168918
0.2333843141002574
0.09780484195157126
0.19827053059649868
0.18835981061917742
0.106267632979114
0.29748086155869646
-0.08314828375808975
-0.08871599449705597
0.703012354656054
-0.15703519329093266
0.07856924419163544
0.13385975272250958
0.41059066977039765
-0.2818092231953553
-0.22039705495184297
-0.1924365520870769
0.29779753306621937
0.110474781352241
0.2641013008272281
0.4211732140292752
-0.16310375025678703
0.6032518945064977
-0.02458996323500741
0.29819021524371925
-0.32242874091093665
0.07369624091828149
-0.059776365542250694
-0.36213441219226733
0.046262966524125766
0.23561536749224893
0.12276543838536244
-0.6179395045455095
-0.49187594760661946
-0.21964864362159783
-0.05098146793175721
-0.23556895394549965
0.07013446800469827
-0.2513014178792075
0.042955335033774945
-0.1921028105661718
-0.482597483543476
0.27909883274276887
-0.33041203517177586
-0.30053692508324015
-0.1590900641095261
-0.5803562089836096
0.06631646247896174
0.24088856481860685
0.3365809862101082
0.2588268712967616
0.03647105769900394
-0.05199085507873249
0.2343472604642026
0.015122638132332788
0.2761933198435106
0.08214735687357194
-0.1525980898389685
-0.18345006536942493
0.5318767939549872
-0.6745879454853516
-0.1420254965055494
