-71.26578192212247
0.4131381197858691
-5.075546111726978
11.161155308611255
-2.4725981364728398
-10.639707083512842
-1.4338083366601104
-0.889008690499896
0.41283657228269327
-0.6738632491681001
-0.3393676237000631
0.00451998837199187
0.31307283778106393
-0.5039251809978774
0.028197411355464552
0.005264587566695733
-0.14558403957856436
0.04423249193434936
-0.03180830520283995
-0.03468882028177972
-0.2490778523644312
0.0693579541685473
0.29819560528275424
0.051011605227285206
0.08253637014656204
0.2776251687575703
0.140980000344691
0.22347513855282958
-0.046307433417200755
-0.39833078765967095
0.01595708294921161
0.06252044536472623
0.38798162973761413
-0.06643557661528984
-0.23913230450887815
-0.5365059176564496
-0.022051565432146467
-0.1402941911200657
0.2731689236335387
0.1667615717646902
0.3511398957990427
-0.16130021034232275
-0.12080652626627203
0.06025771783988514
0.03163200205466432
-0.04023199132469114
0.23913067465876509
0.17082065286730125
0.39524379612995036
0.20158935487425086
-0.05301437160356032
-0.2461652131521232
0.006447878438958166
0.021274624883896642
-0.12336395324002071
0.44282676497642676
0.07334733731637727
-0.2756690930869301
0.10539039922624281
-0.15386731360004502
0.022481308458274278
-0.3236241866277903
0.11782973708830594
0.09858486099122712
0.032759473774370176
0.09890144930438106
0.26395523657134634
0.2527910749173311
-0.022836273153484493
-0.4569861223004974
0.03410786087936685
-0.3734607572803613
-0.22512647431103486
-0.11160842923876685
0.2601129881442254
0.08835036208881693
0.11636146745619957
0.13684983063365277
-0.10025451271304901
-0.0046225475699986675
-0.2649423124056796
-0.2517784310989535
0.11028036101720415
0.10229857134423662
-0.03779500035387076
-0.027878098872336457
0.07135130839025555
-0.19667316441942764
-0.15300670226407573
-0.3964304604156808
-0.08678963619846064
-0.09116706803600665
0.19045818888890886
-0.34229273212387096
0.27792119432208157
-0.035241392313731024
0.15010678858703078
-0.23676465527421361
0.13594996645400903
-0.027153901676359695
0.20449940568594982
0.07695021738662186
-0.03691121821592644
-0.18685773785636148
0.007921821800616902
0.23948396425745833
-0.2889384541551048
0.2525790331327731
-0.16852860806200687
-0.008224361054207152
-0.020817790144044362
-0.06711730073248338
0.45894840273379284
-0.11107410872900746
-0.04703690592135422
-0.2528662379949502
0.030627899630403882
-0.20156270803390675
-0.00765329275449271
0.14971633727535785
0.08328465771468681
-0.0934917936914941
0.020672410252577107
0.28211771049525475
0.17812698945920424
-0.11200760324659209
-0.027330575676737155
0.05646809869796698
