32.38687949942584
-42.30323395843183
38.916747558963415
12.305532266279927
1.6532413913427377
10.530130716067085
-4.6135213200493626
-1.5477443293807633
1.6590254572520642
0.07274251223568332
0.7358914671826929
-0.4427886698900786
0.4487836453071735
0.012121328505070916
1.358952957180577
0.010537131325894289
0.3737838077014026
-0.152066439057413
-1.0099937415707452
0.013347180639308731
-0.4341566294781334
-0.10727833213195379
-0.37442690055726247
0.15746661644164697
-0.29860985685250835
0.08029955154513532
-0.20123986317088727
0.42266252257890613
-0.09669169099874778
0.22723617034554072
-0.33558523192121753
-0.4581604497945766
-0.17492146791509697
-0.37501775000038073
-0.1281661586635245
1.060928071324569
0.05465100774478715
0.0908214305729953
-0.1347581749009899
-0.15526606292495104
0.13504884123481353
-0.20604506647080387
-0.4138847816797788
0.09279278667223818
-0.0711039759589823
-0.11811860530866701
-0.7333594723515813
0.2527228513311959
0.5835046167962061
0.29224276588080383
0.13857799789673353
-0.2866026145511562
-0.5327814368503194
0.41345309432860433
0.250837187141972
-0.07370109018026863
-0.3417724880578657
0.6724252615676929
-0.3825100903425837
0.15870218518453694
-0.10662516745221179
-0.05287919358589693
0.3971133362770858
0.40681908142038237
0.04788955310858817
0.3089873853432
-0.506846049276522
-0.2576515184968384
0.6406461879159401
0.2537346649264819
-0.4155071679225413
0.3367457097824504
0.055136440051215166
-0.04730654033291891
0.38038475693719265
0.34891311339823605
0.22071693550066976
-0.1462155627379844
0.007896831382496843
-0.09951288716037243
0.23872392429630146
-0.23416978996810595
-0.3051983773487609
0.04794652902958717
0.0036291112377051238
-0.2001297204867764
-0.28798911024714685
-0.12245707455778797
-0.29888058900064934
0.28592327592497196
0.33373589858814817
-0.07120673944930264
-0.002911359461553409
0.05105226982565425
-0.17866680215725245
-0.33195851804405674
-0.17279086362635665
-0.24705403081997793
-0.4137540923926252
0.28240847106942424
0.39983724649254615
-0.2733663074769482
0.11719713076820225
-0.4346845910463696
0.0012672395320644028
0.20896550139159475
-0.1691047144151575
0.17790631815396166
0.0762254875782847
0.3428898284085789
-0.012419188894913398
-0.16743724713422112
0.09622547314484846
-0.3246115839944208
-0.05909367051982431
0.10988992091383479
0.20434066151813218
0.1629000031256353
-0.07622842194766256
0.08836719608632201
0.18515911885373773
0.0750714681034595
0.2674355273493958
-0.23451335773171358
0.40785220572507996
0.13729773766495826
0.35656295938827826
0.503335509046924
