3.3112275438229006
71.40294531286594
-39.19284580815215
14.109488132267826
0.1731294807423963
-4.653076305274293
-1.2581043628216118
0.8427982738583483
-1.6589835904323031
-0.6436458534917268
-4.14619048917978
-3.9892340471248318
4.41835652533155
-2.052962737345686
-4.333648903514084
5.149080421725045
0.6061776348494171
-0.554449769322846
2.3373838390607595
1.0035209837187267
-3.0886744812264872
3.4235382011689808
4.810199196571304
2.496475977012574
-3.1458147399905574
1.2884317964649132
0.8026579568330774
-0.31701672405825415
3.014460889636668
1.6949982910492218
-1.0991037379201969
1.0758647666649102
0.6721333623046151
1.1605242087902496
0.3678905007080524
-2.614033720523791
-1.032568972420099
-0.754319574925703
0.24207502961175087
0.29121828215161827
-0.5813104399229225
-0.09192559180822285
1.392763577803843
-0.5471734198453717
0.47569064838747177
-0.7782719857142077
0.48920373779679477
0.415002322179466
-2.0412921785434666
2.5695305490983804
1.2948934374459697
-1.7950040933586842
0.7050939771053664
-0.7721741581689707
2.2423996806523125
2.932271689885351
1.6588756989448095
1.3038311327614498
0.34044028370789226
1.2780732846503355
-1.0456376398834024
-1.886809295828459
-0.08534968929165998
-0.7676639031465637
-0.61836212067841
-2.28561745607065
-0.374868534211227
-1.4386925850986447
-0.5900107050098228
2.6418016951743186
-2.5184559461990794
1.7410848077393888
0.909048411490283
3.2716642451969644
0.8181001489028453
0.0026075362640767263
0.21309662394319678
-2.3071783719924492
-1.126743065161295
0.8914900069896649
-0.508980170168866
-0.02448693731726324
-0.4884495525185057
1.3124953245492794
0.1623202812244236
-1.1094650738499965
-3.866649237363416
-0.05046650064696451
0.8883216982015869
-0.8666347554757243
-0.8791727352426241
-1.8592792221824668
-0.5253744324746255
1.50440264344482
1.5141333588996884
1.114616165687829
-2.041958836122943
-0.5288604623439246
0.8622741791008737
0.6889425651086871
-0.8578233049086965
-0.7958426153468444
1.413186578434247
1.169842357012129
1.2745969935299355
1.8541588730626777
-0.8375792110341121
0.044148795585806186
-0.5310158358479213
1.0364920935845803
-0.6334022069342031
4.052604218224106
0.2396144268798631
-1.29349488182127
0.05790282243502534
-0.6940224727083456
-0.3713097278614377
0.02726576794816296
0.1954074324732972
-0.7762422489335014
-2.178485689812446
-1.5449715264613573
-1.7591244235783345
-1.5803025867474128
-0.5891313367610969
-2.1231236585160653
-1.2587292656799898
-1.0669775447442318
