95.67405822647459
21.816295526874597
-36.7065600931768
-12.020463402880253
7.885155318389865
-1.2685765824002047
-6.947721961689747
2.198828725585337
9.079735303353083
-1.2074223024783128
1.9797985848296278
-0.6443673314382077
1.1332277371371264
-0.8561820931301853
1.4148376306292958
0.6830403225439123
-1.171296296907474
-1.3275636941487652
0.21728555201349442
1.108927626099394
-2.429533439328768
-1.169064283134442
-0.896194615222432
1.9051850942679853
1.7923598534715428
-1.6454194306526702
0.3658433223194313
1.8825821424263929
-0.3263967878078484
-0.9216093121852844
-0.08770853855751026
1.7273669412045676
0.18971079564493576
1.136625982835783
-0.3912435414622215
1.2548294599170007
-1.924570332447507
0.0973171331915007
0.7731708285592251
-0.49241424434704534
0.2662773939487863
-0.11143355679282302
0.008681092935327483
-0.3304369908933934
-0.5736634578390543
0.4125881662804473
0.5214329151395767
0.22172306916854836
-1.374510786835898
-0.2529048288991974
0.21997528354648924
0.10853289578058155
-0.5809992866764571
0.5308690290563022
0.4870139702303944
0.6696550321964168
1.2710396769793961
0.6565167087579658
0.5206852096943565
-0.18565629409747997
0.555004897866878
-1.9579210303542824
-0.5135270931385373
-0.10850104105763475
0.3402271246160675
-0.4299618817051799
-0.4279328978894766
0.8511718976376947
-0.2323782947520826
-0.7242327090428919
0.091916329035936
0.3036786027024923
-0.6907370457501699
0.5880889549041636
1.010014004324547
1.0032503922811107
-0.23727277807909158
0.4660014818370821
-0.7714905428273181
-1.0735903720827706
0.10017221592503317
0.758402915643453
-0.27610125281676423
-0.6053546374961014
-0.4905250254539486
0.7911126505565075
-0.8210811306509098
0.6678747981538983
0.7596630037083293
0.7025742536691179
1.5347872183409303
-0.07945624412082741
0.36359909923271116
-1.163124315796526
0.9363770610121033
0.5767349885286421
0.24750971472811312
0.1552423699228368
-0.7488788820855632
-0.8343549371029565
-0.9687457963329129
0.32837331494609817
0.8110157891668098
0.32017343043324853
-1.6636231936074457
0.6907526612125918
-0.21272116019969559
1.0333957214549905
-1.3213424254423503
-0.31424886700169397
0.17480962122895893
-0.8862785117525109
0.8652468429731189
-0.39315505322968713
-0.8654526310548298
-0.05995614343216218
-1.3463973560722982
0.9330972001539144
0.16930102703086847
-1.209661571429039
-0.4395188808687194
-1.836432276864095
-0.4421448309275513
-0.48444678117199597
-0.5288948648458571
0.17538186654107318
1.1089112568081627
-0.06980411349065367
