-40.689889326533226
-0.5996262788312051
-2.3330036070010642
-14.593485068716523
9.055762720274519
-0.549122082854662
-0.2567646556880855
-0.48282883489652106
-0.35766312377443804
0.2219903320564315
0.642076831172709
-0.21863754893995013
-0.059028003868964604
-0.6021984618803287
-0.030647782704061155
-0.08501222513469828
-0.6242920248498718
0.8430240994864658
0.38698091242823757
-0.0998302810814728
-0.08949817552625934
-0.116883217267886
0.18620416223649358
0.5796758983847756
0.7755216456795618
-0.15022454985358996
0.7714597017482187
0.061281091391031974
-0.5297611217670606
-0.5617448092233874
-0.018020119323916062
0.28113318683667476
-0.30009707995168516
-0.9272836774441466
0.4433071291774736
0.24091082036515646
-0.7992198636642416
0.3964480098439843
1.1675015762241718
-0.0789607055881519
-1.3743150765823642
0.9149398953073815
0.8772445722912099
0.7405655543798053
-0.287344514941315
0.5417555830163234
-0.29349728263840835
0.535792549893818
-0.03866799061276682
-0.2726777029037811
0.10926804004186984
-0.296777254499364
-0.25790863091752847
-0.11508421938896418
0.0337226525290007
-0.006909998943711991
0.3589739195080286
-0.7641000185208935
-0.035215481869770415
-0.4699750882586127
-0.33096766375840614
-0.35844926274345945
0.08598576296666868
0.06609830083193809
0.8426108599462119
-0.6005723520165445
0.038725299816638976
0.6212831761133304
-0.5084895448430602
0.4232166326383522
-0.930516030945676
-0.11877239280025959
0.5336955856767251
0.725006503780686
-0.051231105063178836
-0.3682093497277227
0.22786181975259545
0.9580257652908254
0.541503457887965
-0.023857969968863663
-0.27924861423971425
0.30785262109866546
0.2906448883532465
-0.018906723395424797
-0.1592266424470527
0.16937063678177636
0.3338391686739725
-0.18926218157735958
-0.2658423134928153
-0.10458268544755857
-0.12025465173669143
0.1264104218325195
-0.06792673024406322
-0.46651568765339224
-0.25203268070370954
0.45089640649991547
0.17592578510121945
-0.15918462908226033
-0.189463125711976
0.09223948489214885
0.45162756919823877
0.06954092895164528
0.17799468842053373
0.05815357187227593
0.12175437493367469
-0.007066381189287568
-0.22484166641277464
0.02625897804668568
-0.17095645159639686
0.11670623116834039
0.13063392383255112
0.3245576529646538
-0.3294447148721971
0.16683294715739458
-0.40977668646833
0.04928685860629391
-0.3497884671461934
-0.008788119517137243
-0.0063554408912981685
0.0828056405125347
-0.1301147326430146
0.38916571999924615
0.06391021669048833
-0.2299334407390135
-0.3511596833804892
0.013844878763161868
-0.12387926992354185
-0.07699262125992058
