39.2241588968601
-54.458539125549585
-7.409095022734047
9.033094580291502
-0.6306017251172334
-0.3520688200359587
10.230852727964118
0.6396912938022878
-0.20217453316549366
6.030048546305816
-7.45777009734138
0.08084798542020188
-1.2454023494664175
-2.9403930819090798
-1.4963725401066956
0.6983223712002476
2.8682664462967535
-2.4904693261418474
-2.6055303791426043
0.7230637591713327
-2.6221342133859182
-3.4187907542306717
-2.2288859053337875
1.7180486967036477
1.429065958213422
-2.2727619640396215
6.400865803311755
-1.221176459170514
-3.6584044603421835
-3.3590998393300646
-2.146436539140724
1.3163702552283043
-0.5765192556670329
-2.1735907651196
0.4476294155458034
-1.6966575868296319
0.43034322719171286
-2.7013196026082147
0.8177884737199163
1.298044476983504
-2.430860950113691
-0.007481241422542417
1.2865504421135256
0.8117423439985421
-1.2319475687338346
-1.0457360795020085
0.46112812851515084
-1.8039501284928834
-0.2961412518741705
-0.004278842133049465
1.3149634610837908
-2.2032912816750265
-0.49708853784243306
1.8227396243591942
4.432465047979737
0.006414120584656541
0.3841430647841757
0.3219957507028147
2.0458842951201093
-0.007240718305671606
-0.878361094634493
0.8995430159509152
2.836388595981668
0.0455661089449505
-1.0027650278756868
-1.5887150863155757
-0.08089586134598825
0.3891579798739458
-0.7910361577908865
0.29222193598641255
0.6280685154622674
-1.1210777700139545
-0.9305081029202205
-0.8560256640599191
0.3493545611418689
-1.905486237131602
1.1658609683279042
0.6861875148339697
2.2114984948015994
0.29630974468174914
-0.8492308908357206
1.1726772121230005
-0.8761726590164441
-0.06220501588319399
-0.14735648858554076
0.0768777279922587
-1.053395944520338
-0.47149660814715166
-0.15461105011009232
-2.6017333353255117
-0.2074541417430197
2.552114298486295
0.30629101439962914
-0.9268712832616923
1.7691196920410261
1.0011465793665588
0.5102792590531076
-0.517138623296348
1.4391491745729699
-0.2570348185042504
-0.7334784229261744
1.7536059030098845
-0.6954194674301636
1.7516971596162383
1.720062977542917
-0.4246607414345012
-0.007646284584505836
-1.5480872835566497
-0.6722077450877886
-1.8223288133871662
1.497281266616569
-0.3551826845798768
0.35469808595614916
-0.7799044253386259
-1.191117111087472
0.8247564909783295
-1.224957385747699
-1.1555872624638277
-0.20698113553135264
-0.3667270808356002
1.9105428011432204
1.796676208940478
0.18901053320669747
-0.8660135094501619
0.9289816906192924
0.18991046417125085
0.308332677814798
0.18401947715218916
