-48.323128258296144
-4.968237748168912
-9.606470851296178
9.46600084732045
1.655555831988507
-2.4955981013394957
-0.7664698080381505
-0.5364143164323255
-0.7065056225797794
-0.11209078858268376
0.7679188885724177
-1.3825264670286432
-0.5259802648796297
-0.7220645165784982
-0.7804988680209847
-1.3141651899972242
0.9684351931459081
0.17404382053791217
-0.6290285460244328
0.6126057224789939
-0.2480386144621414
-0.8277276012189951
0.04745017627788217
-0.6353544222719186
-0.7286219244780273
0.16489710733601823
0.2510588653149941
0.3500213690118858
-0.6817154153634924
0.3043602334055631
-0.5901474332780005
-0.24210225584859085
0.5269270283156137
-0.039592956084664746
0.17485248819222227
0.49704431773499036
0.296665101125388
0.4231671345179409
-0.16341600575741386
-0.11915558635802612
0.13297645413877704
0.578587468058394
-0.2681846349335473
-0.10007967023676562
0.042440785618857745
-0.1985699746758251
0.26419934875029005
0.009384891502921489
-0.4527374244767397
0.30022340829046823
-0.5516491234030296
-0.23822778096571237
0.06000098898351064
0.21730176321731226
0.06982795038990294
0.027587778535858698
0.014174462185055449
0.3684411937435572
-0.046339011267388625
0.21707484887019374
0.2975391132315651
-0.19703712739666157
-0.2455103516097473
-0.19819965417253424
-0.09037994908059052
0.318269360300177
0.19647701666623377
0.4123244125808355
-0.03696473082299542
0.30602806460605947
0.5334302463640911
0.2910029661181608
0.09774407888294298
-0.14115537157595234
0.04184814522770661
-0.1452472130788892
-0.1647021834559394
-0.27738000254476425
0.20266106964942077
0.278933137051112
-0.27566659126532933
-0.10326527986394564
0.15519998790281325
-0.33978605475243084
0.16608194853329628
0.04340214273050514
0.1987472853389092
-0.05557089782671762
0.06667455605586514
-0.4225701126982006
-0.09729223613759053
-0.2121539042321387
-0.17878747189838337
-0.04405958190680947
0.32787954214104903
0.1370239220079822
-0.11845877920019474
0.5502537281451004
0.06506362356568308
0.1623355309138569
-0.0509070358719725
-0.11946614176776307
0.13768830458671577
0.06193913454718858
0.2692816320454479
0.12339312463229857
0.39201938314832796
-0.012810192109639372
-0.08634778854116103
-0.05116175501994324
-0.01946679698062464
0.2117259135255967
-0.0924298667569199
-0.12315046727732534
0.047211860504228105
0.16326894689272473
-0.12171234303758909
0.17288142524264813
-0.08895031298756395
0.054810645480794035
0.33613099915622796
-0.09468414091475097
0.07952591814377824
0.01609223346120846
-0.1687537273936924
-0.036381458240719464
0.1782500961110195
0.06329945891465164
