-45.00898657762382
-0.22201911701515228
-7.606138761555038
12.461550365901225
0.20444815241857406
7.73224192291489
-2.0604306099151923
-0.5745715466851468
-0.03315697726964967
-0.5860915826027951
-0.09398960616341767
-0.005597285420834708
-0.26324529694120463
0.07748059223726073
-0.4637430806135776
0.05488178331077083
-0.04711098914173912
0.01033446413330591
-0.45147251226889423
0.10376594777396073
-0.16632418663857795
0.40791382201170007
-0.2659637091136241
0.07012106342894772
0.016143920730670187
0.17478856343732044
0.10712198599745026
0.018836802623813653
-0.044414554910417056
-0.5906729017101573
-0.3350429895025062
0.023759703390601794
0.09490751075947418
-0.2116337377158786
-0.09166166396035032
-0.3103815959262417
0.34491605692121485
0.13610746739613003
-0.21933787438967514
0.0976649446299454
0.0907348630427367
-0.016637029160547767
-0.13037577667478828
-0.06650295889117704
0.3448750030831809
0.23619109003883962
0.11543635929753421
0.16026192341538964
0.10278162529828117
0.057938614842274194
-0.0024910152985999634
-0.07031344513961445
-0.031406895962983516
0.06305178168907646
0.1718895582940784
0.14346907027032282
-0.815579687692398
-0.059300934120054494
-0.09661189131457669
0.4829429523589391
0.015831590805330614
0.03743652415772811
0.08146203962709062
-0.20928672218071026
-0.10237591221873882
0.09991636011794246
0.5675022778468398
-0.13526665091658396
-0.10975057794041508
0.12178485091211694
0.18893366994234445
-0.32690381509531274
0.10813122785402887
0.00012148129737190455
0.0977507840797252
-0.0975528814472215
0.14339915679226792
-0.36052243721044386
-0.3392056700256107
0.20395080271553534
-0.02018220510071717
-0.012437840175424084
0.14136676050406805
0.020082010732807125
0.002894933630048459
-0.01065577557166852
0.11501394764176999
-0.1011323963221231
-0.21906368326886355
-0.005598594985979664
-0.42830785093871643
0.19803886477087126
0.256187389296874
0.0730403281116471
-0.09566633766103813
0.05769871559297683
0.16423401157514084
0.1421663100333526
0.2714911061886195
-0.3095396501878643
0.1289623415362861
0.014406035966350483
0.18950179325537675
-0.10515119879568467
-0.07856021117825326
0.16890950849618114
0.017362033086612147
0.0486949041929023
-0.08176904500497631
-0.14660952121786083
0.4431579716552757
-0.004418344768056706
0.3492865694703069
-0.1651548201548861
-0.22663792845728348
0.04146926739974702
0.2195265137095613
-0.014246817404501379
0.06265237027524723
-0.14772277568561093
0.354857339746977
0.09636358858991201
-0.030207722152746058
-0.12959786384493222
-0.2031852004767225
-0.18124552389650758
0.2919560141866812
-0.1743084172986713
