57.276729861579724
30.07421658501321
-54.953716551679406
12.307261009990151
-0.35051550167747225
13.609159516418238
-3.0684162489139517
-2.051683119713082
-0.6633074451804053
-0.4921161686690606
-0.19176229922751303
-2.117253004583065
1.6121764114874388
-0.2194480020375031
-0.41968360323320203
-1.1496990822578748
1.8910453095586035
-0.5603579268558563
-0.24273847943144233
0.23553370585055397
3.2501950456582622
1.417385273044751
0.3038281518660164
-1.2393247259487497
-1.209993074142846
-0.2828939826557706
-0.8643023971695001
-0.550572380680485
-1.39979181561087
0.6415424786837559
-0.4703294437400847
-0.5370850745003443
-0.14861686069487612
-1.3988884263362389
-0.09347112925053569
0.4321461965597181
-0.17497327563791587
-0.36335809190965707
-1.449353074443129
-0.5635738816508996
-0.7956906235356636
0.3495589579600469
-0.42991550395787015
-0.9385899659176317
0.14902459735684742
0.48146293779769067
0.43983286893028184
0.7586676713199481
-0.3192378055840415
1.0592846480074487
1.4039833483362125
-0.9146734226836738
0.026374040130777432
-0.5291867187580539
-0.4937581208305079
-0.11181072968104588
0.9313332092425644
-0.7327651117235514
0.5333541234562649
0.5406593132887638
0.4398938088251707
0.4353467584213115
-0.4691238160134379
0.3218933354929424
0.11637547405109623
-0.17062293368909592
-0.15048674886946223
0.5270135373743265
0.2575345434817169
-0.7798880768952254
0.10608261018718729
0.4708998016340957
0.5465770240190683
0.22921644062217178
-0.870604617799406
0.015690405655616968
-0.9189356181130703
-0.6252733647733709
-0.21888086787943486
-1.2397706950100402
-0.04442988049086018
0.15577625996163189
1.168156251411052
-0.45143464664538047
-0.5369448781107845
-0.2760180425308645
-0.1810977280420191
0.19515689424218213
-0.4482811727560415
0.24406167067986503
0.27471981840960236
0.21479216769958254
-0.26645944505845987
0.05367237208675782
0.4219584895245609
0.6225360492884803
0.12040748191955186
0.3666494184628742
-0.5318416578941829
0.6899424806391952
-0.5626268906847086
1.1622273115817376
-0.27228857412868945
0.4672545787917898
-0.07700610838535277
-0.13337196942542126
0.1389597936284937
-0.3251835521316911
0.3805145826050105
-0.5340471638869836
-0.12457457668589225
-0.39733290785940834
0.7946932433155279
0.14296811327508285
-1.5155742687612814
0.5449505329044453
0.08246368748621552
-0.6567438196181845
1.1072628906152076
0.5311679720711712
-1.11010401186524
-0.2359772244282052
-0.580473548943472
-0.09054960809566315
0.09301962889683602
-0.3801384501653208
-0.2583829995224156
-1.0981865404076687
