106.5370667040087
11.504660119456318
21.975232582126498
-12.837704832573172
-7.7482660939243075
-0.24557539251022087
-3.558997741731252
6.447897722110728
-1.5993390936092604
1.2397536476377264
0.4871695774591208
-2.856674712299299
-2.178330751100689
-4.752922930287064
5.480635956728616
1.680737443714186
0.4888573777163394
0.5125053936518447
-4.27141685125275
-0.804869570917372
-0.8340309511056367
-0.2738844430154349
-1.0987087513780336
0.9397595186182499
2.014015140935596
-0.7444868365377664
1.6347305063320772
0.11552202399953149
0.533607544985129
-0.49765455421571303
2.296835906147349
0.3408922702702972
-0.5629133824335095
0.9513067003272303
-2.8152458801955973
-1.9579034791469043
-0.8852535681835444
1.5704641561229278
-2.2648497166270207
1.2956896070358794
1.7199842464806823
-0.9434655950877786
-1.0107895972437402
-0.9119122889014503
0.15015165316635298
0.4141819117245273
-0.39341729315593627
0.5195225277268981
-1.5355607210025968
-1.7773342875718339
1.6485932004341084
0.8025820286465754
-1.2606422674204487
-2.067196149404988
-1.2514562519582217
-1.2254512165303229
-0.30993580367712076
-0.9136434436638835
1.6586507869243237
0.8164472713102223
1.997703845845096
4.262819920562091
0.24497744455362971
-2.2904199200656095
0.9795790269798174
1.0334705711205878
-1.1370140846382701
-0.5999773756327083
1.2797807333726425
0.8613644628423138
0.4404524293391178
-1.748763743305712
-1.851152939316587
2.750543132977005
-0.814812103527473
1.0403479180007476
-0.26710219027067006
0.28917535475366285
0.032266802528888264
0.30385823240302434
0.9654320662189402
-1.2071276015480055
0.3961055172737099
0.04572919377853461
-0.7179542695217322
-1.0356796047674637
0.7179026791664945
1.4427693727968376
-1.0278169108817807
1.3598887896731904
-2.4971272788418393
0.6661046679361141
-1.7156068119426489
1.7971347238244761
0.9863768749077353
0.6008817242311728
-0.09037310298091333
-1.2411211874581405
-0.133549230243028
-0.44215842348640777
0.5307220303566549
-0.9820390481305945
-0.6425611684058963
-0.9718311718222478
-1.6885652388752548
-0.9206510103646123
2.996110026909889
-1.7097298404194632
1.412316329598096
2.307790144513436
-0.19833731206903502
1.5039406210657207
-0.5062783965996315
-1.6139405276410814
1.1575936271418725
0.08029560154895501
0.8877463484595471
1.0470345220594242
0.41251921342067144
-0.8402571635203153
-1.27384597109446
-0.25323751100639585
-1.257596359146727
1.2003217295616981
-0.31105358456563265
-0.2900242551542542
-1.330225949393618
-1.7057002430333474
