-33.18245931629055
12.66351310475509
52.200815546390494
-4.522738370158035
3.5196602270866513
2.53983618616081
1.7592254023058276
-5.58360267867907
1.255673116246342
-1.024577966535099
3.7327500274511185
-0.5455532134457927
1.7006757588745889
-2.777182792738256
-3.766204954520554
1.1802032584465951
-0.5581284331962098
9.233668925376483
2.078004817418496
-1.1629960676077282
-6.74200011874636
8.232512952096776
-2.219247569540868
-3.341122379278272
3.1582117188872676
0.27666916401498687
7.1688157996939115
-1.6415652814188395
2.9669132970080794
-1.325087665181812
0.8826151928230188
-5.974214963197054
4.423072110571498
-3.608127246177089
2.1083339217425885
3.053873470467238
0.8727987038688131
-2.100645466620671
-3.1764962365696356
6.035836666638882
-1.2217922453961003
1.8460062847080607
3.7760678054192236
-2.2786057051450292
-0.5062398390851867
3.772927544034443
1.8287378651417179
2.1447072134968863
-1.3280597791782205
-0.08152405162514595
3.6582031129709125
-0.04013945142008285
2.7882520915304143
3.413979934065171
-1.300822593461495
2.5285299029495416
-5.217105011827958
0.9652849675016488
-2.065285959093844
-2.6701959110145013
-2.553904897447976
-2.9560208534183134
-0.11326977766612005
-3.511102544729233
3.530424646677906
-0.7240255522744109
1.8449842708642152
1.6628912575903911
-0.013467173525375853
2.274250015673774
0.8964385239247973
0.8678354159837617
-5.132154385360199
4.2900037214490006
1.8803095838115236
1.6750899484981139
1.308825631838
4.024328142241807
-3.2723553854835727
3.0226829706570917
3.8225078593633004
0.7740261533744619
5.70128755403747
-5.159424347806885
-1.3361627762567168
-1.5080180877729692
4.088872434376978
-2.2979827402295636
0.39090181928537343
3.93820240536689
-1.0187394300378358
3.0473131804564484
3.8933605726362703
-0.7133933096031471
0.7430041634571992
0.48076073135317504
-1.5803344332091893
-1.6347944713583478
-2.234227438590467
-0.5500006014554183
-0.20942872479680688
2.0059568390314335
-0.5495657555680953
-1.0259781713548948
0.008759212188506602
-1.9437563860668674
0.10940923323601068
0.48888399140630645
-1.6580054647311724
0.043539823941790554
-1.541600231387051
-1.8274513086936375
3.065402684132725
0.7480750610086333
-4.030100325619346
0.36265926616269134
-2.3237329854050044
-1.2384843092072586
1.674343651164095
-0.7529832000410454
-1.120029213896676
1.8657662393611503
-2.1883372649003063
0.9188926330259231
-1.6728255832120866
2.446803648471122
-1.24340137780155
-0.25657889304042664
