41.179715439965435
-53.795986731548176
-8.900503985930136
7.305474304859389
3.7745235589944155
1.6398241442029666
-6.97976477491352
7.245602137073313
1.385893699996009
0.3802978049299208
4.109708334009979
-2.1725476166041418
1.7144401376215266
-2.1944923518473334
-3.190949372657606
-2.674785831588294
-4.413053904378862
1.4356187410741819
-2.75133431491646
0.8030819198080525
-0.05505175301077375
3.410390913856883
0.5400892206284655
1.8975696712437413
2.7914302122987147
1.7014132433044578
0.149073470110912
-5.390422070715782
2.151643841640392
-4.8860659805773965
7.095607642998278
-0.0402516841005818
3.583035129452094
2.859003169970656
2.4491724516227755
-2.415867614374642
-0.4743240949378122
-4.289312163759199
1.7619580883050925
1.8049835212649605
-1.1887917789115734
0.21691492845387597
0.9355183364695852
2.6869872096129166
4.361597634143363
-1.9961181005614843
-0.08725432994036826
5.131821143283821
-1.1728384249135124
-0.025673741912517478
0.8832940688467968
4.335799832641303
1.197680330000832
0.5843646532050395
2.1342426588228034
-3.5192535288809967
-2.4661196886311587
0.3816439356243746
-2.6602432572410883
-0.22492558031727838
-1.8633889164073663
2.709549673279586
-1.4629967597740872
-2.3242377453845124
-0.2152799098123388
-3.1216111445073764
0.3903649062891576
-1.354515851317206
-0.5420698056331676
0.14065001828269844
0.2770961785783571
-2.8888034809277627
0.5117358470153088
-1.2036643320974618
2.09905453075839
0.06393795127992088
-2.2884849000383047
-3.559453225228609
0.05689551327422984
4.174501707710822
0.7047391218231303
-2.2462225679323486
-4.569467795827118
1.7962341784791145
-2.3033159754102566
0.3445631367943398
-0.654961420120835
4.623110206456381
-1.318603328116022
-0.9187093036353955
-3.08981166925824
0.5927897858056701
4.169750064576884
0.8883518867447265
2.0471349142112443
-0.13940145940441812
4.029719072483933
0.6894337373532865
-0.8949182290293566
0.036943517560205724
-1.443278909913561
3.5348031840848995
-0.39066815791980136
2.5689628007483702
-2.456245448290353
0.43061258657704604
0.2680834904738994
4.353096233836113
0.8085961611842628
-2.036094852709769
-0.9853487318941996
-0.4200509320994302
-1.7938295215494977
0.0071705306643559605
1.1884335288301484
-0.8304970156286279
-0.6130164607551902
0.13618290194607444
1.8887542918105207
0.45709703830001813
0.16783787270534503
1.402580494944628
2.754367810820971
-1.1042350852528093
0.3139805469174501
1.560389581203036
1.5783537649344979
1.0919980770083333
