-23.516172128815178
1.090292488183875
57.00512438207848
7.718682260264785
0.7369609697033767
-4.980384092374207
2.785097773020505
8.956364567296056
-3.73813803397335
4.415524449777638
2.9488272490602725
-4.3261370690060215
0.13641327718263785
-2.736907633057694
2.082218055509827
-0.09305002060712675
-0.9083544808119721
1.1528164049825456
0.2280713183316344
-3.8658610053812916
-0.6616998346500398
0.3883644124719139
-0.6190345624492526
-1.311059121624984
6.365645963607847
-0.39791338653009334
-0.8242060740402282
0.6484728889767841
-0.8922121752577437
0.706693484213696
-3.0017005375730395
-3.274766983658158
0.40771682144563337
0.29141436716423597
-1.1141523655046988
3.3878402184037135
-2.477208020610043
-1.030302594773366
0.4742996151573309
0.35768443498772
-4.407027456518874
-2.2474181408023575
-3.753595253064927
-2.055982935233416
2.306401288776221
2.027441626634565
-1.3498664150364363
1.9734445052678657
-1.0043466317886451
-1.5092227272101804
-0.4662767416969671
0.9420747635909772
1.104294161427719
1.3853316753792013
-1.2412588888731126
0.3748016030126661
1.5470480502808615
-2.8758062202307157
-0.038714690829527165
0.3559880535392656
0.6555991703897536
0.7555788375950832
4.53241607701531
-4.064715697138134
1.8319496624949494
2.4294816186961823
0.42088372590719436
2.1834087124749044
-0.15452220045126164
1.5726452779435276
1.4435304091924839
1.42924284518357
1.0377962308746773
-2.7020867020929398
2.480974969539223
1.0757796346077688
1.1150311561643935
-3.8986051089388414
2.0514639242475483
-3.4063502902744203
-1.1082972135615021
-2.4936491457722765
1.4880500568969868
-2.078657175934483
1.5780871663373643
3.061783057915439
1.4504758635892976
-3.0980543805457286
-3.0951469324141483
-2.4805653289016814
-0.604960533165632
0.8457866748065821
-1.1261403174575815
0.957159855915156
-1.024848322068045
-0.66804419575243
-0.4805098010716972
-1.2297454901954727
2.359928661489719
0.6734883874165297
-1.0473871825982748
-0.13902495259828246
1.2673152862516
0.09368306721728703
0.5377372572509652
-3.3423248087929682
-0.41484697116937375
0.5868123037713873
-1.8976790288224354
0.371364118930711
-1.1109988501020542
0.9768619280463029
2.024229568596563
-0.9499931780676918
-0.14974257564314614
0.6389789370516766
-2.0393792765365184
1.9176214085648646
-0.40777216228963675
2.0339032404276822
-2.5057240846271895
2.6846155192461856
-1.783262246597746
-0.6164164851484742
1.0930360974435256
-2.0304131273510935
-0.7699662650383406
1.617921062820488
