-44.8527538900325
-0.6090880138300834
-7.999550517580685
-13.114602937835452
-6.855446580438284
0.09291452339043571
-1.4294612180146844
-0.2401427619321881
-0.7176039921470203
-0.24714485379003615
-0.10426596357400755
-0.03551453691572673
0.07519149006476612
-0.49903694304687723
-0.39311543461496035
0.4750331259597732
0.3960052639623867
-0.14695208606650467
-0.4390888807476372
-0.691510332171504
0.2382258782606683
-0.08500515067398548
0.29622309938958974
-0.31605240629003883
0.05164548731648756
0.1702669709125542
-0.05729415872335142
0.09057956914728092
0.29628729654788655
-0.4856587152387837
0.062385446531500265
0.18528576288355114
0.14986171015111704
0.2395927988923704
0.06298752492188717
0.2927168153955533
-0.19924583206716917
0.06963271512213055
0.24401962689267773
0.5743450410616644
-0.3236133125217263
0.37945573382256703
0.37642951893671106
0.231669889266283
0.10903527479373593
-0.0960858484280173
0.015393475626485024
-0.0013421345200137075
0.07544621550888428
0.09910900128101019
-0.0713104512947661
0.3035710379068804
0.4331137682468245
-0.006241912999481
-0.01534661542787128
-0.041826921206513545
0.27639549441814104
-0.006682979269258538
-0.3587813890286122
-0.08026775379314863
0.05725682183142515
-0.29375160067023465
0.14363922844961194
0.21408948206268683
0.29076362893096896
0.30854245665261404
-0.0009677427481853823
-0.1853607066321635
-0.13084038977856755
-0.08583194206249874
0.10362634854663971
0.037909720416492224
0.014128468383409823
0.19877852640637858
-0.09268153342301076
-0.00045116775880976734
-0.05482769246652214
-0.3846634474723799
0.07385396793935864
0.20853735293386647
-0.3274755730538334
0.3784866799839756
-0.011081026617111613
-0.12235176691699282
0.10014368759561734
-0.00758969607603294
0.3606528880557657
-0.4601605629652756
0.21205897107274838
0.2665491788822834
-0.32905669571197294
0.04829209390787912
-0.35889419478550066
0.19885870315754373
0.30944308365282786
0.11050473685559044
-0.13563978881733116
0.152599442299496
-0.03870626287688416
0.2100267782766621
-0.09280643591859225
0.2226768984487957
0.2334715976533029
-0.2361727886685977
0.2746947854677321
-0.21559128871778843
0.04039927691325258
0.079341331155268
-0.12719821898792302
-0.03630092218778176
0.06617287762590693
-0.19595755734859222
0.16777751261484045
0.005436754405616272
0.034991241976887966
-0.138691230816268
0.24406983891512957
-0.10721927989315462
0.008001867431871439
0.03501550883611828
0.044480061691070986
0.36113711349409866
-0.13518560006856759
-0.04954240570889731
0.08424304645704069
0.11752232295272934
-0.21880535530547146
-0.16480420832239182
