46.99630374543189
-38.32031709998659
54.23204868414196
6.636634323177897
7.504271157743729
3.324880385905625
-3.872758272784254
7.462749050565147
1.9682912161358432
-1.8212583003250495
3.7502549812672106
3.1696675459278585
-0.6135225320783628
1.6367233093675368
1.8639845792858332
-1.016702457756899
-2.2449859145010214
-0.509011661677173
1.1479707355128843
0.36700607360190374
4.973048842365139
-4.383269406488149
1.4592214305039342
3.664348382326221
1.0420500297987596
-0.02841481490384623
-3.2861129384809975
1.1263655200599143
3.09925642033866
-1.0766408244715784
0.16477836847324126
-1.4374910734445083
1.327916940071847
-4.7269688643386
-1.527107252759275
1.1626374436162152
0.02996620804293551
-3.946489241889136
0.961536027753332
-0.3059606546092433
0.5990912550946306
-1.2015268787520001
-0.6649320279963448
-0.5223082846842853
-1.0442283005968227
0.31930332308696024
-0.3783208111852671
-0.5494434640023703
3.0559683781175466
3.435680989017254
0.0574402312453276
0.6746166515001293
-0.9006205134151974
-0.7770193198803235
1.0099665786988958
4.039436530472854
-2.055360105583486
-2.203202833035819
3.940848961616665
-1.1448073216712351
3.100902647566179
-2.536847283862839
-1.8140968412976926
0.954669142104852
-3.0445870584696038
-1.125986732517353
-1.1567695685345105
-3.949052618839113
-4.244074522332034
-3.2010011914201626
-2.754804848271065
-0.28652807129157426
0.07511144781763385
-1.9155188718586664
3.5225620116352427
1.867403726065557
2.2142551333758016
0.1784086979042204
-1.9672381897006121
-0.09198860244893073
-2.9930586137441377
-0.42282936795831455
-1.580318137928919
-2.5296213846586304
-1.916884842812154
-2.349798454932256
-0.33098212778048297
0.9454809829609313
2.5558704754531503
0.3997443686174933
1.3628209129100461
-0.11734798748617603
1.8952587300198294
0.3503790791466349
3.4168815535669887
1.2831248838338767
-3.841390120541105
1.9260253915517547
-1.019128986224744
-3.7406477507468994
-0.9568813418166748
-0.47106497562847666
1.109744288848907
1.1842560875911894
1.3678760444485503
1.3752686033510033
1.3657733480955785
-0.30004894266525634
-0.11874657932191006
-0.9890816223175496
2.2086880365719685
-2.7563085690747515
0.8875080175146702
2.6594841375709986
-2.3334702340951385
1.3493165895752226
-0.39431702795630913
-1.7959612872730542
2.812194666219748
-1.4788973270112675
2.014286827422999
-1.6858808279501551
0.7198518390029761
-1.9420587353410557
0.6545646141338696
0.693155519497141
-1.1777273167972409
3.803259807127781
