-23.271940510012485
83.56407966118147
-38.05024644690718
-8.24673122256197
8.746334964225307
-1.2530606020470212
-3.20566900656563
-2.8785477176067227
0.643234668004443
-0.5740928603227975
-0.2685438154542681
-1.0360056777878108
1.5323693998915788
0.03704044288212577
0.6000043657290599
1.134160314989329
-0.26856688184066996
-1.3191535344120817
0.47407246293729277
-0.0913104605320686
-0.9746081210966105
-0.5228782636773537
0.659804406962783
0.09194579133466695
1.0036143320190904
-0.35785070476081027
0.5288744399010252
-0.9865804355890899
-0.0190282193042697
-0.34247265151883016
0.19365491612448416
1.1558776976186393
0.2842231588804661
0.1613766260572979
0.4676930112588835
0.42888919939397635
0.08818475140562188
0.5519110784701082
-0.3570846393669985
0.0184565638354013
-0.9703222387013661
0.1973008913946233
-0.07008862616876901
0.2784671556043068
0.19759960755618147
-0.5253370657143751
-0.577040922690975
0.14361579275175385
-0.3162663925035512
-0.06318247422915788
-0.27757525906083175
-0.1745855682388143
0.06952019817141811
0.154567685280269
-0.0546913995654086
-0.2147055426480773
-0.658968897002624
0.40497512719728446
-0.08692479379164358
-0.3865156476189505
-0.16545890907882227
-0.06563492741438395
0.13495434953257987
-0.42858404528093486
0.11013873743674366
0.15552978546399185
0.26362521908535197
-0.2243221047026057
-0.46188528902393405
0.2376227463364209
-0.6177625401451662
0.2001343905307929
0.22659388209954384
0.551927758343834
0.30275322441480085
-0.22394167936955892
-0.16936076807935438
-0.04979742961867715
0.5372839822328341
-0.023717164786938645
-0.7181046883566045
0.2906272208072582
0.4640084289570514
-0.01191023483330697
-0.8007611033618258
0.5798674916482686
-0.03780376748222637
0.1488226933924472
-0.49980701550743667
-0.4501337260309972
0.045375529625202346
-0.27812309409332453
-0.027391135953403895
0.0340877101822985
-0.5516454490908667
-0.24562761421604745
0.5776632440218235
-0.0403396577671522
-0.062412914648300795
-0.4806095429074673
-0.014346286209001635
0.41334865598412396
0.17133651754497917
-0.44351722009510913
-0.277391748767441
0.7147051512261167
0.5616991625003597
-0.06747084845774504
0.5203774767111161
0.6808831054110236
-0.2755940783130825
1.3413402339835376
0.011990833087209288
0.09919680559161495
-0.24387603193887858
-0.7694444673876283
0.3244708997233592
0.44291413359344656
-0.22008926721968555
-0.06638208776860366
-0.02579929010148918
-0.12615261436157438
0.18396773440093045
0.43590830622979604
0.4060921531415958
-0.2067660343589697
0.5117840805748048
-0.35336260531204966
