-42.69066370782258
-24.434033097900556
-18.53906130104551
-10.001392291504196
-0.3481032115043676
1.626068235905595
-3.8852162323975183
3.036349783847304
-8.339202809608656
0.2046674020677346
-4.172605797775054
-4.558707352004201
-3.0522532104593494
3.1551334539600693
-0.08232793932964941
0.30053313257648817
6.7037735611006735
-1.6568028196791467
1.0552192292832159
3.805279372672136
-5.262571306797572
3.767254891652227
2.111196428951788
-0.15288196489889183
-1.0949616881186959
4.04175533810775
0.15276174432546127
-2.0502343997633696
2.409543410813001
-0.5165190901348536
-4.919758347249068
-4.996877211678878
2.7751085853760813
-0.6006178762351047
-1.7084313232432804
-1.001023003576503
-1.1195173716856504
-2.101268681059928
1.7098865396724816
-3.066860450585175
0.43402372798792527
-1.5060212616909752
0.7732539458448138
1.0548889319031158
-0.6489047756251226
-0.6321094503237509
2.0989451958239704
1.193118983594965
-4.137164495266614
-4.713350850903262
-3.0429900537950747
-0.24257945643120743
1.23160597986581
2.135414181239203
-5.242084812284053
-3.129642685957313
-2.6253788345313236
-0.4196077100672197
-3.0381619803741633
3.1352112699537624
-0.34228960836060324
0.826252014820924
-0.017713249855949187
-4.770796857335316
-0.44880893253088244
2.1644304866694006
-0.9995016200107991
-3.6664084862468513
0.27017772210016455
1.4873526000344617
-1.3538586691493655
-0.7721822642218357
-1.176303620101734
5.626768005474947
-0.10815215544763362
-3.377968930218467
-0.7542080598859264
-0.46219743231427196
-0.12847416661963681
1.2793806219228436
3.76142737263537
-2.4005012836452377
2.066637335819326
2.769958893779152
0.40634193367695803
2.487128636175766
-1.4220142995683573
-2.45037236240455
1.7018959027765952
2.7004197144533353
-1.252213878566029
-0.45256901176523545
-1.8603215411634606
-3.259693773133083
0.7594941073246761
-0.24375042168906425
-1.408597022002234
-0.08476669350031804
-1.2440298084938293
-0.8282668163039106
-0.3673659085196026
1.5683339968502148
-2.867061469020215
0.610877760201765
1.0975888770404878
0.19028741745822544
-0.08610452471062585
0.7581070888807386
-1.9256833993837394
-0.06499779877593959
1.5924214063791589
1.3496135456607259
-0.015119015559126259
1.3156626692424755
-1.5220187372422493
-1.2864079062242344
-1.315408193861384
-0.5083340848873387
-0.7678734123679617
0.9509118537920769
-0.35861547594365917
0.7770132638184334
0.3342401161742014
0.7954275252036908
1.7230762680824954
-0.8004700455796119
-1.6900875565955495
-1.3570230524675426
