26.054124000225503
79.66794403620395
41.73563349229631
-6.351173090069691
8.365714565446343
-2.2905410079174207
-4.657570709365166
3.212994689758246
-2.8270170937195243
-3.6406099298615042
3.1264504677824867
-0.8289208031063765
-3.6826777305734146
-2.1566176883198973
-2.2073686051731234
4.252864204258471
0.07890806995335084
-5.876000456628412
7.340693566824181
-3.975842134149666
-1.5454602129028774
4.207552515966034
0.3177687844604179
-0.7985752655875725
1.4839533719688671
3.197238137746341
1.076990150897503
2.031321661724331
-0.7478357687418405
1.98812661063078
0.2501247314148907
-5.30828566104374
-1.3353642707956244
3.846745925153736
2.2604852414909984
-0.49882193000237784
5.607689012315182
2.436855155947172
-1.8061151188774052
1.7769670744429735
-0.8457196997174931
1.135096067716983
-0.7251509776659784
-2.2855262777192427
-3.817091640883444
3.2143202914136935
3.5339753091855632
5.893055263539741
-2.659302425508057
-1.25594817881897
2.3601100507186925
0.9912974788350664
-0.2126002901535501
3.030473097666277
-3.7510721706138437
2.2616040989471857
3.7098070487805015
3.7298873528484204
5.423302054507128
2.5511008516510034
1.356155080873122
-0.504702077598155
1.2067929207780363
-1.0067536122349263
1.958800967055705
2.7554547746785625
-1.962697880704291
1.7707761835589875
0.5071123758850385
-1.3452666957604102
0.6353474784798544
1.0286778650675934
-0.40743182644151144
1.9200893888421535
1.1257390924350337
0.8023227826504196
0.15181664518343171
1.5509168496346184
0.09649044574250074
2.5850707211542443
1.4676650791778323
-1.2428652142941181
-4.168033917928884
-1.280710771375002
-2.1535791602430914
-1.0699197359120813
-1.8377177805033278
-0.9102045852696569
-1.0379761951148256
1.183904140412611
-0.09361696184748308
0.5126999995947183
-1.3089549696644545
0.49958832127303987
-0.7192656604095822
1.6854092589174599
1.5604998944593393
-0.7519210754871761
-0.3066637178063341
0.9067426343203537
0.10138018437768777
1.2547348821581834
-1.7117049251659275
-0.2499458752683862
-1.069809080941798
-1.2603853448106197
-2.466109853782029
-0.2513995062855047
0.5813827612962201
0.9781053657751937
-0.4088664782104461
-1.2593227579464252
-1.5306848631530363
3.9129521241432794
-0.7649687779545616
-0.8306239541234279
0.1652651861478568
0.20059784877982645
0.2785330521523716
0.9209810009182415
1.8280923351796292
-0.031894657364911455
-1.3114589021311096
-0.30443415872633794
0.7579650630770985
0.21338130330111973
0.37076690464079326
-0.7832515386338976
