2.3130872447637167
75.43687763062691
-40.83535471293181
-7.150985914980947
-1.7530877552154387
-2.4616409407402844
-0.9192142590285548
-1.7345078704686416
0.15628389512815477
2.2143730134830615
0.36294141457231566
0.1174850898031094
-3.7240209939119957
0.900623112342229
-0.5248298484203221
-1.1578026129192582
-1.1160629224312781
-1.9876963792613198
-1.472249577731664
-0.8043765588479924
-0.21582431448330405
-1.9407274834841068
-1.7180621767143893
-0.20766727100052534
-1.1475697298262568
-0.3414023850382535
0.30741991382211675
-0.5852026552808738
-0.6111022360876743
-2.3272196371841387
0.6575738166422416
-0.9635536350315514
-0.7888221997587297
-0.8971177995648705
-1.369287782676237
1.6872416971949293
1.80976824433039
0.8666974840244318
0.405501524363442
-2.485920373344115
0.884846734731821
0.8592432479279166
0.6597072145786693
0.6024129561068048
0.4631744223259523
0.4071125951621748
-0.9632629660833971
1.4140976689254685
1.296464557311405
-0.4361578549172844
0.9251835864112938
-1.7169820163222633
-1.7934859251185085
1.2382933175298223
3.141156628445255
-1.5746055730402577
-1.2993478398745153
-0.8117938935308688
-2.013878014687414
-0.05596948156487247
-0.0321079724563999
0.8484218325788784
0.9630053639802952
0.49921472904988495
-0.6658292636894494
1.6770973275200354
-1.0416780992143084
0.786136431635628
0.7805751450001883
-0.7436565776911146
1.180653696045867
-1.3901331021588095
-0.046381927128714084
-0.9293519902953485
1.72345849626553
-0.640870680405245
0.03463079284136675
0.6451206414674595
-1.3188444362250569
-0.34479440690756347
1.3805265392977866
1.5370210461406022
0.16692620450389464
0.742731722861826
1.4247803294154424
0.1992068158054814
-0.7659645951375739
0.385127312982857
1.4103127057159657
0.35193908044825956
-0.03604958246918931
1.7002450743874185
1.7258001225152384
1.1338425954268112
-0.6100865756816692
0.19775767415846995
-1.5036829296679914
0.10511402792708949
0.24229328732101935
-0.1223811685587425
0.48583408248340226
-0.7018379597124891
1.3816228210737445
0.3252855697613519
-0.11039463949670812
-0.5432637120614205
-0.4653915208210191
0.8812357024775512
-0.09855340543079716
0.6344215951384926
-1.9573457186131982
0.9358783074638797
0.17028734053622208
0.6538055895469016
0.7606461849967971
-0.027061250961445932
-1.1917020215782463
0.7760448401615123
2.1709033471774486
-0.5089452436561961
0.292732702431608
0.8420255118308835
0.8949904290871705
0.22711333001935216
0.8283086993741832
1.035300706626977
-0.34316975257040205
0.9192664989923639
