-20.224632308154057
87.29594648391488
9.638004510699648
7.359769408324204
6.416115361415741
2.0605114739336523
0.18060429800189792
-0.0942504386961408
-3.185820162852687
-0.5142382902241158
-3.733694544504078
0.6708249765276603
1.23918579682158
0.39735114342590905
0.9535758842209714
0.9794923615727674
1.365883156039674
1.3085232851212387
-1.4566000325663806
-1.5747873448253826
0.21488947806483813
0.18893126995789644
1.9506454500067845
-0.7238828997261628
-0.5414525653247515
1.4099240383491143
-0.9362247110506701
1.1902400139654057
-3.5137345878091946
-0.6644896700396699
-0.2846472987210573
-1.173817219287089
-0.3449137082120488
-1.6178463655294468
-1.2959984958779338
-0.9609034385141798
2.390037537119574
1.0617762224197829
-1.7740823233585319
0.6232759868489304
-0.09807666377266222
-3.801620820076294
1.1948154682897398
1.4341506751367186
3.623680024616226
1.5841281361733746
0.09740213397404807
0.5234638940339769
-0.7211290659560703
0.9243615336301949
0.6184521982428375
1.4724428263071174
-0.8567769770932046
-0.5644908661610842
-0.9847626141289332
1.2155243280608077
1.0837558892654031
0.18618549064595558
0.39150612360146886
0.27607103394833077
-0.780124659283312
-0.6860651554260424
-2.0214934061812473
1.4603985849860481
1.4143368792733109
1.1465644537874164
0.45750321338116434
0.5162785472319178
1.9878768281341161
-1.0958319664921063
-0.09902496636594989
0.134281887167002
2.190528867697627
1.1162788585757704
-1.4434736851704515
1.0556332941514266
0.6129780499607331
-0.09798499855392614
0.36417738157737767
1.8664492952800542
-0.06103953279949384
0.681497702901308
2.230213584525056
0.6435209090896247
0.3013612981988612
1.0322772109045137
0.5837261776252343
0.8447085833821839
0.45547130029487526
1.4384789878944333
-0.2616547076000788
-0.4279005167973518
1.5437468455605297
-1.3913094078760666
1.2614619608601756
-0.4709651382739201
-0.26846208802357013
-1.971689595744439
1.0837808543396987
0.16816772494840473
1.4810554005300571
0.3682243537597887
1.3911713710841205
1.9564896718780902
0.14563925784953177
-0.19062726764864374
-1.3801358683205973
1.0834421278670021
-1.5141896893790971
0.5275610831516134
0.8048544162544382
-0.24321121740746024
-0.8019374747979083
-1.9990262250335367
-0.7326095275267411
-0.6084275702188381
-1.8391540837966798
-0.4604052355847691
-1.7827374937553397
0.6127262397647185
-1.1382191324858946
0.1643921163537578
-1.687005795367167
1.1307510374168153
-0.2402835167136248
0.34953399016770814
-1.3276337606980715
-0.7012505973615409
