18.194153253967134
92.28485531922446
24.788840996684588
6.762819810424246
-1.5676611031499654
3.430923010189767
6.224317893301665
1.6978396274505312
0.9281521733108349
0.725173250551032
0.8911422570182045
2.6733048297048545
0.08869069119796935
-0.16559399443894385
-2.016130653689715
-2.3452707466287603
2.175300544840487
1.4245857817462504
-1.019528472038289
-0.11142053425492368
2.981241826630474
-0.569989490154293
-0.26679617219270957
-0.3112445157767648
0.010193634487973502
2.2859980534757
1.077997452898746
2.4959261903649175
3.2880957581242334
3.9934198247216943
0.9393316782720694
4.466717219743956
-3.137744397703546
-1.1387854475831671
4.251362040483973
-1.3393890824602945
0.831966141976461
0.5747611824816696
-2.8372196896096162
-0.8238351209084402
0.2297012797347861
2.080594630507895
-2.14980374203383
-0.15424602613651645
1.1991540986036333
3.1222767335705615
-1.1329396517372228
2.153633049174739
0.8268616290960863
-0.8872315660072895
0.7323455732906745
1.082519442428902
-4.6905407549054425
-0.23945711379462448
-2.3106347430192864
-1.447508858102158
3.7694969625732777
-0.5915971845667676
-0.9228861943102782
-2.202854555599553
-2.7678045994652067
3.5876461236999413
-0.7694016876889428
0.05174919803653438
-0.8644851472400098
1.6906191246754307
1.2896661165982388
2.168516324291167
-1.7469321259134567
-0.17251403005873353
-0.8757483243998595
-1.3215121269745724
-0.432228626303068
-3.999540291156262
-1.3943472351546702
2.2717244274541137
0.8886138687837329
0.911464272706011
-0.6946421871805726
0.6834612312708057
2.1079871177374483
-3.4951559456427805
-0.6515343156826078
0.9029270182143232
1.4562448275186437
-2.055721793971578
-1.1450618078687798
-1.754334820913275
3.6533836348132187
-1.1262774503496273
-3.7151164234053113
-1.456722674364305
0.44674309932541567
-0.14699243044578927
-1.6453023746894355
-1.4050413146962277
-2.5179088988838556
-2.0470334742067258
-3.181346506735268
-0.4116117129813077
-0.3111804469479561
0.7680694911592569
-2.2328535275237997
1.5326786939173107
0.17137559035942002
-1.1219947231125333
-0.2715273480774099
-1.0663920964125346
3.8180868017137053
-1.967592729503528
0.6483716078444887
1.0154520558376696
3.92840506174524
-1.640455419977752
-0.60131411404696
-1.0605735647309242
-0.7815467230622734
-0.6585975650902662
-1.9320721524199647
-2.368316395976906
0.6624849213880482
-1.3710207200546964
0.9967023625112723
-0.803274569236991
-0.5210045956862326
-0.9165337588410165
-1.7024681166144038
-1.0993139490147077
