77.21607882952557
41.649472240385315
6.705448779307558
13.492311416406364
-2.517207726492416
-9.68933802693154
-3.0612167105542465
-6.946831894058785
-2.8887884503373247
1.0840671135124818
-2.4216562723465573
-4.829195339297641
-0.600887215542817
1.2171470558413449
-0.2822315731417048
-1.037103554508753
1.7550296300010635
2.06595450174293
-1.4351649542005929
1.4548918431229758
-0.7081261686601928
-0.9440512871563356
1.0608509635965708
2.0459738229723645
0.6272752113312499
1.1730379917733316
-0.5251003414279468
0.3608997565669888
0.014691265136368648
-1.857310265663139
2.6099216323078775
0.6371837735356779
0.9193558747318633
-0.8477790063225463
0.12714792308868986
2.6937687978878864
-0.04073271176275439
1.078513646432326
0.5659491763900641
-1.1212583772085762
-0.18099232946800756
-1.2280097883139085
-2.3756550737570716
2.1235837519653518
2.09746365775121
-0.9426937734963025
-0.7825230547968054
-2.311376818563278
1.4661450377055933
1.5054667360833631
-1.7951713753667953
-0.4819855158565153
-0.4796705363278164
-0.6634041825688606
-0.878169281514148
2.311986513944375
1.4994316346201768
0.6039013064262255
-1.5258733992832436
1.8664092533771277
0.6155733437825825
0.7898551835472319
1.8146078636405318
-2.0693170212898555
-1.2386715300250641
-0.9663786986219386
0.5736422953051314
1.004406968047885
-0.028116332528893007
0.21366677768308018
-1.8931071436977174
0.2683977820442339
2.481162741529848
-0.41870118648785487
0.07741279360801417
-0.3457682220847582
-1.0553652483630134
-0.6626924659966509
-0.692696293838434
2.4588873453694626
0.8253799975655944
1.613368383426789
-0.33716441688657695
0.6419588215065556
-0.01870065978750396
2.2639752956160812
0.7295567826084184
1.8226459201089793
1.487312771175807
2.9830971315162933
-0.7351710734733515
0.3188178805793507
0.7341172332889041
0.9555153290760744
-1.734870291728229
-0.8670660434957941
1.4248027604756779
1.375576575221016
0.07919074607791257
0.9996079671238007
1.317313852837165
1.577538985925377
0.09957441943018831
0.33292584967601374
1.2781748146688772
1.6943905259538696
-0.7359085081659327
-0.6213618789345208
1.1344594095295564
-0.9491479400604099
-1.2013008488954007
-0.3096922174094683
-3.1179487368367007
-0.015464982330336413
3.061396775961154
0.2688586569724993
-0.0025912314651843874
2.5666010208243777
-2.2977767909204596
-0.12198681194328607
0.5964856370706855
0.6035258804647414
1.9969785629793044
0.45863322361682946
-0.5440703663766434
-0.25551699965747754
0.6787185799301623
1.7346239618306238
