96.73525628300312
41.04434869736076
27.184397821878637
-11.694053625706399
-4.719268450945546
-7.942627817736868
3.232989452885663
8.745544464109662
0.759452107439613
-1.4012480390915116
0.018230815542305212
2.1908517377552577
-0.411158892948048
-3.0506555795147277
2.1668638183951927
-2.9634675769211873
3.303239574665573
-0.23206828842452176
-0.6964968981109726
1.6396650250631226
1.953583255364356
2.7882180810787593
0.09611802379699791
-1.9135686196596782
-1.2817752652876766
0.1545885398103958
3.2669970839271842
0.24651920355579943
0.815721627344498
-3.1514224431614473
-0.13293478704153366
3.969219080175856
-0.5508029816572737
0.14246758335735227
0.5717038792151754
-1.9136367606961364
-1.353353770646964
-0.5322457836511229
1.186268621947581
-0.09892246481784961
1.1860176725216205
1.160194962415941
-1.4164040435021925
-1.8158633282091385
1.3847932977253694
-0.7066333295787531
0.5474888580425041
-0.7928942909239728
-0.7159472558880328
1.0828597310490553
-0.6603548657611307
0.297040366184889
0.40888366563863654
-0.007966252547183727
-1.0396317239757065
0.23947453233958105
-2.7363518890970675
-1.5861598864368063
-0.4139629822272487
-0.24105167684509615
-1.3933028410404857
0.8183042279478452
1.737963731438609
-0.6417450783463111
0.5324371763010652
0.33633872180454155
-1.4316792936638043
0.9405115028896104
-0.08870436441900016
-1.2026136777417378
-0.2488117365133366
-1.2688953670327432
-0.3677463785423842
-0.9352661327765666
-0.16348748032644592
-1.0686383453769146
0.07251362977802059
0.2234600353408423
-0.1557462983938252
-2.0717178479780163
2.0704191477302976
-1.6047001635934812
-1.0262757878863613
0.7853142368282378
-0.4259431053959041
-0.0012959541153903242
-1.0007962931317413
-0.9435091922933656
1.109131020629164
-0.38571775199650626
0.133397901576126
-1.525146076997024
-0.8754867548895913
0.5790021265285773
-0.9942361390171928
2.112603164308584
0.12158354277310408
-1.5910409089848903
-0.7712871422752786
-0.39254525941611007
-0.7421706810436538
-0.13491197699619117
0.1863541169090382
-1.2417559032778296
-0.2709719648958903
-0.9259297559962707
0.45348482059791356
-1.1056281013683484
0.04415476607505464
1.2389348724823386
2.39638442129746
-0.08861875815303889
0.951114204442364
-0.9083501112480822
0.17352939440480333
0.3152463547589633
-0.822711946216113
-0.8491395966274264
-1.9952938018896267
1.3112369747889867
-0.8064612427995983
-0.35028414437275857
0.5834406460858967
1.822779189681301
0.497832616595318
-1.7365252319163182
-0.10926380936246216
0.7851833676756726
