36.624864052306435
-58.3397521746476
-11.693278020181161
10.57964757078804
5.220556369182662
-2.9698744213371584
1.0058884990779264
-1.709444573929466
0.1843862744750942
2.0612703422597054
-0.026988081828356436
4.408075460789892
1.6902388192683186
4.093042806098497
4.2019738956119195
3.1719393635757247
2.5583751354501025
1.3634032901405901
-1.395987964978997
-2.1971518137801405
1.2216017187975816
0.6306851316754372
2.5610610970833783
-2.4034908215851427
0.9704417488171534
3.853592390179971
-2.8998850862281866
-2.4756322698524404
1.5882767639785473
0.6800155682799797
0.709776261508416
-1.802630263884144
0.5125678449031725
-0.39730301815995184
-0.3042550762587305
-0.3346353452267692
0.4902950141317773
-1.1317078252206267
-1.24713213139444
-0.6039261679619556
0.9459840157370133
1.2884059965264067
0.46327045640410236
1.9176455361986884
0.15523095363067663
1.8580844574663054
1.260989891165905
-0.8937467260179625
1.0982040507843105
2.796150178994915
-0.8708164829383481
-0.4493698244860937
0.4926708191181585
0.29563309108111424
-0.6059295680057699
-0.824607109946653
2.5235662166310147
-0.5000457948520614
-1.4673439548318528
0.18321276608750417
0.24596132778653654
0.14051790541401232
-0.9932623622653861
-1.6901473510331555
0.40687082817102904
2.226494708021463
-1.4138812889260812
-0.5384405423787407
0.881806136376869
-0.7281009167889009
-0.8310488990487269
-0.20415585697066016
0.8176492766557141
0.49405496820675876
-0.29998977656381165
-0.6604111934497494
-0.599205189699674
0.3776586296013754
-0.4179892377048273
-0.07395964279344469
0.39607434899229754
0.20663490378884816
-0.15012905458784961
-0.2984557533832771
-0.6904662226185531
0.6993307713455867
0.4900389783863803
0.38955054502329467
-0.5065233563810515
0.44834979052085105
-0.09290673198838338
-0.2633790756963505
0.3106320646640117
-0.5677872753231864
-0.06372214193238107
-1.3094316215564903
-0.04020786472835702
-0.14839060181010288
-0.9493541729509949
0.6544510932526441
0.4884586448209922
-0.5511744808167887
-0.30936484895601024
0.40949727221184506
0.13232338035124536
-0.8640957812068304
0.028857120888270305
0.5608630735437689
0.3895751287384889
0.8818953193689777
1.0222775158353887
0.3211446742219641
-1.2632629054821467
-0.5349804885976838
-1.1811030224286536
-0.08056352076017462
0.16703052990061776
0.3250059086300586
0.19254625678158704
0.022627591993910456
-0.17223010999518018
-0.09941459998822338
0.18062332743962237
-0.5747155038154632
-0.20957688208443243
-0.05233165590377357
-1.4257979169869772
0.7521204119940608
