-47.07663249004486
-5.273951074749372
-11.274795911476728
-10.137631502318884
1.2794608933188591
-2.4460599174406408
0.02139951240604382
-0.4052608635561757
-0.26231360003980897
-0.8651036495249697
0.8757276173051894
0.2497242789477116
0.989374860001843
-3.146694798653026
1.0175577530460727
0.8975106006718404
0.5417442014060245
0.2389082498473969
-0.4738232145390727
-0.8885021699455298
0.4035152070876078
0.08105975241609137
-0.16778787818161578
-0.9165485130845419
0.12102116567631255
-0.6899664214029795
0.24130849018187966
-0.3399330706319253
-0.671611104779386
-0.01022451204248745
0.40350758140761317
-0.0452189686397344
-0.34430916205117396
-0.03120803380016482
0.31311626929196357
-0.20152183014593597
0.21792535379755518
-0.1568494308495749
-0.029202728787174392
-0.7299655560955127
0.2460300859671124
-0.2618686539582405
-0.5828549464136574
-0.8974120679070721
0.5384428276103806
0.052697340447895924
0.0561136729648383
0.26489172332677746
0.29706367464810135
-0.17136738172482338
0.3766689626320021
0.07417255512245904
0.36324445082553
-0.3278380690363011
-0.043966618539171554
0.5856312267639263
-0.0080140832172486
0.1372033610884263
0.8936188779449576
0.31182356568064673
0.5618899118971783
0.8230177228646872
0.3447832340316501
0.06958310573367009
-0.5565792519456961
0.1509825674036096
-0.16471086974447402
-0.5176152262138994
0.06830274371419519
-0.08802242298391198
0.09538535503446106
-0.059682409857744055
0.6780771318685604
-0.46112050540620453
0.8046280411788953
-0.3306579357072524
-0.4037377534004097
0.11838736713104164
-0.6345557120236726
-0.024809534550202073
0.3177655281206067
0.5414728955825503
0.4278630416354623
-0.12049099321241641
-0.5925420050575205
-0.2136261227495605
-0.08767244380569314
0.01838893132680694
0.26861556985059376
0.5862541591340215
0.15315202026934466
-0.8412666559815863
-0.21513915919808793
0.28748948705833965
-0.30461547476834855
0.12802934987535836
0.2648095061670284
-0.19483671967656954
-0.36934887104790076
-0.2467563095654064
-0.4520676786894897
-0.21724231919463566
-0.2404540824539538
0.04385346794380325
0.14493709357461
-0.13110387812659513
-0.032832936274909935
0.0032871551292526224
-0.0242281535316579
0.2463638196089752
0.544094727395212
0.011295057705975928
-0.07039256391394949
-0.2723990231716118
-0.25709074479300265
0.8825459158326218
-0.24405565894258463
-0.46776559972021475
0.6047487847630727
-0.22258341296379341
-0.16180747398262194
0.36751473372625465
0.3021348224576343
0.17009703523818867
0.150201205640583
0.15673857356670892
0.25681332179808347
-0.39176791068648953
