45.54533783999835
-62.42131058406431
38.700244613105134
-7.146311825286512
-3.3131664503735725
3.030161539389746
4.477588031126983
-1.8828400765912952
-4.280562498778112
11.135504822713745
2.081077364938223
4.469515047657202
4.914909052538226
1.1985401528665025
-1.121582140658554
-2.644223014536943
-1.0496058078221828
0.8824081489626892
-3.7641522514075065
0.3832008030402331
-1.1824508324139735
1.6478621664215485
-1.957156836323137
-0.3549359409713809
1.3473110679735292
-3.81141515309797
0.9341065263722232
0.5539461054166674
2.0910698318446252
0.25164871188063676
-3.6576131916002566
4.072722690835797
-0.21426849025811473
1.9255332841497488
2.096454150550909
0.11982469739131352
-1.1768783514715708
4.106037636052424
-1.8920556808283617
5.435383283559064
1.9106357840430626
0.3543900054700538
-0.6583208533342424
-2.5146776376725626
2.7612622217385994
2.1214491597521152
-0.04544683498830923
1.659234333145101
-2.695835799139405
4.825975133602476
-0.6403255754496855
3.274736521496106
-0.5461960927880063
-0.5559598731576939
1.244196959732878
-3.012506237860364
-1.0351196978308481
4.44171027319829
1.2441973064115956
-1.4802437133065085
-1.6220751187096754
0.49132459178486587
-0.6395657756753534
2.2804579957503046
4.688512750378967
3.836631929343843
-1.4517035971715009
-1.7029749873591782
-2.657310102086696
3.4087818613135923
-0.8893970746229805
-0.5884200165063975
1.2745879715352435
-0.984109293339052
-1.190514308671752
-1.1437905626376703
-1.3848930259517025
-1.7059875068625407
1.8926457186354475
-3.3920077356309157
0.8139193923597745
-0.736909646301804
2.527150094232318
1.476077331213848
-0.11394913504075956
-1.6827695415872161
-3.155167850624807
-1.185249769015523
-1.2372771543447887
2.445974963325081
0.7583365349627558
3.247300145610964
1.4489881329640273
0.37039814140105765
0.15059266603819033
-0.42425200247396944
0.5201562928717801
1.405979086659298
0.1682442016181831
-1.4613221213384757
0.9638916794385582
-0.7306584437695368
0.46567887175401573
-1.4164644604038001
0.7929795770485218
-1.828019551329189
1.9599352826109873
-0.7380524506390866
5.7270403080503405
-2.5699028519339944
0.47776796683097594
-1.384277365237385
-0.17370600906154898
0.49682482730266286
2.6768575440141453
0.5250500997655877
0.09707231282896579
2.1495755116772575
-1.1403567030655544
-0.8441746426905485
-1.9255213844862362
-2.148924922260421
0.6248184644149622
0.5464821433153964
-0.09387214485831283
2.795237055426408
-0.5384219395343868
0.03732370086070859
