-48.59521239336404
-4.791123351176623
-9.708240073721342
-9.04820714152961
0.9262605199349769
-2.5307197414517426
-0.08836181347236849
-0.991467833036912
-0.05791227672747473
-0.9999704571171282
0.7587895502509167
-0.13843585812323236
-1.7848502333252643
2.619043993669534
-1.537448529049319
-1.0211217642625232
0.22985647425587707
-0.4420525856771671
-0.3558138994968709
0.6471677240442771
-0.44182971832402607
-0.5151964660412066
0.04201165268683438
-0.042528451450737775
0.046968197274996015
-0.10912529384840056
-0.13159829236439627
0.29456957611865736
-0.36645205840473083
-0.2624207329925322
0.5067880379027654
0.4382986407756816
-0.41598699076688084
0.22862326904781904
0.026756943240430986
-0.1516655069039925
0.0004967481390023148
-0.43758247606487005
0.04242399157051438
-0.03231250750841855
0.1450549968723217
0.012850345282328146
-0.08920969818757285
-0.0028454050558880672
-0.2526078700255724
0.3233518817440452
0.38555460082634974
-0.024078934634109234
0.07944229729363088
-0.13840508464356252
0.2565140643610513
-0.07575401777056176
0.1622554541338393
0.09588315552095958
0.09443774834830035
0.014661807484729839
-0.1048929730075865
0.2396186570324582
0.26525113052632
-0.13634117530028073
-0.4186184288361592
-0.014743821338427963
0.03309845469570112
-0.04050657388033024
-0.26347926252900616
-0.20027716270149487
-0.16440305949059608
-0.19068976893786993
0.030297316344136266
-0.13036852438004684
-0.2938192987786664
0.10447811149261939
-0.15758514292117826
-0.1951817917242693
0.13567479348600714
-0.33951124414832057
0.3895735120101322
0.015616676278572314
-0.19444652256829142
-0.21567789263196818
-0.1641323305564091
0.05591273695444264
0.19700387988787485
0.19522067102602336
0.03428262359192911
-0.10652328009740046
-0.16487040611175952
0.19460636909857343
-0.38297137780745716
-0.22382020967597696
-0.2975033083171703
-0.07534245680021356
-0.020818886948322846
0.3734274584463807
-0.085908334642478
0.26994994814805984
-0.17656114452706106
-0.24771543551764383
-0.09923096320030865
-0.0749394771413288
0.50445788938638
0.0035235005731651114
0.4580156185521775
-0.01718898486495769
-0.2594243746129859
0.14226211143410664
0.12628050577607242
-0.03541575800059978
-0.08589499051701253
-0.10676139859705633
-0.33897370968441015
0.3306777094168714
-0.06598620031232469
0.24681887542290723
-0.05139317582543459
0.01652707104304467
-0.023961504547021693
-0.059094620655014946
0.11074532820244587
0.28366300165864733
0.08895522481685972
-0.23654141725462305
-0.16272666810486872
-0.043804200561025165
-0.03006522736062131
0.021900957556869598
-0.22880696476232976
-0.025624902834735147
