-42.47196102862566
-1.1091754572909451
-9.032325875565876
-8.89405575879183
-5.3603499146808185
3.343094742250877
1.2905311393668664
11.035816114822804
1.3675729443031392
2.0389304302304057
10.352354226958493
-4.078072609999074
3.336431495844593
-1.6809185038522774
-3.7516984109429194
6.739779030697211
-2.180386810438617
-2.00088971116929
-0.2542571914271248
-1.834267420301235
-4.664290439873527
1.0660003192085166
-0.3690384353397594
-2.045361061212888
0.6123634250905792
0.9396580230606503
1.0797374045720756
-5.4738411261256354
-1.173312932784198
2.7931116601903714
-3.919029733428444
3.988161534273133
-3.4727852938656576
1.0557695174121122
3.002280706239408
0.061973251622860034
4.516924602635117
-3.580711519717404
-2.1184059420458063
0.12835619060309636
0.5349340656514461
-1.0078236550523227
2.0227232876490877
3.244042142236213
2.8290844227061864
-2.28056648735672
1.8010906935118307
0.8912127684060334
-3.9818542257958014
-1.2251122212717191
-4.832874830602775
4.103838110695128
-1.031300591767964
0.04475887920445654
2.898348551298318
2.0183325431535315
0.32815373644945445
1.5091224495892095
0.05021797055624244
-0.37503430501371304
-0.047719293847120633
-4.123176997753041
-3.6946981032366306
-1.7073728004061683
-1.5156644442809752
6.2679424293861175
1.484271167234368
0.5881432030400557
-0.7558605735253231
0.6358865437621984
2.3880216312517586
-1.4112007467892749
-2.7710584671291882
-1.0577932262237526
-4.761634286414992
0.7197990565529138
7.26608063879715
1.141338469298103
-0.4289047495848851
-3.1064139452996318
-4.248379808382672
1.5999942899875412
-2.3804260502648877
1.1251719401532942
-2.2102783983707965
-3.0241183211774634
0.3662492644340417
1.1036412656383077
-1.817704365566136
0.0031173168645851415
-2.8910469123166647
2.846454460282383
-2.0600140479482136
-2.2777006971448683
-3.2801503695643777
-4.653984470208201
0.1139736570543654
1.7157388133181848
0.2460259126231119
0.5310426367652902
-0.3255685437466635
0.3820411332276605
-1.0553741301318924
2.503017663744092
0.9649737405810678
-1.6188233238399772
1.5738420248978526
-0.8066037105154067
-2.490654348460476
-2.2845922566329837
1.429802113497882
3.722368678584211
2.1602930454535034
-1.6432968026528305
-0.8565634667459594
0.10219592957126214
2.649193111166876
1.499636294064027
-0.6735643882440352
0.25821576492302556
-1.3704144826258604
0.5949709510594646
0.2135748109259148
1.285634772263641
-2.033867865061129
1.7098813708016958
-0.5027976259421387
0.5110693521394049
