87.64693279669717
22.442944623550595
-37.207975766136634
1.4237636267162694
1.4375632046560494
0.26003083178085673
-6.213399665870139
-4.9193492745276926
-1.3454319875735277
4.191727494907755
1.706690276123179
-1.5290073017861243
-4.994149423191585
-0.2949854999715851
-0.22403404581142483
0.49668546460336865
2.7676420167895697
6.637216930871918
-0.25018777600398856
-0.6696623261881268
1.1598770808793097
5.828845638151683
0.857807773976147
4.273676802522612
-2.4720518104524287
1.377010849844821
1.1215116939333944
-0.20627692802066383
1.6118318278099013
-0.804180678258054
2.0958350102739836
-1.545743340141253
0.9457659460284846
3.26995503883289
-1.0882448630837136
-2.8633107578968446
1.1416628886025664
2.4539558219208324
-0.5611141471296619
3.4743950721492705
3.0732203791472146
0.17497168907091293
0.5121571054423096
-0.5037797206867491
2.9776983205138703
-2.663047789319432
-2.2742257100289893
1.5800973521511883
-3.9204824336827135
0.1691043012792937
-1.225121218055217
3.3787116741007437
4.55547926762627
-2.1492080987423074
0.46852012054393866
3.6952042212969127
0.6142579381571921
3.0937153886921576
1.2419062759810233
-0.5428646470726827
-2.2132829267008707
-0.11042815065987854
0.5301871994663974
-0.8828614324439338
1.3960686118344863
-1.2380289804706117
-2.0115962861542003
-1.939569792678469
-1.4307965228339232
-1.4716308347501108
2.020016362314504
1.9840489039283016
-2.020064647179252
-1.026028538281852
0.6713284880624466
2.0727824612335763
2.0674769326160005
-3.950253634845941
3.6351078715812952
-1.4354564164438905
1.6205544728218177
0.5358792453637596
1.3639815239354391
1.367011412613783
1.4276894714779886
0.9017682157402682
2.4315290340398446
-2.873801179879417
0.9592528891802056
-0.04714556639980916
5.852602763102389
-1.2864749526678767
-1.4660662324181435
-0.18324650758277075
1.629549823833893
-3.064236035110379
0.9243983904261505
-0.19310759287424145
-1.289709561662897
-1.6653121655384688
0.9692494488076464
-3.6226960078929227
-2.6407379063767595
0.6613894269495071
0.7993100113434707
0.7265681595400604
-2.459537784783895
2.9260145769394104
0.7788142491930681
-2.0829761610994386
-0.8136997764427194
-1.3370423098548228
2.1362154939547886
0.8602050639097587
1.4558524330714102
-0.9670165945314141
-0.32291440905658664
0.4314802959417371
-0.7712168791228377
-2.482571366132597
0.8452734745134212
-3.8456693064027987
1.4728579106940967
-1.3645084452572864
0.913011870225126
3.547408421718256
-1.0587513717485342
0.42335175377719797
