-44.91565917939599
-0.6048479173200412
43.01748065047915
-8.616600019280012
-6.617402967090791
-5.3950632915608345
-1.7062633196831112
5.847065355606252
3.148612250906365
-0.0979046801516833
3.7396550611605024
-1.8798793497577986
2.9064472587411916
-3.515089144887293
-0.8541651042396559
-2.8514911838575325
1.7299080468705617
-1.398820163983512
1.2947161286827176
-4.385401008767905
-3.8464245247060638
0.8871075600485274
-4.585707791842782
6.242499223471933
-3.8297155807202903
2.9384907722075355
-2.5438503265947254
3.4569344477830244
0.45426204379900825
-2.1959955181863693
0.5421903890652259
2.118662058084599
0.08385919212347058
-2.134807858878917
-3.938722773248202
-1.4813180524872038
5.240591523446586
-0.3612621280570474
-3.312643825985724
-2.254147761530663
-0.33144608429722344
4.0307491998871985
-4.325066703385586
-0.23851172227070877
-0.9942689371292137
-0.5462770092065357
0.1241967828588012
3.061746865161035
1.0896826338648926
-3.036072947297188
-0.47334764732075496
-2.900049529347632
0.38068512308493746
1.5276206089078113
-0.39254207118112094
0.8424421235974673
-4.0399018446149
6.8596914031098555
1.9712295274525535
1.1138163922258577
1.5472289860888364
-0.7271542530033723
-0.8789661721279636
-0.3115665097213682
-3.8812998817364504
0.2195614456492237
3.183933227482592
1.925478610731421
2.954254222148009
-1.9286246490356445
0.5935086251171877
2.1094007258073675
-0.8669629255755613
3.1697431690677464
-0.884585293952429
-1.175298220079797
-2.0610654989363644
-1.317687014196129
-0.6937192292658317
0.3480587047708466
1.7445540608802033
-2.1686910155892147
-0.14299958693240686
-3.1037261128450777
3.3786652325855484
3.989076679224073
2.742947546949464
0.6210078319009062
2.4216858909218724
-0.70714268942768
-2.8995708360627854
0.8567434834079258
-0.8644465349521823
-0.7512705726742548
-2.8421218407172635
0.2120168876659625
2.674335558521616
0.536879053946617
1.9732937899955953
1.724242061692289
2.7258293296127927
-0.7358890272326823
-0.5685609970324766
-2.0275629172832286
3.806454866653944
-1.2469557671542557
0.7718962772900502
2.9563739379036544
0.014524879021742931
0.353749285728535
-0.13641244193953747
2.136151038601827
1.0860734785304953
-1.1879338354487787
-2.3034996815887445
-0.25898243554485384
0.3953559531962389
-1.637339207573275
2.7345220275744455
-1.0520547968008571
-1.0683585934580644
1.188723725052188
1.8676071743319087
-1.3483070469897775
-0.23356526955744758
0.07500242851208039
-0.8862068234026179
2.913963749655397
