96.22078754170732
36.27171316064137
26.97603901622651
2.9813463152721207
4.321257847825466
4.998745352955802
-6.4648725799918365
-0.16731232746151936
-0.700986634915467
-4.27893519291431
0.0897127722711587
6.632137093033049
-4.771615393343359
0.7207649949235865
-7.702899454139576
3.1411104126068095
0.7923854178444509
3.217254048023999
0.9520113481764576
-1.1932320823843616
-9.328378411735036
1.9708707272833248
-0.3318408712452314
-1.8641802687936204
6.273764356863006
-4.150377035974844
1.0826677794550965
0.2280309272582495
-0.8787596874600447
4.639895300845809
2.4510069029674284
-2.3013270178910235
-1.0388209500041077
-1.9589785281645473
-0.22183553815161738
2.940062126724552
5.298017000621261
-1.7144569494986917
1.9598285403564943
-0.3109839375466594
-1.9832058196941205
0.09427379697626206
3.668614155745357
2.0658811546231655
-3.596615556661452
-6.550238708470151
-2.2483003956637244
2.2024572722750357
-0.03239919332879003
0.6914107177690709
-1.6810036175959748
-0.040622348431065186
-4.558135709146485
0.9361505622816166
-1.5162161637737603
5.302900213623835
2.4841693897247024
-4.5814726728277195
1.7211097391681716
-1.0494804900245798
0.337191080641457
1.4835728832201693
-1.261467771254773
2.733031691568783
-1.6030419863161094
-1.501206487490719
-0.19000960792606092
2.243500428331551
-0.33977388784388823
1.4561056205373375
2.77632246218777
0.3113878860374031
1.113113256816643
-3.0141224018226747
2.793476233103057
-4.318360528205204
-1.8172926073934605
-1.4492354135903338
1.358173693562684
-1.1146503955274683
3.2792917655007816
-0.1619322568057151
-0.9982830826608872
5.8839900394070686
-0.3659071883722379
-0.9915649914877283
-2.4388263659009857
-0.20528856170765677
2.621843337531594
-0.620458670559692
-0.5786267213765285
0.13444149206532896
1.0498800624571247
0.25548669060595264
-0.27853973724963316
0.17401143407592734
-0.27752460956720476
-1.8957865308946376
0.15214218390320308
0.10346095909753161
-1.4017032873027273
-2.542381274582776
-4.075929457578461
-0.13569682156520624
-2.0459608411212034
0.5091634721480931
-1.8274833360318476
0.06928281625803961
-3.6931630571530576
-1.3466879250689154
-0.5163530793673617
0.869847024700828
-3.671120638076677
-2.000739661244305
-0.14473668643054433
3.000845467446373
-1.6179377534688075
0.39811568541017095
0.37238884166793895
5.207053445861781
1.2666547750207158
1.0574076991953196
-0.15911707317090104
0.4964553677011398
-2.395006110735203
-0.5563795628311188
-3.5412695840002377
-0.308614294763091
