17.111009305774413
-54.69376304577396
-22.321748295307092
9.6265947805805
0.9663334380991504
10.486200049349062
-2.425118521891865
-0.13328299373485908
0.854104516123542
0.10372544167488833
0.6428546799739578
-0.19477005253340052
0.11317669079809292
0.33996614540681397
0.5778617740102834
1.14856753446339
0.3014841984662104
-0.30460704694420276
-0.7506392546402569
-0.4001290819484732
-0.8783367060608187
0.2424401811190428
-0.3939661847472249
0.7619706639278151
-0.3510355350764635
-0.4837806711953799
0.6750709412510004
1.0474328626377833
-0.5052831563793683
0.6406456428579332
-0.044590905803690864
-0.8331005933658658
-0.07770105174704034
0.3839921596108822
-0.2844723901221055
-0.6761986921883437
-0.15527465759635808
-0.3343728525916135
-0.17410594814643046
-0.09491303557504752
-0.2580380578760665
-0.03284250383462707
0.4281506860399213
-0.2442355969369136
0.021071343675761092
0.009179540252821666
-0.0015505052789567264
-0.5248802441343215
-0.08959142701568476
0.4275562189851617
-0.32459135734913536
0.5684595127279514
0.16593535924239122
-0.01406161127962452
0.3499827189298916
-0.27798521375082474
-0.15981780496184322
0.23996976186076077
-0.11128508451248278
0.2692527671533543
0.07651298244638674
-0.22008730470678403
0.7129222483462833
-0.07098063491737422
-0.5296990389265148
0.27954691409046867
-0.2757091907005043
-0.40300271931497855
-0.12281856016389991
-0.10269505400918938
0.7177322531296129
0.12343666715849769
-0.3080008727372161
-0.009802461006216068
-0.014477087389877897
0.04174127291719121
-0.10243504831070854
0.17718652805825608
-0.19879136630897493
-0.061167549486369474
0.1593692175008083
0.718455952447051
-0.3178509131248578
0.20975379723956877
-0.22719569803346382
0.7642301063812118
0.6681700505422432
-0.17648243214893336
0.3800172744907767
-0.24657809445453222
-0.4095021938824079
0.3480870541403551
0.2615650423516026
-0.6033463077849327
0.12171411824695823
0.4226934386822267
-0.11851964555795638
0.8795112355355775
0.1503436573628591
0.07917246827407294
0.21320169041770878
-0.5645508036135264
0.49183931924646007
0.5918085002934332
0.3987384978330132
0.3884880682275406
-0.09395524012378186
-0.27039353920187503
-0.8354670094573237
0.041634365549655536
0.42839722479252285
-0.35017908138821147
-0.44423169604716506
0.4764831653518311
0.33190229471908583
0.7970589812976822
-0.5286014934403486
0.37215302784184384
-0.4799786153147575
-0.20905303354186097
-0.19785508815734776
0.11403832160768282
-0.3346818732049469
0.11018914380690788
-0.4286281470132479
0.2606880168410982
-0.27359532708177053
-0.12774741895314184
