-40.79844279222632
-0.823932858748934
-3.0179770270969613
15.499458839400123
0.6856003268940913
10.065442268214564
-0.44753340319032825
-1.336817956485239
-0.3517975818812949
-0.4564294313613273
0.1813374786676925
0.0069649527099310965
-0.30045738544213335
0.6000744627794679
0.4279701928214873
0.8535609976091182
-0.03372248602518052
-0.6462038851999076
0.1954870994290151
0.27135547033461155
-0.023698408894856332
0.3228525675248541
0.11127029674226296
0.0304747365799901
0.11343463209355012
0.07392979153472128
0.009525601926617253
0.07814349958811337
0.3069320534637189
-0.3314112545792494
-0.07072363146884296
0.11486234690557985
-0.08823190197485936
-0.18260581536003767
-0.5291975304838371
0.4145301764514393
-0.4153805669227706
-0.033304002148285675
0.1831666243352663
0.021108865263349444
0.03489312705809731
-0.11123861327927659
-0.328632144132016
0.25852403095027465
-0.032721600039975846
-0.49335225490761764
-0.16141650666068075
0.08618268736895725
-0.10470671824097927
-0.43349447827557075
-0.31213358415585735
0.01884678072630909
0.44124230018435195
-0.09556526056571381
0.2773446476434052
0.7695104873874745
-0.3735130153640753
0.3882794191813068
0.29707407572741157
-0.5258341152656384
0.06995672251946425
0.0996170498763256
0.1420138032617287
-0.24409902476635426
-0.3719495619675044
-0.04598278161147165
0.33757699217506915
-0.38472973255417636
-0.6758369907567627
0.22686267412720237
-0.2880659985760192
-0.4694940213332507
0.14748502479383332
0.02039582412498807
0.293456731797793
0.07809547686027016
-0.5467684631718206
0.09512385656593958
-0.44359868793207047
0.26436605909317235
0.15637736535626257
-0.15885045858820476
-0.10813284640092174
0.38703150962966754
0.08401112292536848
0.10253278105534615
0.10585881555176015
-0.356115596576433
0.007024005199909963
0.2299967243749036
-0.24431094631016204
-0.014820600728875567
-0.047547307292176925
0.16793664113582174
-0.178205882636116
0.19625610389072332
0.24153647428145666
-0.478860116393746
-0.35728190684930444
0.1063947553342275
-0.13091316073043613
0.2749141252983288
-0.1358459805345496
-0.25013024676493656
0.1024917302842925
-0.4254686368179953
0.13050034854395776
-0.01778055956544307
-0.48134603056757924
-0.048240668079490186
0.03773931756388581
-0.4583167936662477
-0.09263312923539278
-0.01236086321509916
-0.09110254955020497
-0.16601806250433065
0.05669043135792995
0.08154369847759735
-0.24992910548699906
-0.005706226238638595
-0.19108272816399682
-0.15818169373540672
-0.012578138302044066
0.2689104093257233
-0.03876888782029196
-0.15067748791901192
-0.09125702319961168
0.03348302293273092
