49.02607309807999
-41.26569873197706
54.61433159434297
7.113073990412321
-5.091346764359225
-7.890171223387702
3.6399403431495596
4.077527991901753
-0.24734238406215617
0.802626531132735
-1.0496746936962154
1.9994834528540657
-2.29564109555845
1.026458807510893
3.033242104932709
-2.1609714907437216
1.6062379808723457
2.654919126340748
-1.6832240866708077
0.11448661852477765
0.7845168087047583
0.7988587522061786
0.011457237417819344
-1.4518587413360318
-0.8604411452896601
-0.6682063616464321
0.6868046647805244
2.0730139237458074
0.4541690898075412
-0.08558907235444696
-0.23643880430768274
1.6194899269175465
1.4002080546010205
-0.42231215772410047
-0.34735532272487996
0.30493792797658326
-1.0715727934011552
-0.06541839822746101
2.4145275831393795
0.18499644660945835
-0.39851504493479006
2.8563827723586344
0.057738722574170495
0.6097920065433413
-0.09497010956208453
-0.6845414105307529
0.7709084909299458
-1.3725689705167707
0.09451673493997564
0.031211547785152255
-1.4574001740717288
-0.6692493882752856
0.5328109769859571
0.7218713909112165
0.4999101632039089
0.7965936813557294
-0.06605757262788656
-0.42142668170788666
-0.9577434732138633
-0.7015109972498813
0.08928595237891898
-0.4058356824513538
-0.031638742298490896
-0.20752963209302117
1.9375110621725742
0.9501283529766891
0.17242877901062548
0.24060155237473083
-0.5373902948197375
1.1669334486753253
0.7748864316287973
-0.19009945183905747
-1.0525127370933698
-0.795138520150403
-1.4552454842603322
0.19926146663305633
-0.7429655916161764
-0.15928223414083428
-0.5647960085050393
-0.959755796207588
0.6827073226864716
-0.7265844070422551
0.038764987164584375
0.6536127525293314
0.8605740090489344
0.6983850891032888
-0.050897592212517564
0.5328296731278446
-0.05047044199346308
0.47541985979008367
0.5522454161025976
0.008302109950373615
0.14879736024613122
-0.14979580542212523
0.4546999434117386
0.6737356331369749
0.9636385766702277
-1.1375204355278092
-0.4973733828366266
-0.28410148469463825
-1.4957469349169987
0.2751083878281496
-1.6080916021942888
-0.09265274865642045
-0.6982579932742465
-0.30873919680197803
0.13897458426883735
-0.3687312279438408
0.4031931200526326
0.40038181276037965
-0.09464530965411377
1.3648302335415665
0.053916319309763566
0.5801398334662141
0.688850819255613
-0.42235326859143074
-0.7488110919580219
-0.15615164735233936
-1.283512601984397
-0.004592055441896392
0.6664677812479857
-0.37315370016113675
-0.20402970402036008
0.22347166514076355
-1.0847200979543508
-0.05513780715907475
0.16835372200286106
0.9547360981452988
