-70.88146437713799
-0.5433283139661409
-5.1453523282391584
11.398394632483528
-2.360515434902552
-9.878855035511066
-1.6450030014330035
-0.9203204608950595
0.517423646343738
-0.7663075665645158
-0.1756887468482661
-0.08511852459359295
0.3700665180741632
-0.26038979616901176
0.03941364735835792
-0.05520501572843273
0.056838193723074165
0.19563174681550122
-0.0681782252724219
-0.005271392524830214
-0.07379236207397706
0.05176000265221903
0.13337608185179894
-0.07975930004682671
0.06801163635521064
0.05128577841097806
0.17823614612277403
0.19247196242381842
-0.24254336552548225
-0.20633728026215198
0.1999203950133801
-0.02363982553745979
0.31976083108126185
-0.06966407628367169
-0.09313231281280475
-0.438736959368853
-0.054186858477233646
-0.32163924107934716
-0.042979801883409906
0.06022051506743411
0.13111001330358674
-0.29052232600629996
0.18488821409459774
-0.012331560085457598
-0.1011102766639513
0.20557214056411083
0.22691116300881378
0.04944905662089902
0.11274211721761565
0.22493417788530748
-0.3171845873700677
-0.13648038358032
-0.09507724388644656
-0.19705579373479654
-0.08887430591422371
0.500982589906019
-0.04584416642360298
-0.11283695422373477
0.31815487033165796
-0.23391439475821812
0.06178552071164955
-0.2379191903514151
0.13275072667213397
0.09305762967216649
-0.1428596993908853
-0.1396477224660334
0.33392624492026707
0.2048855415880534
-0.18764476175199962
-0.009656795660362497
0.274838771226678
-0.19662676767303672
0.17892310104871148
-0.20742796270602953
0.19309246107313174
-0.13785080930384191
0.3180913299142333
0.2187481071459489
-0.15948860294733336
-0.1720298025782391
-0.020437119314024314
-0.2095082571265334
-0.027366445640832723
-0.11155507924106967
-0.2930427339357583
0.04237715549625033
-0.4269685264109415
0.15162616286344624
-0.27206829550408396
-0.007229936139678025
0.0591166419773876
-0.08631361306905551
0.2934266410131506
-0.21673310095292428
-0.051904554020669146
0.16182089102978997
-0.2148367746912844
0.05713126309676725
0.20301565383604467
-0.030951660265532796
-0.2887303298210236
0.1303080935940626
0.11555688405232668
0.2634240586864266
0.025140946052099933
0.3456176178612278
-0.12775798446719017
0.385815383084511
0.1809540087736568
-0.08482969150094419
0.151813088164925
0.060532989018113374
-0.08185214410810565
-0.23494594581939343
-0.07768901072776963
-0.1334946617754292
0.026470226876158194
0.2470388776276874
-0.09863855264958743
-0.03664858019786707
0.06093694480191251
0.04572359347976006
0.04791775145122968
0.3595734551184897
-0.22517469192513678
-0.13074375545125247
0.09150493722568795
-0.056524784530780504
