38.958600810725436
-54.333566772522886
-9.807397105747876
5.579247209849019
-7.621099904740065
6.7116019386678865
11.658213388868134
-2.8985249376990923
0.29010357501852346
3.4511849238907244
-0.19961231591563955
2.6111067063835276
-3.5115708152331075
-0.6123213587370706
-0.4530743112943999
-1.5149127179352793
-0.5300863646637639
-0.10128674625447541
-0.5436061942581173
-2.4391072502690374
-0.7192336246262779
3.483364597197122
0.7686714607972561
1.5622579605551354
1.5858604333316215
2.304032056801437
-1.6584465584171242
-1.8555277273886057
0.1596669558531396
0.2317676844586195
1.331576467020233
1.5666606247225778
1.812056284844423
-1.627130618965386
-0.02944452429893063
0.893966762042639
2.895887387582335
0.9414326196428178
-0.05098494174245387
-1.0166890307568004
-1.4870476144676807
-0.2685642755886962
-0.8122079807429653
-3.073101244101876
-0.7623660022050961
0.7103059854509146
0.11250341680892123
0.3147043140931791
-1.882354687753151
-2.5453943680234663
-1.2874571781392175
0.22083312367177607
-1.6450876816266788
2.6492091193019314
-1.6867054161949013
0.3129431530831271
1.1428102596951164
-0.20081124903121764
-1.0674478149713371
0.6252279675755184
-1.7989965170788313
-1.362231692561092
2.0425924509277165
-2.1405670624058155
1.3570578212479643
3.1213382319371075
-1.6036512029953374
1.8167745258672954
1.08792354738008
1.6162944671487862
-0.46951045637852906
-2.7986140410263793
2.3981198252159817
-1.824399434031346
1.3865105767006658
-1.7986944424013387
-1.3223937568875113
0.7587013864795527
-2.061244452959484
-1.6739790200715952
-0.7097330963165372
-0.2971198421181944
-1.260188719790543
1.2280571568459782
-0.41861573519943307
0.3951012534671084
1.563022342644388
-0.23211737705017016
-0.6037931572315933
-0.8934628266197063
-0.06795229887129205
-1.4126363203556394
0.33853043032043684
1.9248915836915286
-0.13721121020459037
-1.644591423087314
2.6068629578418707
-1.0350358156730803
2.852877709817591
0.5119082043960899
-1.3818346820871223
1.192023271687387
-0.6277148084581312
2.512938898370474
-0.006351632095439583
-0.3165013931146883
2.4092306157615258
3.0850163757865645
0.33515686037915493
2.0316028397785106
-0.6331854162148685
-1.633057447437542
-2.114832587140343
-0.7298819265586546
-0.374777333811673
-0.7507179929818958
0.6555244323526691
-0.7004107656624176
1.9745449046705423
-0.5537296087083664
0.4774275157040085
-0.7054966197399617
0.23004776561995158
0.16307842766182162
-0.16433037697541883
2.29223961885109
-1.257602346865987
-0.4346771411323326
