-44.92747071764726
-0.5481596442891619
-8.069332029836604
12.156910598416603
0.10380558506351706
-7.92243268079999
-1.6517767814213076
-0.9994828046500399
-0.25598249461620126
0.22063917665169577
-0.3125477834240177
0.384942323383507
0.5902235027332383
0.35896715304069515
-1.163218447514558
0.1999372089580421
-0.2922497072141869
0.2099284988536057
-0.11335810031746113
0.4077641947296393
-0.40494266203837687
0.12114062783443069
-0.054757773861455056
0.0737384174560754
0.1961616913358635
0.141631693341025
0.5879978090738351
0.33838153707843804
-0.01175783176213184
0.004149806887722374
-0.029377870065693798
0.06981925172570289
-0.024938290448353176
-0.343038808465419
0.1353612412020164
-0.5035221807736215
-0.03332614662967537
-0.4487708004524887
-0.14566497101972592
0.034789990661210315
0.49341442910146904
0.062124239271659665
0.10223040698172325
-0.08163505885885895
-0.39710275308232357
0.1547810737803842
-0.004909007130674003
-0.02016817955296918
0.6112881942590159
0.060007465078336764
0.25892304893949925
-0.05469891492520966
-0.07925960377318583
-0.17966988775358608
-0.09208654847377686
-0.10648678566289244
-0.20426060365402682
0.06572454476977324
0.0009357604192234137
-0.036061631271191746
0.24570428016340984
-0.06583090548791873
0.21645002138674227
-0.1355885915700432
0.14474677881937165
0.47694326336288023
-0.015397944898821382
0.07764536486963837
0.061207487144871196
0.20546171674675479
0.059153717190457866
-0.1961281648675754
0.08879250603273052
0.053299304030522826
0.32869448696370623
-0.14514302543726743
-0.1366319245799953
0.2050070315528651
0.05131217401415923
0.178299206782948
0.021892685839105384
0.35640878584630115
-0.3436332505256921
-0.10381431859820724
-0.07143429036073594
-0.28442481401924374
-0.05391652907286089
0.4571934388216701
-0.2679603439578646
-0.06319911998693728
-0.21390447440934948
0.053881858397941296
-0.2956137392878223
0.47543961292674175
-0.1463966828831697
-0.3151507710573433
-0.03436200803136805
-0.3413866435797283
0.05422234322578123
0.20726865594472665
0.2694363917734358
0.13352543426761243
0.4533769845381279
0.15998091862658645
-0.17755786766968668
-0.389064893062893
-0.04406268020093091
0.016453133680993173
-0.12300354160170568
-0.037904197313727725
0.43294060790996475
-0.01488497135750537
0.03901070007574371
-0.15476183621500444
-0.18495406441258688
0.24472615099341616
0.38693824868156795
-0.022905991720602575
-0.04922199468636862
0.2006572713653314
-0.41472645497750804
-0.06643199632018001
0.20743349422449758
0.1523545080640504
0.22122584634313616
0.1675683127613547
-0.2039368851367799
0.10009046490751555
