50.17169153628658
-48.027685870397946
-2.9348524372195723
-10.1445629893009
-3.5480952125397516
3.1911690929641376
-3.550672803520463
0.23781401688989778
-2.9506016895702767
0.8429033621583988
-4.367668931129684
1.2478395878647426
2.050467872635185
0.6921207155581566
0.05907711298221313
-3.6051884146080204
-1.157880322592354
-0.2504202387132072
-1.1693207640571357
-0.38353033119665336
0.7805986041257489
-1.3077842187380921
2.2296699674945994
0.4208901501491646
2.910586648455482
-0.5462642745918336
-0.8785625336899872
-1.3744103324139445
0.9151808910143648
-1.5654755341420057
3.331731135589875
-3.975286638175483
-0.6188035601000177
0.9856627282881103
3.2472355163253583
1.2241650584910109
1.5398243213136908
2.7687499495113195
5.936900151342577
-0.37913212789051565
-1.0626330637921286
-0.4627739746929955
-0.5286942256961974
2.3856143263784166
1.0086861823697497
-3.280104817821615
2.699290122461327
0.7431486644249969
-1.8196401530658082
2.9673541651155153
0.6291176906024226
-0.9458036671058134
-2.8369835291396606
-2.6475914570185357
-0.054452303260911564
-0.38861093556880444
-0.3651758953292219
3.253335110827487
3.9742616793324794
1.728789452176511
3.5979515502419686
1.067883283670458
1.5860634549793085
-0.7687470001460273
-1.800516949416431
-3.9696540807363467
3.1628809760251784
-4.3163988561064395
3.463705864916521
-0.12157912305117263
-1.1247602308137035
-0.6892676587840789
5.360155545454876
-2.81749761224943
4.295749608775462
0.008915827221274666
0.015669644361221396
-0.3005551165106152
-1.3542925426240013
3.5616546709393564
-1.6796099042353316
3.492929977917572
-3.7783904255799086
0.29994447332231255
-2.010264924962391
2.9012034730970266
2.0832466614601968
0.2626693591723537
0.7954189848032699
1.17549820454332
-1.3522281197512882
-0.17207651040252633
1.0509964400418137
0.09587150580370209
-2.0728248616184284
-0.20471438441436746
-0.9206926140785511
-1.5441961878160255
1.296736850731735
0.6234299366289083
0.3910687773419863
-1.1746145975366207
0.5570778538920883
-1.1310460767648058
-1.3116937294758828
-1.0998895220381362
0.9207506231489008
-0.9406602086640634
-5.234237139835696
-0.3605459146318842
-0.8536714116705904
-1.4241410163966282
0.8821982746160308
-0.17163082520451553
1.1188879896103088
-0.8375130607394736
-1.6484117234196478
1.8078647377514832
-1.886675429166652
1.4379421059859188
-1.305168625549377
0.5368402153628322
-2.345195490288366
0.30644245684288507
-0.22987963812657453
1.184508679501304
-0.9794739771389819
1.0052848184950967
