-40.573697663975786
-1.5861555084361318
-3.2935369853304337
15.66267422060666
-0.7632774528710358
-9.759499363366878
-0.003820996013137179
-1.3360329554213908
-0.2881348340947492
-0.0011952665227631387
-0.07976387494338774
-0.38436632168448104
0.006275301105827372
-0.6194958807329629
0.24730440226759764
0.496422365933395
0.014593431251256339
0.4347071973686779
-0.35139094001776694
-0.4813517002386142
-0.862607477253066
0.6469694798599734
0.584996512608051
0.061913247387849105
-0.5281930599943957
-0.11420850939607119
-0.5127535799493023
0.5070065719983716
-0.6041807298888633
-0.3704974885984344
0.3019498954353552
0.7910772060886452
0.23424449399462183
-0.08474310376699437
0.6430749372900572
0.9029646957080477
0.7083429693966059
0.527049244893949
-0.10106049958517092
-0.5947922871336301
0.20953067189830235
-0.01037538697672346
-0.15767592967577487
-0.4737430225518163
0.05104308978854252
0.5243201795246657
0.24178831772792517
-0.8239072145662956
-0.10469608391843313
0.5516445968683125
0.6512402243448318
-0.01757691409860937
-0.10165784480150697
-0.07043877366126966
-0.2944238547761151
-0.6550279708228778
0.13613304164365353
0.06583728370005992
-0.33452968214634865
0.07122548830598409
-0.11800762949204531
-0.23309383545306642
0.5721578932424907
0.26653493678099505
0.1651345288714977
0.19246935319809338
-0.32354792288249645
0.2765686059851995
0.14600574149174295
0.08154319852414907
0.07183182031226373
-0.33652111795275813
-0.14022494676356978
-0.3495784460113218
-0.03890966577527531
0.00016669503942861458
0.1904627455558768
-0.19488219671859636
0.10163878453124758
0.15391466929440345
-0.15465660194348102
0.06051314816233705
-0.11384904987734555
0.0015144840099697576
0.6154455887489033
0.3187333956824331
-0.03406088338287808
-0.14642036724551766
0.011439221893555097
-0.3909587675223238
0.40116866154447883
-0.2602280384512608
0.31359044652451684
-0.07004698596822781
0.04627243138839968
0.027542529923966046
-0.03015917734499838
0.09365827166332613
0.34348376458759555
0.5255881785919588
0.6050595590086408
0.12456635227913472
0.4317416427092343
-0.08079888563255026
-0.19501668964354674
-0.35949920019609705
0.15698530597139582
-0.22689268034051718
0.26244908470552863
0.18786021298608113
0.14394282146301493
0.45141966396060773
-0.21047730431397782
0.28942564622557265
-0.4026987801968512
-0.11934565193860382
-0.5407684218988059
-0.07549768412611252
-0.30620140763135767
-0.24338618497011383
0.11488888463544075
-0.20304248589070875
0.2765933371430365
0.15650186367292362
0.18533054502665897
-0.13891545276031755
0.08018163874312417
0.23817917526091525
