47.455081091286566
-46.65002775739657
-5.358297141980975
8.871028160444695
1.0836133932036993
-3.706349623505613
5.725759299483347
10.842079767867412
2.583865403019592
1.1851879958523646
-0.1185862168993835
3.7260763698812553
5.8240647655698305
-1.7908452097886287
3.2801978362654562
-1.2876102899513102
1.0405622971380588
-1.4818384075334747
-2.683215661360601
2.4361678004991796
-4.186911834558008
2.2268590875053365
3.890449284725851
0.13647035023412282
3.755366245340465
-2.0583284745382397
-1.8431234921119994
-1.9112064483969688
1.693312737382313
5.260438820323392
-2.366336530414691
3.511199020579066
-0.006373572887927892
1.4181640938876492
-3.9661287497541706
-3.426794647151843
2.2047953752269636
-1.9309195540250124
2.642649542735466
-3.243668587497089
6.944552036209664
-0.46832283249441126
-1.242394114107954
6.738217499084371
4.141286727792535
-1.76530436076133
0.94707813452594
0.6283589915244302
2.5111050568540016
2.129141352373703
2.504217299054033
-1.5223719952101875
-0.4734022458828032
-4.2060345695210355
-5.47984880915684
1.582188486987402
4.371063318535087
3.722723298281934
-5.760982776154189
6.249861160726552
0.425209560922673
5.068684416943519
0.6713043296889495
4.274356720453084
-2.0845199301955177
-1.181640854354573
-3.3449994227784123
2.9670268626543828
-0.29185143952002335
0.009640266299700606
-1.302723961933843
-0.6254503523249214
0.5773926548555729
2.0248487049915136
2.354127512271217
-2.340825819085835
1.5896732568169436
1.5201675639419394
-1.8655522379486573
-2.1178671015972865
-0.6099113281311792
-2.7481119322307883
-3.3654351548128667
2.775107720622187
0.13717272903928246
-2.6503376344597736
0.45799496161358155
1.7524476351706126
-2.4074159494685365
0.28358411380966936
-0.6954718485759942
-2.9107907339301593
0.5606142713436655
0.16608679045215094
-2.8014846885835456
4.007311352335212
2.7446297301045615
0.269197308579042
1.19574017250745
1.932793008692362
-3.3060129479062508
-1.3246829080311269
0.015008168359644546
0.14898058589006105
-1.457954200370801
-0.5847501242467138
-4.880595820599416
4.335662520841216
1.3369185277270632
-1.1380402791899789
-0.6010799547945203
-0.0980494957648784
0.052404515856729436
-2.071570381221213
-2.89625047397007
-0.11205461144450063
-0.10182547828963404
0.6950464495031347
-0.9371881194017212
-0.8107635584287145
1.6136657890064958
-2.5118841206129985
-0.4080218640841532
-1.3239165583687234
-0.6875849543288681
3.565463311895263
2.1768919741653026
1.002387427371864
