95.56105192601822
21.012166892154696
-35.28026825893402
-14.784870511787634
-10.909944779841613
0.8823426275316001
-1.5456479903523874
-3.7008050230957443
-0.5860764309424665
3.104851721997929
1.5878852867643234
2.0644554087673908
-2.2768233187941225
-0.7467619888575118
-1.301674227409094
-1.9956784976397288
-1.3284615312469856
-0.8466081097673092
-1.283337713663699
1.089710728480422
1.5412435003112692
0.3625579886554842
-0.391577836788556
0.1793037075408826
1.3078158747599522
-0.14641528960768224
1.099940147765937
-0.7144407820885142
-0.6380091933838876
0.7012913659520957
0.5437988723439259
-0.16650688560494747
0.2420115476743006
0.17062558129413097
-1.316363810077396
1.0147803663711104
-0.6078619332550694
0.5697140379081145
-2.782997128512649
-0.39976291091234495
1.4839335192604324
0.3739525900492336
2.156509268200981
-0.8931411043874291
-0.16118006429989434
1.3469023634161557
0.43288954798069124
0.8819061560054953
-0.40974752310958934
0.7847623324361068
2.045282485616264
1.2067450063444973
0.3261307676941121
-0.7327460724973618
2.141099168310504
0.5217473226562224
2.177428332179318
1.2152812315805694
-0.31571465435948654
0.5743555843891861
1.9025771223548165
-2.091435431621499
0.6867620103188168
-0.23964774459364574
1.342639915959143
-0.18042308246772698
0.5260891783372242
0.6317433924892909
-0.45986747599859973
1.518586199733393
-0.6390491475667046
0.5996452915074466
-0.773580831729222
-0.3270833296341096
0.8932233312248071
-1.284149416528023
2.089298788150477
-0.21351088200041424
-0.6359625475477678
-0.20902570667447518
0.6838606231014438
-0.22951822171761732
0.5139036923983261
-0.4325481992649584
0.6786901169288359
0.8078164917039045
-0.5045942813557636
0.548958460080684
0.85418071708296
0.6857345875477013
0.4157123583132184
0.1252110605494317
-0.36734455872096544
-0.8200936329182564
-1.772831869997653
2.2741520352966864
1.169947239666148
1.4781280015108378
-0.819743453694578
0.19701341563909888
0.9976790925029576
0.1061489695308179
0.5906260292849095
-0.47801971064963067
-0.07799301146285015
-1.101336374122882
0.43058238095406454
1.2124955934899557
-0.17852025463593693
-0.21485134872543105
0.8240391611184861
-0.9962535428962949
1.2658320072956502
-0.32441571640065986
-0.3760483418195458
1.5894516786868285
-0.9551656443634129
-0.9965917030529018
0.10665824582755086
0.3436885462636796
-0.018655354361553852
3.0111624074594925
0.5415768712980024
2.1525226914594797
-0.6192615060234071
-0.7526968457702189
-0.692544079168633
-0.4860293596051558
