-41.77703789786237
-2.1742914614869013
-7.313659026153868
-6.546000297174934
3.47560228892297
1.283463579547568
8.573753493448857
-1.5579941198164426
2.6521522902700116
0.8062901998484949
-1.5399357097471755
-0.6563456911858359
0.17027222967808425
-3.017245938674123
-2.0718434583195116
2.5653441525415834
0.2773343041147213
1.3797526707029737
-0.13365049436513043
1.745081931555823
-2.0684773983500153
-4.712799701347453
-1.2109293952292046
-0.37399222063652493
2.6138278159110664
-0.7266605916602804
1.7749149376129587
-2.802509288536151
1.062721560503487
0.8591384748591824
1.424666235961264
-2.7441255047236575
-3.99724645023162
-0.5642334770799609
-1.9611348025117201
-3.7415233224179114
2.641118586380883
0.9849303993707317
-1.9221936636455417
3.08518350010545
-0.3298992110854456
-1.8268141323340354
-1.3037812185987088
-2.082627283501209
1.5235165223098919
-0.46970491187776264
5.64039668413208
-5.385342065051553
3.3293848058614177
-3.839285794997976
2.0893569981020153
3.3997965443693405
-1.834985339006354
2.775955844631787
1.0023284653485334
-2.6603814440054183
4.068748870653807
-1.6006387773288142
4.082826006526578
0.3852103016759723
1.4150280633991639
1.5940986010352387
-1.3248288986971004
6.307465882967681
3.0970801723293326
-0.6882354757914219
-3.3269933225634647
-0.3486684615027117
3.714615829518773
3.541350283822094
-1.5849794828358001
-0.6004854254801433
1.8701214180836239
-4.826370968465319
2.1773769441210216
2.524404974893639
0.5034444782994275
3.4902320475609274
0.7529159585609533
2.827588894217526
-0.12473033774076363
-5.125890842197278
-1.8534296587043684
1.7937674712582268
-4.076812955480307
1.0891755713089326
0.025355559391902115
-2.2098325003777703
2.967794101102116
-2.7537765861612193
-1.6031082567743915
-1.9202977460494033
0.6848753595855026
-0.08331587074958206
-1.174920112482407
-2.1573197313726307
1.7584425979928193
-2.0132222039948955
1.0549737487723814
0.7631474325821122
-1.628017387595398
-1.1819445416718883
-4.118976111280118
0.346355602091456
0.3828908680061342
-0.8169876648665699
-1.5981956155989565
0.29166695951456334
0.12319686414637292
-2.5532540467046236
1.1208004311494728
2.3153468140000397
-0.05118105335874492
-1.1484024970086857
0.6210462714409524
-0.6274353480466728
1.834292807932151
0.31139828088210164
-0.5745730444925912
1.7739909021753761
1.8556202663103678
-1.1224532013591995
-0.8361902418913905
-0.6278339581800411
1.5815550216402992
2.3565469838201216
0.6596695015545029
-1.2310440856844975
