-41.07574402578587
-0.6108084578295957
-2.8692882011734833
15.009232494984921
0.6586706479893947
9.5142629855761
-0.3688296877808248
-1.1814706277058262
-0.09741885127545521
-0.40499376821943306
0.12523049310514278
-0.18412906042675056
-0.29581495630388915
0.797080583325571
0.5398097799384183
0.4829867664089377
0.4452941578884251
-1.0429331562289472
0.3419449277260706
0.10093148910108792
-0.2123043603520328
0.6912810658700379
0.07172435547449355
0.01592555416955116
0.23925439085419298
0.1770650492621808
0.5664980648285585
-0.27841583746607834
-0.30315078320944816
-0.22800817652593267
-0.5382893690772943
0.25828850906855483
0.8879646798840068
-0.20714361183612368
-1.065734315167507
0.5180630057929392
-0.42835062894544157
-0.230610298917439
0.210431372779792
0.03773784748259309
0.06286296629094537
0.13106813002805465
-0.21152004620231477
0.18941546120776126
0.5060073514746384
-0.46815267787552906
-0.2935541550817313
0.09775453130844408
-0.02342616808410361
-0.6425011370740976
-0.28990215454997026
0.30237960228937866
0.7495183674042784
-0.07164757163625574
0.3522825407580983
1.6139673160351284
-0.12225138526226555
0.3947454572585375
0.5580882488838486
-0.7205665467993008
0.06793798692268124
0.17611687532508005
-0.18883721509520315
0.010464426056767551
-0.4058968406493048
-0.03648874370646643
0.7752212962193002
-0.34656182319997764
-0.906688307820443
0.27490086358967997
-0.5982229081395996
-0.5347141067691202
-0.24986462942048898
0.10156089590926437
-0.007399409866333357
-0.30096455848392356
-0.401466292342359
0.10795255941881382
-0.317551522727716
0.731065426351551
0.20364221242557956
-0.029640573576080548
-0.3832249540633992
0.5206544977426435
0.17203968227770075
0.3304957008699041
0.008999250594264235
-0.45994046113112275
-0.13366970391434765
0.1735037495570493
-0.02057179967691923
-0.025778342456672793
0.19053397558907947
0.08042383004082052
-0.5300832161468494
0.5343710201625158
0.0671849841875844
-0.4372963122660493
-0.21120858846479815
0.38717977269545356
-0.13092980393721956
0.3776521923347985
0.40680782916092606
0.010058469369735278
0.022252014907468004
-0.20919646695835553
0.220417688349419
0.09366033749128308
-0.4668062567627138
0.1899582552046278
0.23324903590745508
-0.8727728161719386
-0.40624623832781553
0.18460564599471738
0.037633098672273886
-0.11090658174046528
0.2095564253721087
0.18507307659523461
0.2604336428425814
0.1873143812289207
-0.19117743884320548
-0.3317196588813943
-0.3347985796524922
-0.18737632074803076
-0.30182670415395235
0.45993039616437364
-0.2511014391027994
0.1936915252770237
