33.347031547249465
-37.185681516045435
39.554841864705296
9.75665293410138
-1.6465536678421777
-9.324886129473922
0.16308755616866388
-0.27623584835996684
-0.9903977199662156
5.060870225796639
-7.777272099825582
-2.2432103255237763
-0.0643174072734744
1.3146667711329136
1.8976505710413165
0.9906643307873919
-1.005363566000175
-1.2739264242397303
2.7089635483398693
-1.930572506437389
1.7913725546114154
-2.537785136665909
2.6252722019674968
3.763816741299457
0.338075126967553
-0.25639376269457104
2.024676748165479
-0.06399289976293901
2.7076057995636416
0.9136529711558751
-1.5684365902293713
-1.6253265367753598
-0.33355883715217105
-3.1275805064692523
4.126031943886301
-0.8757469397843992
2.295460961337738
-0.5964283475979606
-5.0786062545431045
-5.180359281127438
0.6819076587107298
-0.652526449585334
-2.538194327074953
0.005184641849109578
0.48063502369156286
-0.48857658008582966
-3.8467219038337626
4.704703106403889
-0.39138477118746395
0.7312552100743583
0.331311981035877
2.1046705403544546
-1.1123252105419659
-0.3764131675831089
-4.622117213009141
1.253341161800631
0.4701823529247777
-1.025802991626031
-2.393550470485817
5.559193731651605
-0.8269334813428504
-2.9437181736165114
-5.077904680759876
2.961832302348426
-2.8750772574007364
3.4101497707855204
2.7255352149702095
-2.3430686081013854
1.3355298901092318
2.317355609218128
0.12106764664868022
6.648836927471129
-1.8631363774553444
-2.3829953701553452
0.3149964010778078
-2.555243145536097
-0.02056143726871676
-1.8354918850881108
-3.964379491390224
1.7016784602084845
0.8917130087592725
-1.2986013884078176
0.34406906651297864
5.2129899241507935
-0.5085003331834459
1.9115907024544803
-2.638073942634262
-1.2443860511089369
-0.03933111431885934
2.506737639065868
-1.0325530049934706
-0.8132345648460104
-1.1169215792721778
-0.36352772191656546
1.1890517299616086
3.4286252744437324
1.1847206949060916
0.9525253284981319
-1.1828992424207057
-1.7165829855221792
4.7702688337403805
2.5667592759184634
-2.1280298864613263
-0.7629541150849883
1.3996903676181647
-3.472778922273594
-0.6207825346072073
3.018467546771887
0.8325928096864083
-0.11449429706152486
-1.7639388543462644
1.2531443986012838
-0.6840906410756142
4.405989419919215
0.8394807110688359
0.555536909399093
-0.19812543233179933
1.3364587538281003
0.04012076405321612
0.1311293493916479
-0.14534204173451604
-0.1906027261725308
0.006797464688174895
-0.6010744769214214
1.9122043339611234
-2.3799329512542013
-0.4965409844216562
-1.0849228175410441
