-24.66089255271574
-2.994621925408331
59.50813560775548
-13.40567529563426
-8.023457315414399
0.16282843318225682
-1.5130544451851073
-0.9533806667663969
0.5938777407985747
-0.2089614856433607
0.8743249395769197
-1.161010355977433
0.968191466530176
0.061319873994093
-0.34987066710351955
-0.714133647855903
-0.5750252673193593
0.3042077697972996
0.1048508166430912
0.7674608228643854
0.45684945979677394
0.08964713246902506
0.906170605147554
-1.6242307554704742
0.7710966324390482
0.10952984624311793
-0.8421052089001536
0.5560675085486975
-0.20203669496049048
-0.39402151675106933
0.8014757350832011
-0.5047560607763446
-0.10639184986941762
-0.17105172148460046
0.33843123648509305
-0.3931093145786952
0.49209290225332936
-0.4217789694260104
1.1811892887273412
0.9347204753863468
0.5731770133109364
-0.009135907126594817
-0.27607888910130196
-0.7370923033700203
0.7305419826337969
-1.1929043184476005
-0.2571340984633319
-0.48468574029222766
1.483479078724987
-0.6924316811947835
0.058845983769427
0.3889954759988741
-0.11536714417581374
0.2791818489814046
0.2981949736193026
0.37638166520769784
0.42995389847319404
-0.12984380766772033
-0.2203105221453711
-0.5917943663472977
-0.6068011404141981
-0.2535270039096529
0.2211573200008794
0.7887117973818758
-0.21530192349020272
-0.07444675838760034
0.348963919212817
0.021380894848357743
0.4558158578070059
0.11513095106194092
0.3661914746075332
0.9656663713126757
-1.2172162807399403
0.0827078774524019
-0.4755816279164755
-0.23823555601573423
0.021080226147339967
-0.2832980622356003
-0.15646951298449613
0.31277010283269346
-0.3633276702177636
-0.5451750729526125
-0.239507610150758
0.3630771020921491
0.6173799471819718
-0.13067301677245993
-0.08919849148073725
0.14612333384527607
0.8205860226588302
0.1520391946200041
-0.7412922781043673
0.3429368589929649
0.4964312505955696
-0.17771810443205643
-0.6131070915582516
0.9168757336101439
0.2009962799958927
0.13645546316332013
-0.11781706544140141
-0.04859034072658208
0.42865718521565943
-0.16000830069712807
-0.45643961246741266
-0.23406261837343084
-0.13147495685641375
-0.6504033822074508
-0.8510174854590038
-0.12770947314221767
0.1332962503006607
-0.05886356678886712
0.1729247305379455
-0.25688212609605277
-0.27247221676119165
0.6204965603017366
0.664582447709127
-1.0587929012524508
0.657192963211492
-0.65531172649993
0.3255519380302739
-0.45702571881720283
-0.46958547021762004
-0.20438348452159658
0.29191943891655775
-0.5203908357970866
0.029075676391619707
-0.46371128755359214
0.6069659577304826
-0.3741268182929703
