-44.878673584519845
-0.653442679548766
-8.035349811606755
-13.043639550585775
-6.5208631252946985
0.02609859299080594
-1.3418358061716007
-0.23382833316177
-0.6370563864421217
-0.10157015139557783
-0.10197395967765155
0.006371429603651058
0.20089822613546598
-0.34295071853844306
-0.5194732687128225
0.5007413331104115
0.19788222835362315
-0.02850625917836386
-0.4960641836325972
-0.5462410402500957
0.15485942529844937
0.060161445853283965
0.10433141738864479
-0.3415935394720646
0.05351299686954028
0.18757938067198876
0.06047578553029481
-0.038998785250742796
0.2619126562709519
-0.5379125816021556
-0.2247532126834676
0.26057391772315897
0.35055352535976586
0.2952241134439404
0.21395555830892582
0.13574180474282993
-0.2790790851746474
0.11520108428901508
0.2641794022562517
0.5469791670277738
0.05081681698008443
0.22213809585837552
0.26925824914710705
0.3452338600975065
0.19540771277525182
-0.21980971842220204
0.10152557251617834
0.027687124827761242
0.06384677854033606
0.058685093554472934
-0.08147597945699735
0.08881861779899702
0.4315446625464857
-0.04210563532873464
0.03339679211205347
0.042561509199024086
0.018485741179948084
0.24738074670036075
-0.14789026630922145
-0.03376402124963129
-0.10129425051467145
-0.181376583876998
0.21794430946790985
0.396493151605134
0.14046542751511276
0.37936303119853704
-0.017508121974365305
0.012204572202310138
-0.16963144377345393
-0.29466690067679757
0.2295798344347017
0.1168495688482116
0.04242583512234615
0.15128311046810206
-0.018315688425202425
-0.048079134223797254
-0.1509505153192355
-0.2520636899911899
0.006727993730275168
0.1769486770395982
-0.046262430221272584
0.29186822991980327
-0.1729464431192559
-0.15563035985687082
0.10596604620745012
-0.022916460530155492
0.21952419774982201
-0.48367746165735753
0.07776458329702153
0.2837938349335
-0.4561115958809713
0.11279689139549326
-0.157781424133645
0.2920368278808516
0.06828107950294077
0.13968418466549862
-0.028396522922249028
0.15405848696904983
-0.030332352479700123
0.12330654822218842
-0.13332483862332567
0.28784370334193743
0.09943596624036627
-0.19909669993947357
0.4092643660873681
-0.024564732174703913
-0.057297447092779084
0.10323601661515218
-0.30394792020785344
-0.29099717765006444
0.03146323789169771
-0.015982697681861724
-0.16970929309243935
0.04599554315406324
0.06424988966749004
0.10875514442065913
0.04044348820904809
-0.396864268383895
-0.06822896097485065
0.04091069121496961
0.24869132598812194
0.40098877408545686
0.02198737888105111
-0.16761116170281948
-0.0018900789734450285
0.11308631263595005
-0.3127700534082177
-0.20394609446008344
