-44.77932100630986
-0.23356655161528883
-7.616194409779793
-12.692552867636218
9.164130417246719
-0.06845410949009535
-1.7336453080783694
0.019884550020946773
-0.35472458676209817
0.18005122836015147
-0.37465211325880926
0.10646749372546824
0.16344152436372397
0.2067994397630195
-0.5595397241809175
-0.007933808522646746
0.22056152380795227
-0.37584711964393186
0.040208055913853014
-0.5108866310887256
0.4319031949481486
0.09936793678692273
-0.5725595319041681
0.20638926313786043
-0.08123252362985797
0.6331208104625567
-0.002190455327624352
0.48332598714543007
-0.07669966004215156
-0.17319895739407348
0.14110021758551772
0.19676959760931037
-0.06520310760474332
0.07928096838688509
0.04570212904271964
-0.25610420818154567
-0.47081028331082014
-0.08102909190821644
-0.07054411426372048
0.3316468940232373
-0.0053233177388662956
-0.37481273750970956
-0.10923425467562894
-0.17668273437260115
0.2826502366405858
0.14831814754080525
-0.25982535578221877
-0.0696209256762189
-0.5738084770245969
-0.054748828699478364
0.1753613071862516
-0.07202547235165771
-0.3998454654397652
0.24320650119144377
-0.31356713310778334
0.3641458278998939
-0.12900730721934484
0.061365126572681034
-0.2379644573469776
-0.18463526901785302
-0.0428603923312538
-0.06216561550969721
0.2818330726217778
-0.14894730973955958
-0.011687782234982645
-0.33009378574241444
-0.2289179024613407
0.3097222408707892
0.014979798675009762
-0.05969055931939956
0.00044082543023878096
-0.30155684595517324
-0.3229480644680216
-0.3542698382132461
0.036848262992732625
0.11776456672168517
-0.014886224621738203
-0.15848550765118125
-0.0033361184738354838
0.01624483461072046
0.2227920754425516
0.037769688618681435
0.2129284624319872
-0.14781918659211044
-0.10591592816888927
-0.21037086027080334
-0.11874112340326892
-0.23595958108020607
0.3347806545659742
0.06831258620883182
0.030898712908832615
-0.2546728676931898
-0.025068732022224316
0.3248270407014878
-0.25464861406805767
0.12103425093162272
0.27354942663122145
0.0011348824255014156
0.49079643063360084
0.017952656196923412
0.022674287461413846
-0.09285602232741573
-0.24391658866167604
0.10904011014736562
-0.021595591879451495
0.14296768549747388
0.18248901143948426
-0.07638616063022516
0.19607015759697638
-0.11732241732862501
0.0548161458025316
-0.1391710592620457
0.03568943758670208
0.02139353761955811
-0.003395801214324
0.2726642457728614
-0.05316570275509465
0.09001097492663268
-0.08809330601710894
0.13661874501877178
-0.04975547223641626
0.055319813809469334
0.1441887527425515
-0.07156244243761647
0.3580552627186874
-0.11707659792956915
0.39230993402762426
-0.02830025564137361
