-44.21471459486698
-24.221239102326173
-18.487290792384886
6.680252952721901
-2.1607675000541273
-7.069097294938293
5.630634499527204
-0.40393510855076536
4.597432900523797
1.3803858726115306
-1.5712984168315003
1.4437212580842314
-1.1842848633627536
0.2424278972995811
-1.297098843198058
-0.3349740258797943
-3.0146970301617535
2.2473538538121876
-1.862061647618914
-2.2028015537290275
5.702643674144497
6.45994233216415
-3.1227093396310837
-0.6979447046183918
1.9885581015447331
-2.7236416877045637
0.7158700378223267
-3.062947296963646
-1.3467659908070662
0.7730037188976838
1.8409095188541833
1.0322356959549948
0.5617203607906975
1.7131955107268755
-2.1800551374404207
0.05952773000935409
1.0975838408381349
0.5427473233571564
3.5249406938972334
2.129120417097632
-0.613525789093585
-1.1197886206575536
-0.35803209782433343
-3.5083721489694435
-1.344027875305905
1.3226865323520294
-0.7257088376224489
-1.2915154976072076
-2.844564118568391
3.171720855420168
1.0331445868238618
-0.9904597789379739
-0.35381986248996977
-0.20857388171683663
0.14095777590786263
1.1744277215763308
0.6137591658965891
0.5118383692623544
-0.7948450887353884
-1.6351255244423137
-0.8593138772558709
2.455368996337463
-2.604868253252314
-0.2765282462853257
-0.48546913210906895
0.5333319529699141
-1.4785631572661142
0.6212177440721462
1.9414006333518736
1.957670361568458
0.17183264239118728
-1.3321368205427553
-2.430319516077797
1.0884329199327918
-2.2912570131837575
0.8119017458092805
1.4131562752582163
0.579786687361645
0.5868468193999357
2.6086023761924606
0.2542474475391711
0.755710892904195
0.7696209739300837
-0.22390503760140032
2.5053224027395364
1.4773675977084528
-2.3487821534273565
-1.6128762636884257
-0.8058323740982951
-0.2908177168259435
0.11152371745599148
-2.3891620805853293
0.20327273329358583
-0.5976599014899123
0.09764500650870325
2.9516713247691926
1.9412676756199947
5.197016521269763
0.5547691856825228
-1.7342384542783156
2.57798517692894
1.902441903057204
-1.9789226815036067
1.4264685853789747
-0.8330977864232347
0.20414385767396795
0.003343422462582374
-0.4652619341052606
-0.6585402957521216
-3.929543602493174
-0.967983472514663
-2.8019989100414855
1.0858085264394066
-0.6561741661585593
0.34163106443129765
-2.142765924975521
1.005496315890824
0.17923666421226617
-0.5526824805935293
-2.194635540467186
1.887510262708908
0.5850847123352108
-1.7746176114783538
1.141488736359656
-2.1001615896819223
2.570880247243734
1.283872481797373
-1.6932473491601867
