-46.344037684925226
12.084191174296341
55.92119722515637
15.711567508961934
0.5229532352689471
12.122600304979407
-7.620813342224609
0.7968151305558522
-0.48110471315473047
0.9820129309621874
-0.4324435846781024
0.5621647662385888
0.9844876969658405
1.0811976804961883
-4.259305846536071
-2.616881089522379
2.9803515692887332
1.5166008264976345
-0.9538215885765764
0.5912155229594275
1.3757277098960503
-2.5237136186124918
-0.5249024234269568
-1.1202602282929435
-1.6849663673291433
-1.1225568655659477
-2.1743056431697294
1.7222793255780735
1.41919910708799
-2.5636415287664915
-1.2842805476233632
-2.751644956212458
-1.1681519218393912
-0.7880678293822734
-0.8345939761828601
1.0534472967385404
2.1929063085516685
0.6861667647265006
-1.2137555879468058
1.0453011886171877
2.4810579826354884
0.23755235675081465
1.3609031967179137
-0.9968896144491356
-1.3152693002099427
0.16344192213538467
-1.4797177089564006
0.10615975432671731
1.454445344057296
-3.0481424872338865
-0.24145844207698797
1.2763194666138036
0.9397327518923821
0.5014460959629632
-1.7647464501368322
-0.21473140323587583
1.4600298695143081
-1.135128723610543
-0.668552903039633
-1.0890187154813655
0.3971284498026018
0.5052949256914177
-0.06872524366507443
-0.5858655234501537
0.18778399728355363
0.34201672990963455
1.6987667567845692
-0.062118215088172696
-0.9004963879795944
0.3887215429085214
-1.2843609585559759
-1.1921870656078406
-0.15401573189739232
-0.06965111100935048
-1.2632469590186535
0.9054090933527246
-0.517006080764772
0.10364963876764849
0.14679797113806783
1.590902595049399
-0.40455475064378527
0.13372544296649985
-0.4058436221939561
0.6727100087089949
-0.32002924652180886
-0.11118400010912359
-0.11981903752328607
0.42623649178769296
0.4745173761665418
0.086501991145231
0.7536059548816553
-0.3920779116227641
0.6884318965956164
0.8210965264294328
-0.5193346162220187
0.5411861627255854
-0.44596117756490655
-0.8991971394898142
0.7692279771707147
0.9450872794634071
0.04715962330912907
0.06903409585614836
0.27746968125494514
-0.45140948523815966
-0.1736712838511288
-0.22284679270756408
-0.733236433671312
-0.14980094180967496
-0.3322926972816062
-1.1739275191214014
0.7459499034717028
-0.9457205744123021
0.7947749237843245
0.08243488138355737
0.38577036851438246
-0.8331933590326095
-0.6760914105733471
-0.4333379786070177
0.3482909737557315
-0.5202985869139937
-0.4519040965658869
-0.6307340876891594
0.3104140808282776
-0.6460317797950241
-0.07188110106756729
-0.28643685165529076
-0.10544755878009321
-0.3147131375480535
