14.766787830890115
91.18081930589523
25.836636846162097
-3.91253233593943
-5.3451060606134195
-1.400449079551759
-7.428425219893677
1.7051611994280325
-5.2529309836422025
1.935002741126352
-1.46251725524037
0.4721101136748904
1.3536691967762864
4.854960668450374
4.609419995541083
-3.4156445289011215
-2.095366902330857
-1.9315551452349033
-0.6298030284820683
-3.3067465089671053
1.3484016357400483
1.1192027742120447
-1.4233137656574035
1.8446365623052614
1.725285546921913
-0.5115439464526468
0.28839156738499067
0.41235293617554314
-1.7573586842101827
1.6119952471218304
-2.768212040940483
-1.809903198045369
1.2099621033485322
-2.690942414846952
4.835180163527644
0.9790632632856923
3.2769182853417576
3.413138741451253
0.30110779615635197
-0.2298426258085121
-1.307774088796417
-2.7247616432850355
0.9562593313172466
1.2521920693556137
-0.8251480987152285
-2.724986687205649
1.7390565245934786
2.2700706528171932
0.36115920094542775
0.20543782109384084
1.0052779154653566
-2.166188138437862
-1.333618631486827
1.8283885962429032
-1.4789640614458677
0.10804037927134552
-0.8633005836643274
-1.0302473301123651
-1.462044482451501
2.777435228150363
-1.294701597690509
2.286250898696404
-2.365223858248058
1.2247286732156333
-3.738892499034173
-4.371246542607203
-1.3225090538524915
1.8686524286497956
5.773013717755718
-1.392974395481215
3.524455338280891
-1.378081968659624
-3.4687664603442485
0.5574705385076956
-1.0822886756226853
-0.6850325016628327
2.2641126645074627
2.291613395439119
-4.434648210824534
-1.0904435290439238
2.5532240760708906
-1.2990190065996159
1.2071853761499312
0.8525755867951966
-0.5947174211776498
-0.32752266276907793
-0.7817975166222265
-5.296892481391353
-1.1546597143349164
-1.6463342299793282
-2.8394779612420757
-1.7285428339140814
-2.188847455438286
-0.06892354587069184
2.1721779750220556
-0.33811527650395123
-0.3205903690328258
-1.415771885730513
0.0840565120568254
0.9589023496719288
-0.060205353020480884
-1.4752996133636285
-1.5818102076064386
-0.30179850838464467
1.2693362537951822
2.2364700918398053
-2.4038638660473524
3.6055379678441017
3.1149789840388404
-0.17381139142184335
-1.2911769090245127
-1.7865008236005906
-2.422770423771186
-1.5427579598851877
1.0647285003396052
-0.03808209465560195
2.9796627069877233
0.33385970837236545
-0.2887664103436107
-2.258522766631249
-0.13022240995135384
1.2890761356109788
0.05954736863858547
-1.1482246033816632
-2.6328256353599926
1.1633681964137494
-2.487679436305712
-1.080613727053641
