-22.561813247469182
89.1957937625463
8.818688352150012
7.492394336989861
-1.4458970740683998
4.385060592998983
-0.9717840812886843
0.32771589940595885
1.1215421398452632
-0.3503309876012777
-1.5981997743601477
2.395179794384715
-1.2045227376402767
0.058035460926075366
-1.1757984408370123
-0.19813267779464389
0.19642002419353338
0.17441101267176623
2.065734711746388
-0.3317162355377687
1.2562918308427435
0.08160353497939395
-0.3356143598935923
-0.34638272074535714
0.04746440885014617
0.8985761002590184
0.48817856017260264
0.145946202036163
-0.40056377850747044
0.07869178748904887
0.4880492964343258
0.2361204814338606
0.050643548883856915
0.8824660014263019
0.0011115056535826173
-0.07968070416766558
0.4245112779754916
0.40022951594125855
0.4690479153743198
0.23167073541924715
0.01569893890872251
0.29995615907111534
-0.1548601780240994
-0.03531035250897409
-0.2482198587455145
0.0013944878517498926
0.4970021466071002
-0.2870252829676404
0.11970908354277528
-0.2651955577393539
0.1930078244815546
0.015263743103705485
-0.19469002523326318
0.1770007367105249
-0.06942173389749538
-0.25514465899828065
-0.05895332216160548
0.12837328671528064
0.25536953093904513
0.23999326651358993
-0.32465798657869827
0.1439266645885392
-0.34279187304064096
0.17146017839449265
-0.4363313239478144
-0.008845676994581247
0.05970110669261014
-0.041209881465447365
0.11130656205900129
0.3575828787905769
-0.020682252505422587
-0.10889958733063718
-0.10507066269976942
-0.2621745176483672
0.3702681082012539
0.1859832935411354
0.10274466291162981
0.032452933019915566
0.0013245263021826326
0.17771266106162195
-0.15638450755875188
-0.2448947362974725
0.15540488317837886
-0.4162778101254513
0.08238211695422762
0.04958970913668409
-0.20961486672232577
0.018348862504239727
-0.06135128470828322
0.21591256612651272
-0.06738034954964583
0.40787528530536044
-0.16692804559545238
0.08579467285172726
0.2049832847063276
-0.15114424882519734
-0.03914390859368364
0.3728233901323389
0.07052297054029419
-0.09215179360877375
0.0020848230276375723
-0.16841882902665034
-0.05088966180636613
-0.050637793278725377
-0.29710228902538904
-0.18794417011906828
-0.3439773431975447
0.01561343897782446
0.22886223677819317
-0.2945240914726207
0.29170099983920794
0.03191686298510108
0.2315748105535661
-0.02323037465636099
-0.28300748642431867
0.022532695024242842
0.20215772679429372
-0.15149490827398607
-0.08020771250853756
-0.031769192472273854
0.16761265503914535
0.2874360907618058
0.13943740016666267
-0.06575751506403697
0.01633143691250527
-0.18149760302465082
0.03577637725442359
0.31646322797770216
