109.32470945780226
25.429799116272395
28.355622103491424
16.77505089803524
-0.273059317116111
-9.494727714995975
0.43028534055393763
-2.171420850240052
-0.5500516164206062
1.717143419197067
-2.7547472598265172
-2.5871003964973327
-0.5426985080157314
-3.5560437700314034
-0.017231902418842204
1.1096426079573627
-1.933756200559146
0.7300825873044905
-0.9938898596112732
-1.0485880968709569
-2.50586323077708
0.24412218721674142
0.18601664412222246
-0.6043119672553615
0.09243119684713051
-0.5838230721906301
1.7052928882030132
-0.36944699751275795
-2.3041505672726035
0.10351030755193705
0.8223317739237456
-0.2824866058925872
1.1756426115261855
-0.411487939209552
1.0509344797918676
-0.4283210874632503
0.33368892261848565
1.0056322708257714
1.1366209288405564
0.7501716275121717
-0.5628741853537472
-2.9636947148275903
0.9607567146608302
-0.02976851386702889
0.5603324827594779
-0.8460210980731427
-0.10680714354123605
-0.25862980955313153
0.156651598969413
0.5526652132177913
-0.023358590141388413
0.6937525643555569
0.3506817329653107
-0.4045643293926189
-0.0451375127751745
-0.27616486313883976
0.316543110168911
-0.5157095641553381
1.0785485728921467
0.9596526432243054
-0.1326364471920281
-1.0565442472714863
-1.0483719243754412
-0.7870758795858419
-0.17340103874053803
-0.6841646968537594
0.7214812234216849
-0.43391991717456013
-1.115396556011104
3.4191160677431274
1.2069954334015027
-0.8131279368436268
-0.5281210864742037
-1.7786486670658017
-0.1410539651842163
0.37997250454073567
-0.8722839450275106
-0.32800305863456825
-0.08066038256159547
-0.936450943371438
1.6525310194576812
-1.8702784381241542
0.8265915500143842
1.1636126397760684
0.06445385125679809
0.420478784774988
-1.9844633273074421
-1.8352448316824717
0.6458932295032771
-0.3540740564331541
1.5864373536808802
0.041024049373365054
-1.720651574042924
1.2764764715547092
1.3786375408942373
0.6018465635288658
-2.045900561866104
1.3905005252011384
-0.7537053640678854
2.749119642275479
-1.896664435549834
1.0302805171750427
1.1976835386273796
1.234377543799825
-2.0056597786443375
-1.0099657987592094
3.3203367146547484
-1.0622012195747441
2.4377187266500497
1.5869671597253685
2.5717961594480028
-0.580132783246188
-1.2103300044499283
-1.1894595998811923
0.20097175579747883
-0.07359298200716799
1.4538388727053326
0.5611289947666724
-2.3519795979149443
0.3181852030370362
-0.11284553994208821
1.2263253133065224
-0.5410180392088111
-0.717229535559857
-0.25701892635799195
-2.1579035814550975
0.3272924086420628
-2.087933439062733
