78.03535104400082
40.67761637439515
6.608624874981673
7.7948622696583785
-1.4853148582201652
-4.864761767930874
-3.9295753957551085
8.55970921143826
4.735746197226291
4.001642340821568
-2.0594848205292346
-0.9412174723661938
-2.09027277050481
-2.909824582876304
2.7141625543620727
-1.2331511995131426
-0.6043524389485305
-1.6142310227067207
1.3561170764210968
2.901210705395774
-1.0148208196983601
3.334519515518501
2.7505676197473528
-0.6542954655708351
-3.0946550062400564
2.286272565247206
0.23520076934840703
-3.7492233721557526
2.277657062159597
-0.6621566630748401
-3.8643160166025283
0.349762598871506
-1.472457637910701
3.019340954244841
2.872699871949866
-3.770308308668523
-1.294051919532441
-1.0820393229813645
-2.0589161487650123
0.20977332860922265
0.8754633665251512
4.031134005436625
-2.571292754528582
-0.7091101740551187
-1.61371182428281
-0.9883515501351725
-3.2634851825823876
3.9675288302987775
0.9135484045505115
-0.08250654090505871
-0.6360997911724441
-0.12907408144682758
-1.95011578527603
0.6293296709771783
-0.08876426828004441
2.423925674596451
-5.39646625251766
4.694916567463992
-2.2395772672060303
-0.8748730175325944
-0.3503482899209491
-1.7621129451992137
-1.9145256938193975
0.16222204226177367
1.4740592769738974
-1.7210872884501516
2.000070694133395
-4.309016155851748
1.9931217600080133
0.8153380120256672
-3.176438407818553
-2.530814246136563
-0.7366023142595051
0.3415022005200694
1.3487590752311955
1.156251637318329
-1.8072209434638866
4.137007716073934
0.9685963320001096
-0.6223118834678268
0.11421652476413899
4.961243568375831
-1.3971342414538488
1.7451905731215935
-0.19648426927374663
-1.0158032602959233
-1.6437552157530058
-0.9891378878170876
3.7135646683467263
-0.6635331291738251
1.3022606416126485
0.9756875411353201
1.0545574762994365
-0.8202781277983788
-1.1291865331196551
2.577889406373662
-1.6344832897092147
1.0087599021133613
0.2717769368714954
-0.5633790353041686
1.2304446012704302
-2.722444365145522
-2.806813362658293
-0.963160966060994
0.5501763077360791
1.5918485860046985
1.9056327991636355
0.8089162731931085
-0.514568688284953
4.538444743904034
0.08478936626603575
0.7042769757578244
2.42054956151633
-1.9752151814773409
2.532969178228149
1.4473535965140019
-1.2088419227496858
0.39403259280983055
-0.1604930643909926
1.3777228278789286
0.746060974537964
2.7801907482096464
0.201419513839043
0.057995797238307244
-0.05660926208319167
1.7036367477905967
-0.4540516878822457
0.20356408709512602
