-22.97269928243616
-1.1298039852412627
59.941470290370276
-10.839364022719405
-7.894474147341178
-0.3796613096465252
-1.559355061359259
1.8721672380655225
-0.7283439094694435
-2.1782519809180743
4.058596539406879
-0.10163857052743774
2.67075095046231
1.3962858375999507
1.3638799106040922
-0.6324945439451497
-1.5093274567670532
0.18184028451725132
-1.5498392643408028
-1.179312285228111
0.2047466722707699
-3.614460948191556
1.0657628580849277
1.5904080317026759
-3.7838473217687976
-0.8535356528643968
4.614119424644898
-1.4350812407075666
-3.5850007633752057
1.5520192723154511
-1.7823139620683697
2.0883167341702773
-0.5673380271530276
-0.08378858177541543
0.7492925743659239
1.629577524814109
-1.08085731122817
-4.004995149043473
-0.24796349548545638
-2.700473683217939
-0.47474974169117434
-0.9929443344636366
0.8478536300634834
-0.07663046681560454
1.2550382952399315
-2.198122391229876
0.014765639946322073
-0.5557980155995127
-3.1433383476508445
1.1496642101351804
-1.211765645688573
0.1746599982008623
-1.748273404265449
-1.4082865661826467
-0.10069042680163842
0.1102940027143003
-0.7631891024459632
1.5670060254934746
0.7576870921268112
0.21826011110340005
-0.12866255258190312
-2.4582665562129016
2.868981331340164
1.380615885037192
-0.8645529649244481
1.119057780719315
-2.2936253108805844
-0.9941665971659821
-0.8012786537823201
-3.7843175623404335
-0.987604367915326
0.13538473213377533
0.16248948154102666
-1.1612783815777878
-1.3221551992340015
0.5805490717689948
-0.13594260061964736
1.1870978210958871
0.06882950396324189
1.670393978661348
-1.3273873159593945
0.002507536065123245
-0.11480122438011199
-0.05329676054247104
-1.2362657340129388
0.47665759743314606
-1.4818799768374955
-0.643228766383852
0.5132124885828665
-1.7387609001771915
0.608745388089003
-0.0619728304503068
-1.6042788576337181
0.5063341978288226
-0.2012683105212528
-0.04295546175590406
-1.0387010347784902
-0.2626586930183253
-1.140497620132733
-0.6645673055544135
-1.6111029701271236
1.314747128213097
-1.1191047495160569
0.9965709392685407
0.38845681011649674
1.4749193935203089
-0.9585027529649011
0.5477855665394183
-0.3103802155312932
0.3775385822831448
0.931206695150814
1.9688667795188817
-0.4421999306110706
-0.8212513362786972
0.194129028295835
-0.8695626631620309
0.6308106489802048
1.0739637027250293
-0.5420346192468272
0.07645196983998967
0.9862121501968477
1.0263030539826357
-0.6533933999290602
1.16663813246612
0.8270723347557718
1.107241770844094
1.5306452599384446
-0.9038182894441649
