-18.567947888886323
87.11628767304931
9.4359101854038
-5.3496188559770355
-0.4296756741268035
-3.704525499221648
1.809230001920934
-1.4355205751685483
0.013819624733364927
1.7469762189114617
1.3726059732614655
0.5579400267893363
4.508522837814773
-2.3582778671204947
-2.774534304427442
1.3256099289706929
-0.952770832423567
3.6426951692844765
-0.9919925147349289
-1.4834909563669503
-0.06869024416652922
4.457510132344834
-0.546070988380901
-2.580094631887878
-2.6447232279956046
-0.3850730893234538
-1.4429663905085253
4.594912791891852
3.9960549973044466
1.8996480110410956
2.755723081677578
-1.5333526537496287
0.07205996851336022
1.1498210090743635
-2.480916104701927
-1.05246234945483
1.856442961492892
-1.8341268532449788
-2.001824776151332
1.4242142804519733
3.1722835326291214
-2.0569241541706247
-4.1038385075849675
-3.341977767559765
-0.32748982433674967
-1.092349366893079
-0.38122583118532216
2.207818618991234
0.6839972646965239
-0.02393696057703157
2.4781495975597503
-2.5630184530906077
-1.7267682361868018
-1.2407589018150649
1.8640841906783003
-2.186946321161596
0.8480557770821538
-1.4241156570176547
-1.4189022550795016
-1.1794798982573662
-0.7852237070659833
-0.7739998540546189
-2.1492269230091945
-1.7010029684701395
0.9775224801429738
-1.1648195227396414
-1.4023192576192933
-1.326443883713196
-0.6086558238897171
-0.05213611627108217
0.6969796788127095
1.4355830550378295
-3.6564257691169972
-1.5535428446677888
0.1267029800719518
-0.37346171897653585
-0.3838872292732692
1.6972476360376947
-0.25602863147372584
0.3731472365495127
-1.7785809190490578
-0.37776025336648006
0.7124978981784533
-0.2752132575205143
0.49272293500759384
1.4157010395794953
-0.7518423417751232
-0.6820684898703507
-1.425227280573769
1.2854222319217763
-0.28273013700150784
0.8237995442641107
-2.5609637141896164
-2.834305701510527
1.1020388506617096
3.827182054769383
-0.7406601902553295
1.0856437086340645
0.41221986394736165
-0.5850140615957085
0.5284313248724876
2.436073776258021
0.3915877695724189
-1.0249787974861664
0.10173488288219293
-0.586084073453122
-0.5856100566701599
1.313170042161621
-0.713005687972251
0.6437476918526898
-1.084322543569784
0.32292723442576476
-0.1867625343363705
-2.081700692224863
1.2545997215902227
-2.843664877540252
1.1496394896285405
-0.05023241948336114
1.8113651894901581
3.0670443017661198
0.6785896284173611
0.7143993388095213
-0.7834864921454273
-3.086962362701214
-0.29922716732305304
2.2290305434940554
-0.9148743515116117
-1.2253208561592233
