-45.55499026395075
-0.12670502052876423
41.40544947783399
7.590408635206094
11.03052120618257
-2.870418168046257
2.589745919075043
-5.4364452085334065
-2.387678426984619
-0.1788276281427109
-1.801928824453543
-0.24731488801103763
0.43479549855946165
2.29500347540308
-0.7859118227341381
-4.055682011652191
1.9504998912659688
1.9771962215453085
-4.207488141622942
2.680828253811386
-2.259595624559475
1.6533314392716723
3.538442363592039
2.775027021365296
0.8871969748009267
-1.8272288349007928
-2.0297087613316496
0.13534653953466722
4.674354265356257
-6.308210244586184
2.846825309528636
-0.7080011917182114
-6.9122820383175005
4.010302118044552
-0.6159298004810945
-6.339828768369458
-4.425201639614965
3.084598369592987
-1.1662491287296497
1.2774289509169587
-3.010079031488737
2.028876527187271
0.7813713136424536
2.1152295253772757
-5.5163887548609
-2.3733483224050684
-1.147176412992375
9.157054406601763
-4.981940407340543
3.685799330944786
2.5387840614330157
2.940802073933995
-1.6011644839393187
-1.0466819265068037
-2.083851347296433
-0.3810511874608006
-0.3961715023177758
-3.8111985439959164
0.6026320426697019
-4.116321812512356
-1.7573073601826457
1.0855420243687584
0.5689408999055594
-4.240372561156541
-0.7561215654385167
0.5241432106527908
1.9339551161372364
0.4687224120933498
-1.2209632861222943
-1.5423043929152946
-0.6567591523058798
2.401546460234076
1.5234467830338632
2.6800258400013037
7.919445060126508
-1.872669619335116
-1.4688755418895403
-1.7120340488324617
1.7254160993203154
-0.8824166569342766
-1.7120373442397303
-0.7794199012626951
7.526410531859761
-0.7948085432155325
-0.29069217439170203
-1.4054096432024594
-0.6379539427353238
0.09049233422115807
1.5752270629422824
-4.353337333920725
0.9706419154822729
-2.1297524371858714
-0.0150408911794645
-3.0038434159081877
-1.3739178400703442
4.3404200517474365
1.2498465127385399
1.8517620615521004
-1.2462702973317747
0.13378612181711835
-0.9954206047604444
-1.7958195052332202
-1.0357445673449515
-1.6520830161596975
0.189845483125116
3.674876730273617
-4.330010216981349
-0.28786930445092623
1.2355240386432949
1.7952729039681827
1.6114663418360842
0.4058200726509583
0.7406844014451393
-1.5808212444655332
-1.3453260380014247
2.1020824099139332
1.4834907929685024
-0.7011920295150452
-2.1607453003655572
2.1996017247044986
0.7842594875112873
-2.335762468189883
2.725462498916874
0.9837689045711767
0.02596098741153169
-2.3339501214097487
0.5793814887272539
0.644158341076223
