14.090533905529862
-53.220758017000925
-21.72449262471108
-11.925171662644324
13.05387172673207
-1.702133944579987
-2.690160670093934
-1.4254208310056682
0.4688622017548404
0.004366295183835342
-0.0456743214423877
-0.7287554155718821
0.12275742200854783
0.7283125603659377
0.0089369351205138
-0.9516877112061258
0.22813599471565194
0.06603295297499728
-0.236982089652511
0.47186132536247927
0.7666047343378373
-0.4090144353146421
-0.5623509837921987
0.09463649974643501
0.39017257926242765
0.5655568702318704
-0.8563634479315547
-0.211780378892071
-0.19542104472415986
-0.2537399322259167
0.25320062359381
-0.11475660407827137
-0.055395577370636044
0.4978543857796686
-0.10366251351303432
1.0197909844691406
-0.5361146138624406
0.05002727384863202
-0.1481891240228014
0.07536561661254806
-0.1601315514911197
-0.2372099003588527
0.028790619982059173
0.18483030596900085
-0.1662841582226184
0.0635579778563157
-0.28237039415830906
0.33418341012450326
-0.031784610421498105
-0.10132567357372728
0.5468283059137437
-0.302613539265199
-0.11566435873243681
0.31544993659630377
-0.45565129826402406
0.2103559012168394
-0.3403500347688493
0.36214427892965906
-0.12925845339286413
0.28170924494296773
-0.1024469202829207
0.1599510391062754
0.26900570660445516
-0.257728160876678
-0.4017557774904549
0.011036825457966654
-0.35223784436097166
-0.14384928459920412
0.0983125793842885
0.10777814216006784
-0.2575084473806904
-0.3523352150162672
0.02272654248187605
-0.17747707311498107
-0.2735627873211461
-0.18903671071380257
-0.25104508944732795
0.012902259833804441
0.4317985828241637
0.27642466978007096
0.21618783007979983
0.027813837370850372
-0.13356153105307544
0.07262460722774597
-0.2896690864127142
0.07462036981747802
-0.1554208409161138
0.24811815053326586
0.026472108013398186
0.09494718933449373
-0.10665069691982909
-0.48604203325024264
0.09045856967228981
-0.11911377695847672
-0.41652525162276444
-8.50148768631459e-05
0.3866863588011228
-0.10441614738474769
-0.243424185512914
0.2503790000887943
0.004409465098185898
-0.1415924811663857
0.16341551154560607
0.2115242500186938
-0.057523264933425966
0.14763019228248053
0.2285810387621993
-0.40285164510237764
-0.12332948526687151
0.27578958773193235
-0.0036299995906592664
0.12608167444779084
-0.05736050216858592
0.1478273733819324
-0.23290766356848944
-0.0067571229538361255
0.35375019511460515
0.18631575022939817
-0.36500637282604076
0.019385115615754372
-0.17377225385842635
0.18403395086161345
0.278141643978253
0.18366241776708866
0.09548991802863656
0.029065603469153795
-0.03688737482490993
0.5643837217059648
