-43.85221012771957
-3.877470149671801
-9.949947580993943
6.030237833786639
-0.025757528438842936
1.8251668242158112
-0.5776913917521762
-2.877190743124725
-1.2751261214703284
0.2830509872637646
2.4937156242531544
3.0927808900974254
0.9238587336659498
-3.0711762510976044
-4.757256689688039
-4.329443281809932
-2.251032407205735
-3.338844856342648
-0.9545109486523834
-1.4358713780731198
-3.5748213263026187
4.233854378351754
1.8096134119898604
3.4475360190016753
0.2435021269481098
6.482624886371998
-3.4758186755749274
2.5095868947761226
1.490318348266624
-0.8600371827542338
-1.1315566357944817
2.8983868412508276
-1.6208325977826425
-0.5330509735536026
-2.46325327328993
2.334487086308318
1.1197476826987303
2.5252670219461484
-0.8360891414107641
-4.217737994979109
0.3606706579744175
0.8378459622898581
-4.610531913631858
0.11450618341937242
-4.157876562294842
-1.2808177781595547
1.09710850385915
-0.44539616564107626
0.4566726646133204
-1.4064725988511555
1.4361143160045933
-1.1019345630773187
3.6107881888600657
0.7464323969143424
0.09415979405710169
1.4603136179089458
-0.39987091547604076
0.11561766908422896
-1.3661130776628083
-7.07615483875988
-1.1883297870057383
3.2520287672353168
-1.6839076891649987
0.8973344605423491
-1.8423367421298713
-1.1896806558257853
-0.8535575142996614
-0.5846552547790573
1.8490243058205964
1.2053497477743502
1.9693643456746048
-0.1950011174072949
0.6076643254773437
-1.3247288011314213
0.501068206110771
1.3805845093886635
0.15210185499908124
0.7376751072082938
-2.0112996100291354
-1.834961921149151
1.701346485172368
-4.34578979175983
3.891012582140118
-0.5975101423883054
-2.2105432575200825
0.5656801736579555
1.3086044625115594
-0.24969682106187926
-0.22562930931261327
3.463457415412928
0.9824633886232879
3.2573838104847352
-0.19884185750528327
0.4993192153448171
3.09087223469165
-2.422513644657215
3.3186657555316668
1.6296881643297012
2.1095101181201272
-0.7002986274971871
-1.7785824677967783
-1.0806746034139203
-0.7492445167429164
1.6925911483325555
0.5409566369805847
-0.13393409618625596
-1.0759536402153704
-2.3777350158857824
-2.709518043723663
-2.8567256182646035
3.1925088263773067
2.087234031533713
0.5703127265315874
0.14197667908958056
-4.052987990762167
-1.616336420684618
-0.4407661660013925
-1.621825594688893
2.7064168163605618
-1.747673934527251
-1.0450815489293648
0.7798302999569376
-4.274362785825569
1.5322749464461636
2.873450621252013
1.6716291594092885
1.009028439651693
-2.722951572874258
