-44.77970497881471
-0.6144152995994757
-8.007549043638365
-12.486415335949408
8.948336246531241
-0.024204433916729932
-1.631624992916397
-0.0020131294575486403
-0.282028760036049
0.08422999159840432
-0.3733805832889879
0.12467321072947424
0.2317731891867591
0.2160724104093722
-0.5042186746115412
-0.24618299509552996
0.4003784844990128
-0.36693513412587364
0.031927780302468595
-0.43867060346247877
0.7285083295026854
0.06916010570578562
-0.47558583933671505
0.11276049028079682
-0.20471895754739622
0.35131908107248244
0.01247039816504053
0.4161571901142
-0.03860830545040242
-0.3197482332186849
0.12532750502031764
0.2759218975232943
0.04313571951091957
0.07021928074526464
-0.13441403739737562
-0.09332324334872
-0.4193419117185391
-0.12991065801066778
0.23237992703249574
0.16932155418704375
-0.164198409400665
-0.15740248428257106
-0.11911449305485326
-0.20512751391780942
0.22405766079751868
0.0871584000683229
-0.11976575235951861
0.3711782951057731
-0.31814002890210946
-0.19775465477165982
0.02573635355331532
-0.030042787367941727
-0.22723212400974363
0.29649486548917137
0.20790762182317163
0.16609839780139662
0.012462679178543518
0.36410344641220893
0.013593161948718693
0.0404447456861249
0.13130573659377223
-0.04834558816822759
0.23933208348590582
0.10203682598237321
-0.08871885186265471
0.15068352524309542
0.0019884194557794124
0.28290223747757637
-0.2926570675061595
-0.08315519975308103
-0.09400342557827339
0.0894111187447435
-0.18488627584904932
-0.2830534978705781
0.005157737644244292
-0.004274121535962433
-0.15126063107814738
0.027206304026618555
-0.009707100803927997
-0.048627503085955766
0.03838618754212303
0.09186474340442455
-0.2332157209664939
-0.2790218444271341
0.3142665106745455
0.045954152420798755
-0.05121778625065544
-0.06133962735397015
-0.14791314977261064
0.13728152771892665
0.11839850184518222
-0.3322856086000573
0.16783213825278842
0.17080068224266884
0.11918504669822427
0.03701127312182666
-0.16911408341007234
-0.006660305425084841
0.18753348908859913
-0.2005126405144244
0.2778373471226806
-0.16440322625797504
-0.1435526477806653
-0.04139097133444766
0.4187839943672204
-0.13416410091390937
0.03248623704269715
-0.10554832937189244
0.08360571714710992
-0.05372525151661878
-0.11839488757006444
0.05353298547231277
0.17049106514964116
-0.00516074392587542
0.12165559389630769
0.12524189225054247
-0.04522301338919511
0.0065234099504078
0.13086486846539205
-0.11736921711209658
0.029597854118591185
-0.1593416902589671
0.15785912398049254
-0.11686211811198949
-0.08182843969620575
-0.3214103644341313
-0.0007175087826553454
-0.03692730415400659
