-40.79684282376503
-1.3066829366646955
-3.1489034325435132
15.61071633517565
-0.6706671695215377
-9.395406357339375
-0.10254998902190149
-1.1639050047004604
-0.48544703659254085
-0.07203543452146169
0.016790650183012075
-0.20587737152143545
-0.1740763263249577
-0.36582599072286975
0.3262885712736902
0.7481342489564534
-0.0900327245306114
0.10980280570017992
-0.005104889728441364
-0.07200290752215921
-0.30012832527873157
0.4003968090077713
0.6293908943807485
0.22877033199803604
-0.2572225485679522
-0.08804567584686143
-0.36990005768483464
0.2906393362975902
-0.06292641341954412
0.01871840818056001
0.42966005166415316
0.5506594072808748
0.09127636823008488
-0.41926889756154073
0.1889427944329618
0.5635211620589509
0.35471904601927806
0.11056440723442985
-0.2754946474422475
-0.11912680809810222
-0.05238811706917158
0.09193699858289171
-0.29558281992211155
-0.0864149924191395
0.03268798741564037
-0.013221075008606337
0.019748538956183156
-0.34839611302157847
0.08176822809712592
0.5031032337151713
0.7095561884835048
0.17609015486018148
0.020674022616384014
-0.1804569168886603
0.06623849259394378
0.12143363841377053
0.24352623403722262
0.08378959278931608
-0.18606004616367605
0.43358415099100417
0.07376760245002187
0.14810485824316175
0.20315849953987364
-0.012927617900559397
0.27311858266220823
-0.1176550536292338
-0.30858025672389816
0.29123685734786375
-0.02820323614722557
0.12094641120380342
-0.011664822545759693
0.0845726151087944
0.09716834001748081
-0.14086545889870716
-0.12033461217004315
0.5609524588895828
0.009178326616347286
0.0876086352355412
0.13601911220294605
0.4601135596436683
-0.33576649617084153
-0.1881100140974965
-0.1297623149814712
-0.1600156155310739
0.21892358099965267
0.36627144521819643
-0.09901698449229576
-0.17580856128130978
0.3595316463339232
0.06848630239183622
-0.15215142604273735
-0.22300849466793568
-0.037763647487849605
-0.008136324680592721
-0.2360963594788598
-0.09051578604966087
-0.2303427695710283
-0.20452232621920036
-0.007036225633971327
-0.1741086022440345
0.33822933270498245
0.19695290821648573
-0.08842189993856678
-0.30070259983685366
0.4423265630475373
-0.3239989054061998
-0.30929884883991493
0.27603148258295845
-0.5539382868290749
-0.06045611874766886
0.013102151295177434
0.005938168940525623
-0.5955103941982145
0.081954603547394
0.5419180092584454
0.6571088082948608
-0.14671616502186474
-0.02375865480930324
0.26959366180437816
-0.28623000516067443
0.05826767769422731
-0.11555736552143094
0.22699852378790483
0.0591458198039652
-0.41083067088175657
0.2982058709981151
-0.563798949653311
0.1980851311509705
