58.49323454819288
28.258004629040627
-55.547090559700564
-9.682285597930553
9.233353347016486
-0.1918651397583826
-3.915117484684385
9.426143576105332
-5.439486191861988
0.004708470515379426
1.8240493073686506
2.0574533905307613
-0.798100458174908
-1.0986313047923655
3.4169484575147155
2.9485281536383683
-3.4040874013761444
-0.02232726004086724
1.3920639827350312
-2.21046140327575
-0.3377866647202444
0.8492663061157322
1.2160284734703972
0.7715561079997351
-0.020160051472424168
-0.38682070396422663
-1.8884314969949485
-1.2126143385443005
-0.22090619163586328
-0.443075167958926
2.1058439387976327
1.497343357288015
-1.575662873521202
0.9969081659087295
-0.4442848478769995
0.04327930957160797
-1.3415457406308176
-2.089383810708604
-1.1408775735058978
-0.1639525990951586
-0.9312236255325447
-0.5820450471739754
0.11277023465076501
0.42953679788246396
0.1007129767171428
0.5724294463501878
0.9425878092196784
-0.37623761877138984
-0.413692373998457
2.1736647926266115
0.5443738556645227
-0.6502949020044486
0.3364963794151689
-0.2507450485965441
-0.5298705007538871
-0.45368687454718915
0.06310933945104917
-0.429799006687029
-1.4320531765053501
0.4596613857730545
-0.29543438383201204
0.28070463874613527
-0.08194107238269974
1.0393567789515497
-0.36516791246053476
-0.3091967174569689
-1.5395204266402958
0.7202788085612385
-0.20385104443809166
-0.9110183902242338
1.2184300427021793
1.0146017372865057
-1.341557093532056
-0.004994898547836135
0.704779958190194
0.07963846093123812
1.2608730749879677
0.21500243560706497
0.4271658731097759
0.556403360580751
1.0415991253606245
0.24850544933577626
0.5294921070542205
-0.46350311065749816
-1.086778703681071
-1.0980706972403098
2.023701190276374
0.2524096509078667
-1.0739908724308393
1.1486118298835122
-0.27917212238028843
0.8726216176578259
-0.6310290668586251
1.3396189458040904
-0.20308360624436123
0.1471071871736192
0.7467439364222528
-1.0605145503372326
-1.3213443054738578
-0.60416915105083
0.6211759021636796
0.6522275926862283
0.3917766478464631
1.0048704048552692
-0.2513906893420292
-0.7032795454510969
-0.46692766578194245
0.9187106727407528
-0.34358586742569996
-0.655727463452693
0.32843996106674656
-0.13550459974803056
0.2287645352414598
-0.4782887217614119
0.41811283070980426
0.14738067317609954
-1.3389749479114461
0.5298469201865819
-0.07113007413775768
0.49320503832362617
-2.4934128800950948
0.46254376878806663
-0.7137013271437096
-0.18758112901976276
0.29383222205995624
0.30607217348408733
0.7316795499002384
0.018776877622275867
