-70.73182191937451
-0.7701756830299746
-5.18601833608366
11.246166549933724
-2.3484740400861486
-9.343658588655401
-1.5729940585696254
-1.0574676265232008
0.6078167724836062
-0.994269848244077
0.15794232761283725
0.1333181751540006
0.05164218890113141
-0.24263670952055758
-0.00022324116312924525
-0.09585022477274593
-0.11642059405251882
0.11326374966053701
-0.03955967510264774
-0.0797960506457944
-0.0368817137677368
0.09476730656300876
0.2936705389736799
-0.42086275329429673
-0.016855378146335115
0.2561971020785206
-0.1110250589393099
0.05977341035074757
-0.3955224392218536
-0.14453497295410905
-0.11446524773528724
0.08375978661846664
0.31024391632460585
-0.5127912136369868
-0.02466416824677975
-0.13160595985963883
0.21552030081247064
-0.3674386589836886
-0.0011052393144117129
0.18304363920913894
0.23344185470768838
-0.49635206773671237
-0.17359112821944664
0.26047690626432823
0.06050485947303804
0.19485125549973553
0.045699282829955085
0.008354168955332808
0.3070770606671872
0.3046990845805398
-0.17633723648650493
0.0334870128532726
0.17798148579727668
-0.42189354848863925
0.07536048817653129
0.75704155989271
0.42870919132257257
0.019215705417502213
0.12342882508406647
-0.05081548120316033
0.2573331867954167
0.06230262148777632
0.40489512865563426
-0.10958959303303702
-0.7530592344592247
-0.31290562162854346
0.43674485298524696
-0.24475186308741256
0.03829651863243748
-0.15914462244562616
-0.1003528131378297
-0.3442095163003338
-0.037433707513925045
0.03144274260672656
0.1910215317894721
0.2497851722928514
0.2411842829912626
-0.10902991035576896
-0.11401315111778662
0.1243179262651105
-0.7601035693260303
-0.12536030108565688
0.2313858629359675
0.09102892248276988
-0.6970119827805178
-0.43579155503137257
0.03137271458885498
0.08635352538317359
-0.17234378233869285
0.16354983137709578
-0.17595807655518814
-0.06253860852394325
0.34737638940072346
-0.76158965694214
-0.12085632723062473
0.28080647050783725
0.1771072503650456
0.1635765601332369
-0.24870993501120542
-0.3065688121284349
0.1333518747051961
0.180851458901536
0.44805923254041136
0.1388552730070196
-0.358028589154636
0.41271058967517693
-0.12352157696112784
0.12178662032287625
0.6308724492408796
-0.14860284378541783
-0.11077388222310848
-0.18657844073279678
-0.29957500532915216
-0.2570586224759673
-0.08842554801484434
0.2248647985507723
-0.33525090464181084
-0.3520332831778141
-0.3997000277015115
0.5471327301454231
0.0887171602651075
0.1758586551040119
0.11937419817498057
0.31112949676480284
-0.05646114048949928
-0.16985248086586335
-0.31418666265783035
-0.06890765641597944
