-44.94229661842778
-3.8384683041856156
-9.760920816811907
-4.412994222294131
-6.888584467055727
9.941469774767336
-1.882816780677242
0.7786493519038898
-1.3443907613506705
-2.231456070228397
-2.9944626010119273
1.9372996890725243
-1.9557335361464663
0.7542384987208073
-0.8129320297014181
-1.6072123881842924
3.536695157488272
-4.217372018234292
1.2525534780378471
-0.41429205116498824
-5.401343094498752
-1.963998491206459
0.02730801346882586
-1.201533339284731
-3.5334155059899537
1.840397714038655
0.413922498099492
0.22163525083067337
0.17971089925136818
0.9097389687484707
-1.0581996639028446
0.9556010731034483
-2.4368827854479345
2.026706797958415
-2.359600067442001
-1.2664699690036936
1.053902011297335
-0.11473101110244695
-1.4604231703166077
0.21414553950978715
2.1405992645465486
-0.10695805002108164
-3.111388487142885
3.4289082939928313
3.415696632398418
2.7573368323985563
-0.38137752796813335
0.46803605520699954
1.1941882456456543
-0.03587857437630887
-1.0928378248938884
0.2824134992581257
-0.26733771409945994
1.7188429762752597
-2.440041463504802
-0.8871683795751503
1.9843691659714493
-1.264966447665884
1.3143714221436735
-4.041787062342841
-2.1220039500257615
-1.044945219211435
-2.23386517133033
1.4897421056226996
1.500050530861546
-2.716580392761108
0.9744758250014506
-0.19334101218214392
-1.9488716490123237
2.9895764165421217
-0.16418733039568345
0.28351519184283946
0.30673532045880647
-0.34224794485684884
0.8340929733517537
0.4322160737768141
-2.5781757895527693
-0.6190148662889541
0.7572710353347313
0.21592883367112284
-0.43233604541547915
3.157285072056444
-0.676549322811376
-0.0847885903479126
1.066860514811162
1.9250952707520046
1.3416512517735086
-1.8166029275899163
0.27991740594073594
1.3995073215607035
1.5873550373700047
1.3082773315519705
1.7310609510654387
0.28655824908258976
1.8143141607676292
-2.0861744367913264
0.23994699945512843
0.250657503821834
0.09104673143090178
-0.5918519234213849
-1.6699465346867561
2.276728015314205
1.5599672735063659
-1.4715166864319165
-0.2445511789125827
-3.4771496353008544
-0.8190187126881779
-1.9401227781047212
-0.02163340111624036
-0.2673762857221249
0.6546236857743384
1.436763278743675
-0.04204689230830491
0.28176981355124153
-1.27589746322403
0.35812898239670965
0.7417426766838052
-0.6095017607357086
2.063442476015012
-2.10994812969741
0.10733884079974579
2.9907845117793923
1.1028242997931474
0.4184102605277661
1.5481057727071756
-1.5475388890220725
-0.1234469547839913
1.3494846496818933
