-44.886513238411816
-0.635616260577253
-8.038854793449886
-13.029139007035916
-7.093085401762047
0.048461590706755965
-1.4780325214585464
-0.30578089674680836
-0.7903829761957698
-0.14438875253685451
-0.3160888364659907
-0.03290052217032102
0.09094914308532828
-0.41311597356093116
-0.25416290600453634
0.4215815890621454
0.3307130460347472
-0.11749907439491872
-0.3417281418351331
-0.42494076812974635
0.05436434692803205
-0.05253252335888945
0.08924582116459384
0.0060759596396836035
0.12104644780985732
0.14741395934196105
-0.08578137775359307
0.1513106400026784
0.0746196063238769
-0.2304355007161259
-0.01512927528523124
0.13414707033420784
0.007516406252252486
0.08945139805467879
0.03713536618031538
0.06139106353263832
-0.22020889052930975
-0.13786731686700116
0.02518641517662812
0.15784992150079502
-0.3616186365658645
0.2194425521068717
0.28639410666416487
0.2668704760424458
0.2740369652322842
0.1590512020220737
-0.24938001407594595
0.03147515952998928
0.11906372134387813
0.08948207192241034
0.12472554844378816
0.18388844565427023
0.4024174368079625
0.005432967335773309
0.15614745565632318
-0.005950838728320293
0.3074384453736989
0.11002147550502615
-0.0682613394281317
0.05027295478112024
0.019856054797806194
-0.37364995978420357
0.3214973696143369
0.12320711853128644
0.38375574204129553
0.18094694729096614
0.1926483045828879
0.049600929190496884
0.0471527756607909
-0.18557996745531846
0.1328273763075574
-0.07516909588487623
-0.021080858075857467
0.07829681620988951
0.008344870791407333
-0.002360464937992579
-0.1426974261221195
0.12439126440075995
0.031513475902686966
0.124185910620465
-0.13493103178451082
0.46804604126245525
0.1119597627290965
-0.32582987438870514
0.2932698412476013
0.08740870047915075
0.19558378906085477
-0.2988317482259986
0.12174456710664239
-0.08669740262897105
-0.3035045946441425
0.034520859482932764
-0.5018690227401876
0.2883518141914151
0.10533248473027078
-0.022364864673362274
-0.03391297462258233
0.3030504154080725
0.04374119187031145
0.18007732814776403
0.00473261292529787
0.17283547654823034
0.07313671298739621
-0.05556080384201178
0.12197166183061312
0.03732781137442599
0.3250477123408154
-0.031742426022340064
-0.17895953457218938
-0.048833058959849504
0.15176226081949623
0.06837710073874809
0.23789285151055142
0.09654311619102302
0.08457828999585174
0.032473436645327175
0.1187818524526244
0.05387874014659082
0.0624236255005839
-0.10969885375168728
-0.2398288019842671
0.11024899996935308
0.06250892160659707
0.005892673461365232
0.32338728540328865
-0.18313385551921274
-0.16834699748233717
-0.4640066091450807
