-47.67540723443276
-27.597157445188667
-19.662471205122888
7.138063329750889
-1.3446432612448327
3.79419354557732
-0.6188434035077593
0.0034908428928754343
0.5924618631823946
0.2214595606570287
-1.2537331253637822
2.2391365117109534
-0.5975730269973736
-0.13964446407998432
-1.1914158537009796
0.8892163814683224
0.09163916498156804
0.15973519264672167
2.059996742369421
0.31682769913186454
1.6707039699743753
0.09546250291874046
-0.23425119339552164
-0.12102375086784231
0.09210739176321046
0.931928606846345
0.05754281486820176
0.11433697333390463
-0.46334551003917007
-0.02070994571088386
-0.12968572313907756
0.36162971743995903
-0.34196313723266264
0.78144521175934
0.13769995871382995
0.03473720505495592
-0.07081675349386048
-0.3726908153230691
-0.1563830072998207
0.08952894695457286
0.06253695089457872
-0.03726913163228708
-0.355208251390511
0.233593690389985
-0.16575846937501376
-0.16969230452795703
0.5623153007662893
-0.21857048007497853
-0.14408663645713068
-0.1577640369785085
0.4316506954397321
-0.14863528347030247
-0.06350443439447293
0.0883387587778127
0.284221806916605
0.16434724218317615
0.07425557194624438
0.4422487977171698
0.36778126070301087
0.45819964288422926
-0.24924835922724922
0.21964317463185373
-0.4771149810185899
0.11202150540706374
-0.2751808536729262
-0.032268828256702936
-0.07237520059181214
0.12382178326425801
-0.19912951742210738
0.24561346707634843
0.1626712865218335
-0.15740289197459512
0.05324365200569735
-0.023861159654397557
0.3172010409687568
0.3666338113541684
0.45045035345286016
-0.22033629968899443
-0.5524601020725269
-0.44679695619836746
0.2203730180427675
-0.19679996812481595
-0.0033308465675074006
0.001956893392027405
-0.3739483013288858
0.4711937805290423
-0.5292744816899547
-0.2998222010195954
0.00913958601176798
0.29858388825048027
-0.11942621653001834
0.1766104051972111
-0.16249138436199753
-0.09005950558455722
0.040593909496977124
-0.1250076863372548
0.3039108253904285
0.17270340734189477
-0.008802028458739175
0.0577614735135485
0.07502596879588694
-0.20156311496584303
0.0958452967878705
0.17291701743267712
-0.30613898344414553
-0.11005540373300388
0.31726969324059356
0.2807348133664698
0.3370315427505918
-0.023270179480376997
0.10390772073875129
0.18669065388009115
0.32008333560248825
-0.2984608461192487
-0.008561650732882314
0.0637333007109433
-0.411550662714211
-0.16357602610221872
0.030768697320702653
0.029151421886311316
0.18964861725289023
0.03116544595035336
-0.0897200473322309
0.25938651437078186
-0.13192686001463114
0.1030417108222407
0.11788141127191334
-0.12010054794910578
