-42.16369284538107
-0.8506597749796997
-9.934287440201894
8.056857924324635
4.377906019124389
10.956895499765068
5.1148135959360985
6.531414914097511
-2.2416964080071216
0.3811269747206938
0.28270403737238947
0.6840275605460123
1.4343565993245566
2.116933662367127
2.455351779805652
-0.7585367356929926
-3.94921990018971
-2.7651312983625336
-3.105879531278082
2.4193458905571754
-6.741487285642343
6.955648082778192
-0.8702182959389545
-1.5643510970398045
-2.581899649166599
-2.2836191862730044
9.11663346971696
-1.3277942916287255
1.7587727331431136
-1.7386861104557485
-2.64007669529877
-1.7802538626743802
0.7391190756334461
5.352534242154878
6.589795695219525
-3.575937045853618
4.854393214378434
5.6571743180051675
0.4008629154986405
-2.0784522783245443
-4.33106372741814
7.052652054732799
-2.9308015587727096
3.4079587909518443
-4.575328826847829
1.8069748932564282
4.696568444095633
-2.7034884142998385
6.705738914615505
0.15854244687720442
-0.6265421406274074
-2.247010554617176
-0.6424389248206763
-2.389423190300326
-5.431569662224339
0.2318250952690692
0.642438256649565
1.1512402040291232
0.6532572319957433
-1.4555695744551846
0.023329045471105148
1.6284238858377893
0.8294099360577302
0.02852988375499456
2.6105165585383365
3.5026027755234557
-3.448570549689468
-2.384132990112967
0.8731021874467652
-1.2488215421474205
-2.943480636070304
-1.282098966349224
-3.5328405818101896
3.7576750650201265
0.502003463604248
7.083508287087298
1.1365372896572097
-1.4085687800668938
5.104946388818411
1.5195499419011094
0.365052629758107
-0.17671801969100645
1.167845403166894
0.515730496500439
1.2656675745115566
-0.652064678924705
-0.6033103700505749
3.2675081149525003
2.197493979022876
0.5728294604871275
-3.272943217817961
-1.0428258391628336
-0.4323222170906547
1.4779767893380673
-1.8991914800489773
-1.390141912568789
-2.340171259597831
1.886192637053252
1.7584411575850893
-0.03981215944326145
1.7999417340094985
-2.931461272526971
-1.8639849914342308
0.24099447613086092
-3.9647144337959253
0.6991873600805966
2.015391209194997
0.2503545994920176
-0.07330220467387066
1.1590773100778442
1.3796986480841993
1.4864921267585836
-2.6433611607111533
0.53201859045171
0.001724233742549347
1.9444429710592386
-0.1819543880653721
-4.556241926988545
-0.25540442609328096
0.499832584496893
-1.0686136534687831
-1.8906249921863114
2.1724110244516277
2.321398204642431
1.6896437036466014
2.1041664199117873
0.0033415550840473207
-0.8891270041567391
