-40.44202645735066
-1.8992924467315875
-3.3660849881985806
15.538035781819913
-0.8402177035343413
-9.728576806571791
-0.16004818346151575
-1.2490980007421744
-0.39205215915838787
0.057651857826223785
0.11576967686304487
-0.29858663634156946
0.021737847411583022
-0.5489605581725787
0.4190076523577687
0.6599423977327964
-0.01340881342478717
0.36361350470695564
-0.24106141051407884
-0.3198325798697552
-0.9899012823065847
0.5963017473043342
0.7021803955423925
-0.19728187760910554
-0.30495985612709564
-0.20758626160047272
-0.739714778162794
0.6530641040001709
-0.24875865972366246
-0.36010464589888425
0.38025703119446563
0.7312707373866081
0.04249654676526238
-0.3214317369880334
0.9403985917423966
0.8726049177822739
0.4814318347507986
0.44160334855092354
-0.24618046744381866
-0.7628230982425587
0.2645059735255103
-0.05781891605114037
-0.27750550737634905
-0.5002098495044016
0.008254792994186778
0.3740311327479978
0.271298533228641
-0.8254030163907852
-0.12359484706412983
0.5804951859561813
0.7705850899518647
0.15397258823829202
-0.15175245077453065
0.03392733675443858
-0.08528608663534976
-0.6486388050991079
-0.22382477071280565
0.29607492115410716
-0.42555643223057554
0.1582752172674345
0.07252308037349695
-0.12640240647086337
0.4551427672402339
-0.09066172442842471
0.5354432607400772
0.2072578577151276
-0.26022675827166175
0.14845578852793367
-0.017685117090772997
-0.05004234607240609
0.09604838029650195
-0.1411451639065137
-0.022350655045367415
-0.2183274957813416
0.11677858352118647
0.2064557959178101
0.19969163315979757
-0.14399125566207643
0.09587361278702772
0.1604047600847569
-0.101919996138028
-0.18827434361388407
-0.26863520499360904
-0.11401944679435214
0.2811322385055194
0.35986104589763973
0.02792794910522771
0.14729171272351432
0.057469515028092985
-0.22167413104706593
0.312634288166406
-0.22710718756982504
0.5495852930374825
-0.26741533439722515
0.11588264423978988
-0.20652216686233976
-0.09538248600528237
0.09801482189479223
0.025259888285759355
0.6565405498863821
0.2511153347440889
-0.14237843365552993
0.06015091543894205
0.08224632319863809
-0.29638775412331814
-0.5148574736366776
-0.3082648846754602
-0.4398968158515615
0.45551284587921986
0.27583773378469206
0.31096998612357984
0.7926317596878087
-0.0698902866067392
0.2566767124986917
0.06250955957015114
0.3249197188009093
-0.5503312898882669
0.3385954421567585
-0.6172684818922803
-0.1905207142651665
-0.23325612895953005
-0.31450539534788907
0.49906227092980826
0.05339866617918838
-0.08852257853042822
-0.31730606164939945
-0.20905440320356736
-0.06268703979594241
