56.83575298961535
29.21476680096013
-53.0677959997714
-9.254865252435659
-5.963523637217747
2.47242421439594
4.677380429416537
2.531817183347998
-1.075902328929677
2.396241075127647
3.264810642947254
0.9742579971833751
-2.4114733672694793
-4.138279609894072
4.517499128772116
1.2465454510121476
-0.04508175543970311
-0.5270531895289414
0.2964863050229844
2.337570940521138
1.4200448490512794
-4.955238128125448
-0.948481251964187
3.502162010636395
4.902303626083415
1.0855435380080833
-0.6215823727190855
-0.3704586729450847
-2.5702983029742232
3.536908211518449
0.4253730816775554
-7.196765376151341
-2.5382246490062332
-4.273099399923878
2.525811320373436
-4.893120511992655
3.4206316239352956
2.716315268047399
3.047086282585899
-5.816103809795888
-0.5311421858079879
-0.23101218282157793
-3.7130836211455387
7.072604231818243
-2.091870970546375
1.7484055808926766
-2.0085024243556555
1.8262920905715456
-0.73809052303768
-2.397380787282806
4.512977370461134
-0.025257882544498608
-0.23668208286133244
4.820235047167399
-0.35437758328139024
3.0133372305010817
-0.34704816682704887
-1.8905142688880254
1.7686454796920923
5.4691368829332205
0.5471056530943161
-2.6359021553265585
1.1977464643384472
-1.6997791484494171
-0.7925931585891358
0.47140802353658096
2.1020275987223442
-2.135307455900693
-4.517118767437309
1.05510891359615
-0.7411628515138518
-0.6940574145941429
-1.0695394116793617
2.198543135595199
-2.4833003205670847
0.7244286065933179
0.6859940883282678
1.6508748897019023
1.3421421641982088
3.229972938379327
1.9447080644707009
-1.3589393343099745
1.3017932249159363
-2.7458981473749318
-0.911468669664266
0.23455044006274833
-1.2435513775883438
-1.1528036301445916
-2.8153767445976823
-1.74222282378546
0.15903620413545588
0.20526189047859172
0.21142226926403818
1.7570844350930734
-1.6014560569199363
0.7053505730977976
1.1136055707590151
-0.25517657404947497
0.028611176940227412
1.8205064916638758
0.5594195870939113
-1.5569208644136632
0.3106954248930285
-0.3300823466618299
-1.2083727255753784
1.608621860353596
0.9080233393919901
-2.3112201934765477
2.3635721760298383
-0.6959872593987031
2.07188274933502
-3.1827517464765496
-0.6960017353792637
-2.2889514118214307
1.9018666579355106
1.6944597745781915
0.2832382992226007
1.2916828402557468
0.37850955556876636
-0.7427824873409054
-1.6096174375497034
-2.4496879253476234
-0.23090386880891692
1.5595903033848377
1.0449604123957392
2.7637668456231044
-0.8110973906362495
-4.27209503854088
