32.84184482007551
-38.17476136356555
39.07825077247997
-12.580292207779927
-6.799796959665095
0.9128508388212103
2.440975932078416
1.9274313478062595
0.427511119905313
4.887953317061688
-3.84849769160583
-8.272729989069138
0.7330499446359341
-4.343595913515882
1.473784843641389
-0.22617331758246406
0.3926691129243316
-2.5379759061022633
1.2700627376938252
-0.65126605626786
1.544782141344586
-0.25603673756444467
-2.12501239855083
1.8460167911990621
1.254003833964202
1.666508396174206
3.4222969267036905
-4.272806447759748
-4.928012445590373
-1.8425261679877825
1.021576380711641
-4.8956664636463705
-0.4032250458578263
1.5367501728218163
-0.2959220854236533
1.2763439264899097
2.507189043771071
-2.25414180696058
0.2195014007707231
3.267857480502188
0.6472882514781647
-0.17937435222207854
3.5762438815264836
2.8688856379026997
0.18916934208591155
-2.4098026451318924
-1.4580378363496906
-2.9183123675983604
0.5970740603681614
1.8481503925618912
-2.4538981265735096
-1.7192438290242327
-0.18234298144542876
2.2569711337095955
-1.0685542941645663
2.5678230693529662
-1.4767991365233823
0.23181072098790423
2.7659472688520608
2.450573281902868
-0.4446824920203372
0.3313228031300497
-2.0119853741654565
-0.33870798256797985
-2.4516250580499213
-2.761181614481673
1.2826263448643815
-0.7692581453744813
-0.7649155894509253
-1.309278519991115
-1.0804256238519623
-4.456903376997737
2.239679562279856
1.4243374626994896
-0.012164801266374634
0.9324926043274883
-0.4429835531801596
0.1941162735531857
1.9687024113389844
-0.2685790094972963
1.1725287595643543
0.0036549455978378
-0.944934975342969
2.3224019020744886
0.5042554065669311
-4.343937004714831
1.0105947291343313
-2.74417476364418
-0.12826465120606556
-1.3882562277979755
-0.6655496511990505
1.6273313254918744
-1.9263423967318303
-1.3071360472302334
-2.579638879747844
-1.2676979286331316
-0.8326465185998002
-0.5591287528637285
0.5055338867847279
-0.07087339519942744
-2.715969102738441
0.1037238928040821
1.024724932069569
0.8676019209529173
-1.1974977163649065
-1.0494846206746449
0.4711789319631324
4.123357115154904
1.2185798445124583
-1.152630794339379
-0.3500907323189779
-2.69333878552293
-3.0112743286049892
0.03879804178528343
-1.0519254215086482
-2.5005756923212727
0.376871836901645
-0.8374347962001443
-1.6451956581672198
-0.7879996725341667
1.7571680174951296
1.2501463447972772
-1.3010482160687677
1.0605499555716504
2.4947911785717376
-1.9717186555906072
0.19815098310729878
1.1677852091832446
