34.412650048484956
-39.78280214691765
41.31305116216825
13.570695557442198
-1.6519626327628312
-10.635271745407433
-4.537039911845357
-1.7843519775083903
0.8917110195174279
0.22651159737963264
-0.06279515520744089
-0.15721804259999256
0.9606172798935275
0.23313862330357124
0.6029247784907921
-0.5051948269545516
0.3226589687430592
0.3777040249844291
-0.7186429537836928
0.004042438613523533
-0.11344162870896027
-0.23035762660780956
-0.33512434023574245
0.34949883364501805
-0.7285876894839604
0.24026409621697828
-0.059877005616395175
0.6494122246075584
0.21719667648174995
-0.12792580336243387
0.030705697479415706
-0.10786601467866054
-0.03263981227308135
-0.440568295472255
-0.044909027585774
-0.1048806428578172
-0.014496189468474044
-1.1248036022786527
-0.37133529327107384
-0.17376756849578234
0.16282612330226937
0.3747520581400079
0.5374156792842086
0.30917400793743355
-0.6044171816210087
-0.010518751132296597
0.2249373297472962
-0.025551695195605212
-0.46616115482811404
0.34974374154961235
0.2120234792117432
-0.5273925515604533
-0.1484838234713935
-0.20303177346619855
-0.20711740280210003
0.1614883510596904
-0.4124744450015808
0.14825626836585107
0.45885040950800227
0.14939398781301555
0.4780207459315374
-0.5500421977334269
-0.45063420859956516
0.37508484823503774
0.44879609852154567
0.16029726095088304
0.338692300580038
0.6698417559487421
-0.4696939126900086
-0.050687583209330284
0.44189090738683434
-0.014405323449345454
0.12961530994814124
0.038083018630843665
0.24964902106691417
0.2736638685633769
-0.027843382227574175
0.3543893603799254
0.1244240339202913
-0.3795324084453992
0.22516184240904627
0.059164567596706574
-0.8136076828689629
-0.6892030537762147
0.44617933786177083
0.21544926787380317
-0.30710590690081657
0.20371432380329602
-0.06947790184147605
-0.34014131786896495
0.10825766598125902
0.49103351700659864
0.10955199204540744
0.23335474052689364
-0.04638561702394389
-0.25640984794848276
-0.6585350333534079
-0.5900306276300804
0.28514591983570103
0.264222232675677
-0.8754816167226007
0.5754674587333879
0.014166055392590205
-0.354967761215687
0.6054834151129707
0.010250600849244835
-0.28274215631275657
0.7267525043383539
0.07764323997810602
0.23633808336986922
-0.507375858216524
0.16400928119596966
-0.26164489076623787
-0.8359023047531666
-0.10607708388147219
0.017305752631985638
0.5033109589156806
0.39513212331109865
0.37092816584047494
-0.23091759716927462
0.40252858236553324
0.17258624829964658
-0.10460540860716071
0.1356724148660559
-0.00034029070135746173
0.2447341915408521
0.23971498886279166
-0.2792803878281723
