-44.915729962522086
-0.02948180515882809
-7.480181240285989
11.530001486576882
0.55016363796346
6.453005028990489
-1.4325489006301915
-1.2084208004616324
0.912318566784447
-0.8435280606204607
-0.024673921406288657
0.41959116141710695
-0.08617507801477353
0.15766726618455507
-0.20721005535734932
-0.37060724655308463
-0.2867330793373291
-0.20989698775871393
-0.010417632920022596
0.9210567474397027
-1.0304109382112425
0.3322386151927887
0.37889543401115156
0.9314798332750109
-0.2544784780709296
-0.22791563043298085
0.20668403696615512
-0.8631191604163768
0.6837497740393088
-0.5026716501319518
0.5521418143395899
-0.08075979515170655
-0.17820077537979545
0.8517484025680736
-0.4082259050381709
0.5362897116247868
-0.5714126858517987
0.8501521189316126
-0.36599009977551483
0.39308281859300354
0.301309771491467
0.03535216700087032
-0.02497826552816006
-0.07581949808929296
-0.523205733979072
-0.19582819452933375
-0.34649310769298913
-0.39487778932862594
-0.4969849211859743
0.5133110207648437
-0.29998342435291836
-0.30853772208148844
0.27654634497028013
-0.2967524791514829
0.010954516295537491
-0.15991957299856208
-0.6921117461855413
-0.06039758761067307
0.3181816674831959
0.25108788356224704
0.34971120955088947
0.8301122507529666
0.22696027101884425
-0.17611110407869665
0.559894335277222
0.1780847472574758
0.4637047885315628
-0.7148367144366403
0.33809846626438683
-0.1152858708165761
-0.15828409279743208
0.18810381450087568
0.26722669519580766
0.11052694699608864
-0.7612465568916597
-0.03897963888405326
-0.42787156491589423
-0.6718889183181356
0.3160244986301305
0.7500995002378832
0.032320258441678504
-0.42817561277160787
0.33172810742359493
-0.35398791642283844
-0.0689490674433129
-0.2665234927651162
0.06176173937228867
0.1590080535102325
-0.4756927528295805
0.7696680486616362
-0.39060079894077077
-0.012921959270482421
-0.3763964734718443
0.019430391099642327
0.08509658242984686
-0.3640295144912292
0.26537895170508174
-0.15640911747441824
-0.08721937966436091
0.036199887646208934
0.25708830139896605
-0.19890506699257943
0.3708324465518927
0.4625217195100463
-0.21999114692097427
-0.25405946503077365
0.3159783779485087
-0.5010799128751091
0.1617645538433722
0.6627299526437312
-0.23214439942552217
0.7228688941360645
-0.02422563325462343
0.41389217968139586
0.028506845260945914
-0.5459507492294321
-0.5233913628234803
0.20938921847721131
0.44229243563816945
-0.11152195313341495
0.33404624520575316
-0.2156326553429312
-0.8851781597106346
-0.12507390365924817
-0.6042981768353965
-0.23170837750423115
-0.19995264504061713
0.052116448224368554
