-44.993184145002665
-0.09988436354072924
-7.435195151929331
12.62136673985851
0.00794792676091538
-8.472395726219135
-2.029165209204769
-0.8006954204047869
-0.13033230499111595
0.23352306246473936
-0.3284610560746012
0.5584688467707818
0.2582565709614005
0.3173191281982337
-0.5750332181122806
-0.12840957948018736
-0.5034990005574976
0.6137708046391331
-0.4115150332246281
0.21167573365745507
-0.013239812044565924
0.07292511903303803
-0.2960799473332401
0.03118853244380379
0.17513029516664638
-0.45027084680718604
0.2634626567550679
0.3233355712444583
-0.1857477306285062
-0.0593189992742198
-0.23745269575945346
-0.22632208627501843
-0.3159244506147186
-0.08508659954202073
0.07458188906160537
-0.3918118230636404
0.12262162619205719
-0.31763860908580893
-0.2920538946511497
-0.28556366596625393
0.2908928247346691
0.19927915928267662
0.009303208943731163
-0.13270423618907828
-0.3113463764014728
0.0010631668852562892
0.11918546290499603
-0.07775371975947303
0.00037558985705692105
-0.25788703217964126
0.013226452770488992
-0.08364136788859004
0.3700643173214366
0.04876824502480503
-0.04358414092139158
-0.07301744308098407
0.24919449808369387
0.25344329558064566
-0.13948950343810612
-0.219155641550959
-0.13698536509153475
-0.11779375825049981
0.3151396910752912
-0.10771814563739987
-0.040722787785211455
-0.12714484349336108
-0.023715659299451936
-0.09959291406539639
0.05705619156152939
0.014615531392061579
-0.048018356133443046
-0.34843457043534454
-0.1828829529505862
-0.009352556566459568
-0.16351231219404455
0.18717446483090144
-0.10200538221233334
-0.05805863527922226
-0.22023430988200354
-0.07320183588347262
-0.276463368402131
0.17305994975222902
-0.0024203474632134014
-0.03464246272716763
-0.1717632559455217
-0.06849536389255415
-0.18021415967007925
-0.25140684646750344
0.048664153328402834
-0.3608615979928784
0.17687330296421272
-0.1701884360440647
-0.027359992874327388
-0.023468888599593552
-0.056169591587468204
0.25395367888819703
-0.08699275073866836
-0.10710981621445853
-0.31160054065354215
-0.1018802181852658
0.15912671229783693
-0.2859771670898573
-0.07980913711415367
-0.13119873988811218
0.05594650438858653
0.06376588071315857
0.1510630481718752
0.012587390953650811
-0.026631522638381262
-0.008442187948394922
0.19982244895084583
0.05512431530247799
-0.06480901697306364
-0.013300820228320756
0.010260190844924806
-0.005319584218536868
-0.0921426490858396
-0.14808234660277209
0.03351659253540756
-0.22212758293999874
-0.1525372225774667
-0.09621198983997481
0.0030946904596747624
-0.057428075877004756
0.12255361258184674
0.03676712998490353
-0.11822314338667249
-0.12872500200146147
