-28.071948537606914
-0.12903366668051816
56.82057371626567
-13.003221248512187
8.292602038074818
0.09288347406016625
-3.298145050783976
0.3139761493975421
-0.5862268525274552
-0.10064615971636515
-0.20473556033388857
0.04243687298434429
0.15901667298175806
0.40735656786377683
-0.6519637066598596
0.09771996166628688
0.13100896363098274
-0.5871916101555511
-0.28817569653532205
-0.7629914488731927
0.8929205257073596
-0.28871860103886765
-0.40330564227491794
0.18309459556365254
-0.197405952773396
0.6167177882174941
0.04667463795795497
0.7240367315529976
0.19907990026377723
-0.2987038447939651
0.32172854329947675
0.8337252699697894
0.2684806101732538
0.15412633318204033
0.11033739662184938
-0.5910244954457942
-0.2673838568334131
-0.5412511064777065
0.09226721664625356
0.07392538206738607
-0.0038637144367041215
-0.33323537492482314
0.2716990661425819
0.047894316352026324
0.179683380691482
0.016457277732438463
-0.333657812251325
0.4449248090052539
-0.28739723235893
-0.5479440147293873
-0.18046354707779305
-0.12258286459412113
-0.07317611610729935
0.1753144015194235
-0.16767118737353987
0.007057732034931069
-0.012534681797358492
0.18969279502706665
0.025672934486213828
0.30879014215686473
-0.16058571489371734
0.26347555656074295
0.3755646277552028
0.03267615214079771
0.013386323849419596
-0.18381114956186878
-0.2867118558295043
0.1788137936438498
-0.02201399101654232
-0.18490200528145864
0.4717467916796293
0.22407939809129745
0.06725264818251966
-0.18083143443858102
0.1549958814618571
0.19204708272072504
-0.10188863441806244
0.34879977051004346
-0.31121598255536287
-0.04064505379121648
0.1715585233351746
-0.08045659024141744
0.13346812271085307
0.12806881482331878
-0.006840777174082963
-0.12790827796482643
0.1775162307477353
0.19277936885091054
0.09325262169698988
0.25712104524980384
-0.10912552802724128
-0.06947321756271167
0.147764264234983
-0.14631815965442702
0.047875305896477954
-0.08229391490511496
-0.18901284442144592
0.2134196142649119
0.5020073338349793
-0.08082240073660721
0.08844265133852189
0.012327101049227976
-0.13658672938548738
0.28412092582482856
-0.05419017605422481
0.11375063497714905
0.46670732186379404
-0.30094107757998995
0.04084106577951168
-0.3260949465053437
0.056390736261145505
-0.22381926331346794
0.20736808091159506
0.032019452055651515
0.31393349066166815
0.07100728491908252
0.20966018315150312
0.14729194559783682
0.23309538428317753
0.19209790472513677
-0.212790771328255
-0.421953360399177
0.3490075875289492
-0.3149430252712543
0.20019573276137603
0.05632863846860239
0.023597080495379855
0.19024488238505163
