106.01340255783403
11.366335917101841
22.826220462433714
14.012598409919061
-0.8681622025764719
7.886865427168896
-2.7182335861775435
-1.199519735045845
1.143927729500615
-0.08930804240116544
-1.9861916000675797
-4.751519957123808
2.8265771212707165
0.4707501350562876
-4.415503826344563
-0.2263625547303216
0.1419025441820845
1.1891681667704412
1.9576747885868524
0.37057023799504396
2.1864416685611947
3.092589453451296
2.127075492846362
-1.264084954109484
1.7881520572470115
0.44352870395505917
-3.4883603063488695
0.48694157754752687
-0.4840570170182922
5.835531777123409
-0.42319196787149654
2.4847500906252113
-1.4940136775143795
0.47150145633861673
0.47196757484423263
2.822795177373123
-3.5752018241820362
3.4601079930692396
0.8688966500602385
-1.1933219291669843
2.6313432805848245
-1.1883936706680043
2.9811249664037036
-0.5177374784042702
0.92201917938845
-0.9306107150350845
-0.634721025236465
-1.0590236328924818
0.6517545213039464
1.2639511832662174
1.499186280993713
-0.34603481657931495
1.0955931352157087
-0.020008134550071943
2.6465940872531215
1.2563607297709747
-1.339881880139016
2.3921909515422413
-0.7408383702519048
-3.0342716194065793
-1.7364528133359018
0.20882946405320701
0.8730011840924383
-2.431338506553674
-0.026947582159491154
-1.4810764188183687
-1.510728368065594
-0.9615015249086055
0.09323999999691304
4.955037973510839
-0.8958783162014414
0.7022231751297194
0.5465248033664142
3.311440504604797
-0.7332446020981382
2.45584048757108
-0.5972699222730073
-1.2561448621228362
0.5816263297388288
0.7816296882868509
0.21655907038846478
-0.6610049718968452
0.10230484028468834
0.3147905728278716
2.096132318193949
1.88840803933452
2.6116444881707936
0.22680132929799537
-3.506292858032296
0.8398651421861933
-0.8342742817670007
-2.0496226439463014
-0.08703689802274672
1.7863958951163408
0.4452968707093071
-2.3192931204207095
1.0758290011787164
-0.9893642526528449
1.7361129965500088
-1.2798490898583892
1.7747445538784037
-0.17653040579436757
-1.267185904857594
0.04043488256120556
-1.51596827711445
4.054835495839363
2.9418318690335554
0.7134285577945514
-1.9202183419087304
0.8450330875381815
4.330164985709612
-1.8799084367583705
-1.366949639887085
-0.015202484972488328
-0.2758458835425062
-0.6172971948962822
-1.6504062160046695
-1.4294869427795724
0.037934646431370914
1.3089941330076422
-0.6660122098760365
1.954354803219373
-0.8875381476065284
-1.0608438543178835
-1.4408260520243947
3.521131676147167
0.801102347264486
-1.5663836162433702
