-71.05184330001532
-0.8070032773714857
-4.98057066003954
11.314133531436587
0.17164002330843503
9.130536668014472
-2.08738031591556
-0.5879743021601351
0.6051834334634334
-0.29072067118185785
-0.14348662998457856
-0.48494586462567896
0.4422944332669682
0.14281893535509954
0.46038101233249
0.8062950887000372
0.034697964042919166
-0.15533215996512195
-0.16604500431617458
-0.23481036787314868
-0.40875998166334004
-0.020387871669605588
-0.4559417679432698
0.13342512533819478
-0.35204398315708696
-0.11025122475783772
0.33316054989627564
0.09509441959123206
-0.26068079431469293
0.3577220538913077
0.19689960852993862
-0.1953743830390322
0.15229314751728015
0.04531656132260488
-0.09508366555831833
0.12775704967665857
-0.038764297294305305
-0.256302440898721
-0.014086300554278848
-0.14926582925415985
-0.06094022360198378
-0.20965791906313838
-0.04054872877456051
-0.015206302601846026
0.09281577447331044
-0.23093815719122351
0.11340511261583798
0.145396827713419
0.1665436810501742
0.32548835215785676
0.12954847076230933
0.10284525804590271
0.09844177437940344
0.12292064238016286
0.24610844257753364
0.08077411507930124
-0.03896370294620803
0.10040765168917683
-0.032863255247193565
-0.09400835946264685
0.009026002412304494
-0.19848212452621078
0.1723426769289627
0.09920713106743773
-0.24782147386792633
0.08201617149722099
-0.22191613921122258
-0.00027419412783731556
0.10294066615408728
0.4588958493167393
-0.24483025513490414
0.28284161324468626
0.06116112632805974
0.11730311198101681
0.24804194295747878
0.19632432561444652
0.12262119146090766
-0.03112386391983426
-0.2024033820061212
-0.2355864443952391
-0.054225882606826745
-0.1065148227368028
0.1982924243573715
-0.17596306701835338
-0.2377260727071181
-0.25716019511399013
-0.12944081089380877
-0.194031565343612
-0.36206367040434007
0.0065057572658170915
0.017238678668587457
0.10761718108032296
-0.039494360594451425
0.04938839026149429
-0.23664629102284754
-0.08739896700901276
0.05909645583016933
0.11369982595165742
-0.08959518028769943
0.016060962620330715
0.48595423109731106
-0.17811551715563023
0.013706828544549632
0.23850059464680887
-0.10754020819575291
0.06621083056829358
0.42921323742090955
-0.06750249757774507
0.11099958301151358
0.2240311943049153
0.08038062090992124
0.07848450875450871
-0.12188882125899259
-0.0876574073785277
-0.1026374158192363
0.3348113343629143
0.17018563537350379
-0.1957847824548446
0.04070766184591336
0.4195872868659524
-0.21610146595862897
-0.018374788065944867
-0.0989304025596576
-0.06835641433509743
0.19588369039911865
-0.20035555445064557
-0.13968054330533503
0.018701466627984414
