87.69714917506491
23.74868060334622
-36.57078276338336
4.986246268137442
-1.894067693771616
1.8330034059434044
-0.7157112335016734
2.6886612217542534
4.762292369388963
-1.2114188335863294
0.7085099750205449
-6.907374935866507
-5.343116566306618
-0.7631569574351424
1.3523747902377004
-0.6423349462154168
-2.3721850811386154
0.7527904859408268
-1.9045246954757387
-4.6655369872606265
-1.4176006922290996
-3.7461327634328896
-2.105516802991213
-2.7761517751385694
3.9295875681034547
-2.2962583658226188
-1.5746322634383043
1.3820770418039476
2.2120187793848918
-1.581438690037768
3.736284309687922
-0.06672003353302627
1.9272710053572097
0.48690316578132975
1.525674718559321
-0.15181145907007898
-1.2508141964633863
0.860961040717543
2.4990875526956846
-2.1198071248369135
-2.5092487356477196
0.20210636341503402
3.2466926124214
2.0481933245334574
-1.3402181818879857
-0.4522486041066923
1.559934773159101
0.9330776669259898
-0.9038524100545027
2.513597006154103
-6.009825982267397
-3.1543677036336404
0.7808885202184226
-0.623848300247842
1.9179766031577437
1.3349531409406077
-0.4803582530676779
2.9680461721156677
2.952140494030846
1.339206957727074
0.3895252920666255
-2.4854394761745207
-2.319978784376988
2.1057579290230253
1.2680612344742186
-2.959282795467986
0.4686909315620653
-3.1807725143398042
-2.8862945571481635
2.553115603241322
0.3131218126890359
-0.6756583389587703
-0.38094729406422945
-1.1176294988222657
-2.260713015545746
-3.0376806480577287
-2.4391708099539495
0.8721801400106189
1.447143136454538
4.753823179329003
2.7926870380267808
-0.7668291377820899
-2.544625102147789
1.1268737209067408
-3.6494380194407228
-2.8444670343414633
3.238897142959726
-1.2841323723137257
-0.613112034196977
1.0916223830710436
-2.8456529048373627
-0.3310938685249236
-2.4717054992866614
0.5686285702679194
1.2225894393771533
-0.6369975468694046
-0.765733131221014
-0.45405012599001343
-0.21494909965364833
2.8412066568076275
1.3208197410922886
0.6750183557234877
0.8213209163175121
-0.3020257795523291
-0.5202039117311145
1.3889586718357507
-0.0384426981789135
1.105337982081294
-0.43467366212242703
-1.153958490608765
0.7444035319461129
0.7291476849006827
0.8390485065836675
-1.5477777363270724
0.8591466792601576
-0.051902580894480535
-3.132206415663012
-1.8074114670269998
1.3354049914022919
1.0306336885097562
1.1516196144531605
-0.6301418783648944
0.996438850995844
1.409168116681081
0.2717191103412358
-1.7728304705509768
0.04853965334507404
0.30659930457315426
