-44.840876032941914
-0.5591230872747294
-7.937115353653303
-12.149509842339565
8.641199077949489
-0.08734806909565018
-1.4153250282551406
0.027334679737731266
-0.4896349725914081
0.08585342516155872
-0.18584082602180446
-0.25053357740798465
0.341989312761419
0.3223050814840455
-0.7146300584727978
-0.08723393946299335
0.09103186836691937
-0.2287749256982977
-0.16287777708537438
-0.2660383994483253
0.28983407112331544
0.08894496229923435
-0.43050352034842926
0.36234249797923135
0.05053047084149685
0.1893029817639198
0.16620034206273326
0.30232822035937246
0.25617990453255324
-0.29030696984478355
0.34165496710884125
-0.022970685913379793
-0.058156148266023985
-0.08060247243074208
-0.086477769496002
-0.1863624369440065
-0.034940721575022135
-0.3471743902957078
-0.06758560465288169
-0.1665889134936387
0.29317666675329235
-0.04767102752387034
-0.030055269888125204
-0.0075667101930637914
0.4212676171021046
0.09953848949564452
-0.12488301000732702
-0.03231832971666786
-0.3426154668758188
-0.2511951145918413
0.1528587721285747
-0.022865800244893236
-0.5425155124537577
-0.21086803125319706
-0.5078065797953144
0.24090742248029673
-0.1699914272562999
0.07678762311354434
0.09650727314528526
-0.07023434056085742
0.027995107265376518
-0.2536055004334723
0.04330551062972636
-0.3910768214496425
-0.37017307726790905
-0.0879740884862251
-0.11101531145982518
-0.021004068803054443
-0.11733534992473246
-0.052670203482062125
-0.24121365470704179
-0.003840633734966187
-0.039200391436844756
-0.22814429223213153
0.025310408116404476
0.1302827212510465
0.03871399461090727
-0.12465124511694359
-0.0015448976755981225
0.27507100664648737
-0.0023416682854311976
-0.11797659046689189
0.0322218916416379
-0.07194900419435024
-0.1488684073737234
0.08873349433404232
-0.12658509025018871
0.4243211536847956
0.3070974830631153
0.11910919400822957
-0.159444567246017
-0.08904480825371203
0.15906648705307405
-0.21304994814960893
0.09049000222974213
0.0902073211704787
0.2991796080735735
0.016211675257500884
0.21827643927462598
-0.31608324489292033
0.1372309779993236
0.1543586625427137
-0.10452237246186394
0.3196986696859342
-0.17883357829933616
-0.16840064557953022
-0.23851269434259326
-0.024059638045239258
-0.07831749566977066
0.3387840017663925
0.3917333071216056
0.15909648098188828
-0.10888494089631218
0.1466823807415521
0.12531995467791412
0.14804326864153694
-0.16614781459362432
-0.020638924921913826
-0.09823776654902203
-0.15011967121378003
0.24423062187536304
0.13853158114711744
0.028790896306279803
-0.12389452623859262
0.26197145228454494
0.06223277537805984
0.3250797110478166
0.015120682217563762
