-24.618621906111432
78.3747283887155
-36.01848637165822
11.412999991411928
-0.6605500457363612
11.718075462538634
3.3188467770532917
-3.864402785930648
-3.631220897563268
2.4504768334289757
-8.732717963666119
-3.54906715220275
-2.8535740499637967
-2.7400161970856054
1.6743046439102933
0.6455745659740467
-0.1130945125540714
-0.45457484197976483
-2.263515269764237
-1.917079928421376
-1.6893268640395478
-3.544001781186396
0.8472183474584378
-2.320920938035228
-3.1391836344070017
1.8226905138246927
-0.11795796857066562
1.4421458567781555
-0.23302522752787921
-0.32778281494673156
4.85051939439611
-0.9627981001359455
-1.1720740322108345
-5.98271189397584
1.4770723208951513
2.9462625604782593
-2.049121369217543
-0.15353845510173675
-0.4170931956637689
-0.4918051112693065
-1.2780834374876864
-4.895407000681927
0.7921751481863084
0.010164033877397699
-1.221957650471298
-1.6692310492347944
-2.008889028908404
-2.0195703119362975
-0.20753116702993904
-1.8013354931104866
0.10124298623032019
-3.7194512603056693
1.468454105529959
-3.2924790393818775
-0.6822992881128699
0.2785412576614051
1.7473529898876528
2.0354615672983973
-0.7486135082296795
-0.1862842824091076
0.541293160830853
2.337292493985738
-0.6344913444637519
3.4777901708744974
3.6789020480202663
-1.3212750926531216
-2.7943047763427167
-1.4649995371890563
3.0847910610207876
-1.221905286168062
-1.0068804872043913
-2.2902207766039484
-0.7749433728864722
-2.4581091527596186
-2.5338915678335727
0.19120657578987654
3.8909597436333043
-1.184717615704648
0.3142946596057373
1.6599757335915757
0.5228389073465528
-0.09477097481621141
0.3205045686361136
-0.3914363690680561
0.08575489647870854
1.3324623068180104
-5.213494376597887
2.208100548461335
-1.2933801322168237
-0.6295729407527657
-2.6883434638603676
0.2162836082725957
-2.8422303590278046
0.019521922600886754
-2.4110970285180247
-1.9476376982933319
0.007960509865364035
-1.9900011253593737
1.5973646095466898
-0.1023203091692383
-0.6709645292088361
1.513066388038007
-2.4103945341325064
4.466888432838606
-0.7891011447730069
0.4739860716899142
0.7607775574672876
1.1171426915344733
1.6003784889534451
0.8586042961793645
-0.34267760674165637
1.931852556343829
-0.17003514157573726
2.662305580373636
-0.20085245337278262
0.501068841556572
0.7325572699642282
1.0994163731703068
1.6560389556097825
4.104329180412915
1.2438828579862933
1.5050306643910156
1.9580390066771844
-2.9524489915180654
-0.9473961155205771
1.0469880218810543
-0.4227886627510673
-1.2175340986465466
