-21.112355049498824
86.47898027134117
11.158723154860574
6.975086724350575
3.1719702363689546
2.0209550268403964
-4.058220550682974
-1.8072532148280172
-6.682318912702509
-0.16452918486521267
-3.8220841391320195
2.2249589440142685
-3.1154244008013396
-3.5166664448739393
0.976876550028708
1.843906461648594
-2.671541579188297
2.2496078548584832
1.7183049371423567
-0.7951545200361637
-0.4908438694166087
2.3962200120649646
0.5586226237749148
-0.05428957545692639
-0.30797992793903795
0.10542968857588278
0.9107759827071764
-0.8993238058136019
-0.30163583389079773
-0.5406171182359001
-2.8606164170022286
-1.5578986728411064
-2.576583509436822
0.15923066515886306
1.3405419974629094
2.0421610771891814
1.7373601589700558
0.024162899605011723
0.11412847395699477
0.5559489170137442
-0.9120923311549826
-2.213749627167072
1.3340374745769275
-0.11279745885625339
-0.13416081134681196
0.5772207147332789
-0.239757024327578
-2.324258143225373
-1.6630589475837667
-0.813982124963676
2.1105842205645393
-1.2008160291061403
-2.089958537944926
0.7028690877057314
-0.07537297967044887
0.5595311422155782
0.299834809470862
-0.3310707000882267
-1.1030513136975109
0.7774984060659769
-0.10325671435026763
-0.10888961234584883
-0.2666492842717465
-1.9294653669274684
-0.2201942695460467
-0.04387993692156722
0.08715875700079162
-0.6523002081321592
0.040331098336980176
-1.5906591933355811
-0.5661218525482645
0.7880511003005846
-1.627098958650492
0.8700392270242225
-0.8641086941365661
-0.0863416757969683
-0.663919436405224
-0.17502649971249554
1.9830251229964113
1.942153451921585
0.6753286449210119
-0.33704656461366733
-0.36384723311411027
0.6025454816150752
0.12048984880923544
0.05979914531383462
1.5920662611865941
0.8168663041723335
0.23774273461828724
0.7965357556684528
0.3899221181589225
-0.3123588665889949
0.056333760737435484
0.3223239365685281
-0.4521933525724779
0.32288016536650144
-1.1677859772535006
-1.0872490786710913
-1.9711724977676874
-0.27171841585410444
-0.2097612770276856
0.692487915561665
-0.3381477736866733
-0.8402652619556819
0.13594615440777819
-0.7000986086196193
-2.6715154274980217
0.07552489318335442
0.3326331472688423
0.7231679428446861
1.6332612870067553
0.11033305633091399
-0.07334197662824246
0.9596631059920747
-0.3240907194599765
-1.7785858774794567
-0.1642080332867939
-0.17725676747607108
-1.0448666437575642
0.24025165543664972
-0.8653742306826133
0.9586836290835347
-0.0828514344859185
-1.8985622746133202
0.11352882252794602
-0.30801536260033785
0.2964452771015266
0.1621177212006986
