-72.2784677680945
2.4357768711883114
-4.295899350139654
10.110399102678837
-2.4301983637902453
-9.944260060862543
-1.2949551041431657
-0.9187286807527317
0.11052775324750909
-0.8293649157749481
-0.4111527941790588
-0.06940922602872465
0.6570541392957379
-0.18346912275648639
0.044586074793937155
0.3457914419973643
-0.024931429915366593
0.09718172068794123
-0.33570891522888446
0.11670369399657839
-0.8759551116620419
0.2516338654693981
-0.024175024625695124
0.9031052804565719
-0.21843372961440266
-0.7431720580698982
0.4977798706089064
1.0095294276560625
-0.2844917568957391
-0.03525238914905443
0.3044066974746654
-0.8032707484596376
-0.0442713036845101
0.9627938256416464
-0.39896157359905315
-0.937015229693623
-0.699351393293356
0.31439909664718824
0.11984801817953836
0.3491903597090046
0.15653172451455125
0.2862455587961727
0.775253793647621
-0.4600782101031091
0.13088760157856588
0.4138443844039996
0.2727681903837919
-0.4596248879504454
0.4222549571315053
0.12431229366892906
-0.045569053348188115
-0.4718367082296875
-0.6544371878817277
0.2719193776066583
0.2516117987474653
-0.4817297643250453
-0.07984810099501766
-0.3289635183349108
-0.08074329779832008
0.09397323311480606
0.2244270004479752
-0.914786136243466
-0.09668217451345773
0.25981392484024457
0.527156246759695
-0.12457693981233066
0.01547294260750827
0.78102228931255
-0.5366461374823482
-0.5652522658508817
0.07850850935847206
-0.09365279199702513
-0.20735639631534916
0.16953487730401323
0.05221608911117945
-0.49256140077527477
-0.24517718743048056
0.08044026263113535
0.14133808768319134
0.21377921638619493
0.4317949778733503
-0.08012007315143316
-0.5602005056796372
-0.2974885109036951
0.42168531626281436
0.32247631847953245
-0.03751880621527168
-0.6753031968529852
-0.11676270664311128
-0.2278126819547337
0.10399042500210154
0.574064041872866
-0.948561027608649
0.41938719129349333
-0.09163918650150762
-0.2730454516592727
-0.4581158364837621
-0.09940989382652232
0.45736222003443905
0.24400242079365997
-0.13061357099900575
-0.13883286053095606
-0.6942870945528379
0.24403130426664424
0.18212975687764077
-0.18354591119374358
-0.14964236140803874
0.20552826538784108
-0.09338807772691696
0.6376926147614465
0.08424913756288835
-0.3095895035599165
0.3380950889701054
-0.12548187904570782
0.019351410194210123
0.15791016105211897
0.13816153684256932
-0.21170181062860208
0.35781329620966357
0.12925484536545712
0.0408644728191048
-0.6357563365508634
-0.3037105270816599
0.4734526259244619
0.14787910431147214
0.07542283037334596
0.17761667694305128
-0.17783443103077137
