-37.43806271813522
-4.664726460045406
-2.9420533081946845
-14.962376258619374
-10.305491212316566
0.626917096675824
3.291982906764945
-1.0029888939747211
-0.7174886750084475
0.688833073649732
-1.095160154144726
0.3967868835739107
-0.0778600909943685
-2.2444433014621867
-1.4381514809423812
1.0278721476092214
-0.36299985012088964
-0.07556159266915732
-0.73967818777734
1.2290124626136494
-1.2948745223039413
-1.653897288161781
0.636055342703662
0.49939488024145884
-1.0107407243920168
-1.791507656745635
1.5095191044167082
0.35706472459867084
2.1962585798288363
-0.48046956572206007
0.4772196284261131
-2.5276528861316216
-2.1203587251492206
-0.9123052907889044
0.12602522711684216
1.2963285429215423
1.1526945090419776
-0.4561252265055351
-1.1819423684290356
-0.5696424206598486
-0.5900661263916359
-1.292297567738697
-0.10782169652423922
1.0594182770768796
-0.6535917570315868
3.020935912938202
0.8669931221245728
2.2664613424933333
-1.1508146664732677
0.28877519646587935
0.5613762557282477
-1.0982631345139444
0.6238630401359546
-0.1278734294140328
-0.3070059769869066
-0.8279721826257028
-1.323156232920465
-0.5486202881330985
-1.1026521118652186
0.9138623141889622
0.4216404511019142
1.8896798503039511
-1.5876560895100515
0.14381151059395164
1.4650466430148772
-0.5563362816695274
-0.6373408232133126
-1.3365921413562343
2.307820253948719
-0.7555603103690212
-2.057398623365805
-1.3072902872426388
0.6818091308910355
-0.4784067787350148
-0.02443117846977498
0.22429823412493333
-0.33642422083240897
0.3438952177735021
-0.8540292013767722
0.12173906290669773
-0.6791360009213661
1.7803646671950153
-2.0203556376899297
1.6821427213192337
0.836224477337343
-0.19380588559795506
-0.8091724522653888
-0.5108517812015082
-0.2389014748211505
-0.3803427867544256
0.036550660046938965
-0.12379775398438407
1.805933895940597
-0.09849957040261054
0.0025764233341332293
-0.26631359157557183
0.9499208182363107
0.10187673317763483
-1.5897040159912357
-1.0150872043691699
1.0886670158084129
0.06910322142121164
-0.4242384583849165
0.9771668121141013
0.17411378773208658
0.12832129581506474
0.16993639222114099
-1.1862931001147314
-0.6745546549946264
-0.03300324542852939
-2.3505159685140007
0.9223772594159663
0.8767711076795559
-1.7719755130696226
-0.7852257604499215
-2.209592293102745
-0.13991222150564256
1.2085268257606514
0.2160737528478124
0.39049024944597677
0.3589412777549407
-0.40703831789983147
-0.13019801168503686
0.6453524166369049
0.39053746398205497
0.9683513384705682
0.1830953796645439
2.4312386488292437
