-25.188378751778057
-1.3796642038722244
59.52108905757815
16.215107940128625
2.626287880700014
7.398789648674963
5.193215391689173
0.7159586198160808
0.8937671270046771
-0.145014142742646
1.7129972550845973
-2.5627760005721933
-0.4454699675390055
1.9555975284440574
-1.6502719858841768
-2.1815291036339333
0.41605668376009064
-2.0400930292452193
0.5591026299452844
1.3368592486158999
-0.8334080647185713
1.6345292593094718
1.475229235754444
-1.4879222666444538
0.1983941572692185
-0.10736324720029955
-1.6405617021534584
0.28743629057561293
-1.9130386198805962
-0.8856666720635298
-0.4329864367661108
0.5290251248198387
0.12294034219988026
2.021436138913523
-0.1304769758865409
-0.5398084487368398
-0.8720678160039055
0.34781103995102297
0.4355807432898229
-0.33527425087257007
0.9914496885023689
1.722893534070343
1.0352552020387966
-0.865462240347829
1.0265298608482194
1.6089188990879355
1.0006646036394147
-0.07049829464520405
-0.13099758620674934
1.2509993344169184
-0.3240411333016482
-0.054339815805387645
-1.566497817153727
-0.05610666935025513
-0.397661750184373
-1.39511703487051
0.5415475349822769
-1.600859193509002
0.3078997335312677
-0.49971209429909075
-0.13504877199064355
-0.15642569186958516
-2.1445494341969487
-0.236295404249828
0.6239179335244953
0.7397986039954471
-1.6745203504615043
-0.3425343397605657
0.2572342447990407
-1.0079670640364498
-0.41864813184908367
1.3389446545365304
-1.2526583890150198
0.27773786761882147
1.1568272267865107
-0.5019828854749152
1.1303206600037465
-0.34163149877011734
0.3391729785146458
-1.0153907447595163
-1.1397838672610254
0.9926679910786953
-0.30711416329972346
0.09942987771782674
0.060677904037434706
0.131481908209993
-0.7489919325196708
0.17701257776992566
0.8824492773210609
0.601937276509796
0.14290966090711266
0.059129974786837396
0.36427556210345124
0.2652915856022021
-0.5251487020533325
-1.3537665255132638
-2.438660621405938
2.042453812497464
0.6629810003604435
-0.33316101834833084
-0.36667192220431893
1.2480748603538534
0.18347278358547453
0.8481901312161144
1.201504632357618
1.0198246064917724
0.28649453669002695
0.532857225522573
-0.07207110938345077
0.924217379562593
0.40134515749900634
1.684819803911084
0.44519345557897316
0.16899726587365366
-0.37704708464453945
-0.25340428280393046
0.37915027825417846
-0.3494307760640186
-0.8648966244314306
0.004806350553839975
0.8253516752607184
0.3342960575393946
1.430943601035056
0.06548812262453574
1.642031156090595
0.5722077872955914
1.2116684890643872
-1.5122706306733673
