12.78712051806075
-52.84795284730397
-22.024295498770016
-15.283168499714678
-8.731885720717155
1.316230279452799
-1.206253574882901
-0.7537238203112087
0.2502855847478717
0.8566018413355534
0.34265177195569474
0.2131814536181706
-0.8359849168048814
0.35227702351371487
-0.6481849895159084
-0.9320187274418151
0.44413003381853994
0.9557743553189679
0.11517129264779102
0.433980644790784
1.0150722847246052
-0.09228495035888154
0.12868251690322272
-0.3542069142806974
-0.893150973570012
0.8535718210234768
-1.2075906960569693
0.5302011957665841
-0.7371770846276038
0.2751565148188092
-0.8805666763123962
-0.6452637900750873
0.8192647637456264
-0.014480192868566305
0.16610869442169723
-0.07060559216690096
0.18970586863770178
-0.3993871914581079
0.5595390189702548
-0.2890406743168049
0.4074213964480501
-1.0388262126205239
0.41018438213243363
0.3275656589574698
0.2986911253485536
0.01747034401224307
0.4549894236537749
0.8649273715235061
-0.9858726486098659
0.8254938772874026
0.9414758450169065
-0.20660441063677737
0.41414522832460965
-0.7327811323846106
-0.21995435934496624
-0.3877352957537362
0.5762136067077488
-0.18542133362247148
0.011575152934796523
0.4285344078270815
0.8520366139085941
-0.24925906521935842
-0.5266970678723929
0.4752605330871334
-0.4346093127105447
-0.8655650050292452
0.47161134289639756
1.120354755838621
0.34006268900157355
0.1666367288940085
0.43532153934871676
0.7017332650464414
0.2531873676310154
0.22340544698348497
-0.008471385012449997
-0.6201246035870155
-1.0866677874951973
-0.9274918953453869
-0.32905066372556224
-0.07333523502326614
-0.04883118378997482
-0.3729409794778124
0.10030305846636788
-0.1193881351256823
-0.14040656160353351
-0.12180752412080198
0.37040681801100406
0.4853014909005722
0.9756098863156749
0.009518335803444022
-0.33273156463752684
-0.42867857126264863
-1.1761026235756344
0.027638202025059427
-0.4397418565390129
0.6306496701745262
0.06910344644693947
0.6652155437233729
0.4325028055798815
0.0636142470405263
-0.36457450530689267
-0.2547130155276317
-0.33126348804187755
-0.04942940087385353
-0.028674496603496608
1.2029937207905668
0.0574731283670184
-0.011406711652356544
0.014750613646757185
-0.17219445412007064
-0.8742825260537026
0.09594147706098971
0.6712612628980614
0.044956862126819826
-0.3835500830676953
-0.36822575415929415
0.38512169396075047
-0.22421344254642214
0.4574706419236877
-0.23525242778717365
-0.22023740540564563
-0.26071095869716254
-0.268270919872438
-1.2698404639854
-0.6108117369027368
0.7703107450991473
0.14566122745220683
0.28265633283027475
