-70.55982103719381
-1.0835826200055638
-5.151423125084186
11.82655839073154
-2.5694421975074224
-10.437015339417005
-1.8455574566018127
-1.0134372807947467
0.25300711152746347
-0.7272321322645816
-0.1160296136464623
-0.2643362691451186
0.5136671355082252
-0.19762129897664388
0.06702189885757787
-0.19146334269343265
0.16322332107843476
0.14625350547387087
0.07055068760538247
0.2049024774187307
-0.34713855923029013
0.142664108377085
0.04630645873752419
0.05454768613809867
-0.045051421957040816
0.04920126177627053
0.12177137398346372
0.39670837367876344
-0.10366843901223
-0.4254590415142345
0.08461003638393758
-0.22193069877933905
0.25971876334147204
-0.04258924603368511
-0.12289897934487513
-0.44497971373403417
-0.15491685963101479
-0.23804080863814758
0.2418326712678977
-0.1850541982618711
0.11646723910847188
-0.22884239007170987
0.15793539900804288
-0.07186580983145399
-0.12436752454949848
0.2776533177877088
0.28645622916005764
0.14431429445476962
0.05425514323325187
0.09005794626175259
-0.14798988504075322
-0.15848669399741994
-0.05718338950957848
-0.3113450409018762
-0.41049067242678206
0.333368928396447
0.07150886003582262
0.009704236148117232
0.1998606510245366
0.06883906837711878
0.09956535007678716
-0.39279674564273737
0.023911501869873925
0.07383710418237308
0.17884966910303443
-0.09240343339082407
0.2667417817771851
0.5132181151880434
-0.20730296510193
-0.2281739319952144
0.11964535886856546
-0.38753661067691003
0.2827636523739756
0.12714735937824595
0.10500398353504724
-0.1333154755719499
0.26329124085610534
-0.011136688395846694
-0.09512543151633389
0.03381930707599339
0.16570766946143767
-0.16632897011023748
0.0746066540425859
-0.3207964492574463
0.1283732445847775
-0.07496788080406291
-0.17604297979527533
0.13727084868305967
-0.41456333216186
-0.5683107285103784
-0.02947842801400491
0.11133398360344239
0.07531627819333285
0.004851980054353588
0.12253817994261762
-0.10181993575835349
-0.20813555153463925
-0.4622722907937216
0.21185817168405532
-0.03517042474937226
-0.2938579371146629
0.3783509399393396
-0.060636723361366024
0.027425823708508056
0.25020984666220597
0.17680559476253585
0.2456422999520806
0.29410620745880156
0.01468384698806316
-0.1702691570366932
-0.11699712821188325
0.06759088398650291
0.031690748150265916
-0.49364310828109537
-0.11316020797396295
-0.016969067082724817
0.3214261995853011
-0.008047441545616013
-0.028603631453885087
-0.10830020045971343
0.21729041223640033
0.04221330515028133
0.05373723589759144
0.052816346889864085
-0.16284782706311546
0.08518588589013835
-0.14791076699201774
-0.14680769389920842
