58.904211822275194
29.355423176045942
-54.03455913613247
-9.5666135799355
10.135370688305606
0.3261893944983252
2.916987780303737
-4.471110403109481
-3.0296147622722454
1.9719468447343265
-0.5428241261712972
-1.8179783377997007
0.43155578116641025
-2.2785850582675553
-0.8582610019367405
0.46112554199361266
1.8106930873233662
-5.331070328675663
-0.5845072340146501
-2.8586780816478115
0.06309880451244643
3.3227363421714506
-1.1072002618711525
-1.0564710581893875
-4.169695837135793
-2.45642072934478
1.171651649399137
-1.6865617470502035
-0.2535242690611029
0.8917065622999762
-0.29068344264324253
0.07791461201901512
-1.0073633169629168
-1.5423985703122745
-1.3223322025952347
-0.7269448045885029
0.3389029305335695
-0.5560628336720667
0.9683101412876008
-1.444033952001479
0.8980524841046568
-0.34712952696209626
-0.6071202819074042
-0.11831610624441762
0.08744924762551193
0.674111097672395
-1.0993336433127423
-0.26658478484853554
0.8551989048368994
-2.2580663864145674
0.9568318331581774
-2.012368279531759
0.08516448334464466
-0.3429141002304974
-2.221318778943429
0.14737387092821916
1.71275294762809
-0.07449084150843653
0.08935566782761306
0.7111953174392903
2.119855206316604
0.15832810677240344
1.7001692769845038
0.9255692784087683
1.041181533654326
-0.8466788411185744
-0.23304315946565035
0.0006801803843771055
1.1514940496440533
0.8585649634747923
-0.6049535285179443
-1.2206884541726308
-0.7429263637082414
1.3626518666151208
0.21389693368021234
0.5579062444227287
0.7025730892137667
0.13722022417920404
-0.2598334908641909
-0.6560604359198546
0.9932097950020923
-0.6595729358272656
2.531592743115695
0.6004191082724087
1.2414730254176003
0.7814143685734193
0.7087430400653635
-0.05087887650732845
-0.7981593853797354
1.0049700905956915
-1.0146077028626048
0.9861362548327761
0.9074334575785679
-0.9458035872832599
-0.4868906638907245
1.3377013170607135
-0.5774765910228618
-0.6796035824367055
0.6120516790589274
-1.6248136167465221
-0.98124513812623
-2.564792052978885
-0.3857997250903212
-0.8384963914475606
0.9871815183553839
-0.7299845199199216
-1.5757474532777558
-0.7005908669301042
-0.3578436237026299
2.4363248695368456
1.9527563242522525
-0.9514599506119847
0.5906385881165404
-0.5297896751213345
-0.04892117426563117
0.05591414413739202
-0.20763470961138228
0.5089405645374299
1.2832709023366033
0.879713155264686
0.21508244343388658
-0.7715595315461663
-1.517636034291095
0.7196959167345234
-1.5753714644660066
0.456104344973265
-0.5352999739687078
-0.7749298264032214
