-21.799493334096464
-0.42547945112303176
59.15864496558317
-11.52709619795187
-7.9907682804836515
-0.1295799445879648
-3.3256307084226
1.4071131284051708
2.882454903707175
5.337962765811196
4.2649374953702655
2.9391816669480133
3.203892024069049
1.770687859410368
-1.0775468649105815
1.1095807234605373
2.0461542226934153
3.7742720002486037
-1.4070596286689931
-0.11870865793155186
2.021604905124978
-2.104817562405349
-2.574726620832936
-3.991426349640572
-4.615904217213692
2.024448165711373
1.1306896638833173
0.33254513519309387
-1.1953074252897908
0.6717041182447592
-0.9132768511028151
0.5826915294066143
2.0442467368031396
2.4122100280646515
3.40397414752618
-0.12067317206109357
-1.1317184221335679
3.085565379463574
-1.6350910640368972
-1.9679505280175364
-4.20427087582786
-0.4943204014673669
0.17227166216378156
1.6473333290114007
-1.7516981645540046
-0.6296343597000116
3.3633904675191184
0.5832845833323402
-0.9503907934664987
0.46429715216603096
0.33967171122443374
0.24485272660516805
-0.07652316013735425
0.5586364079335965
1.0484043962896514
1.217772080222547
-1.801145948563215
2.453244800964334
-0.2762657584947179
1.553214587810103
1.2020366656864758
2.3478856234146717
2.007968522548084
-0.9899412457426101
-0.915667789796528
0.4886756857091927
1.2371593644476506
2.1325405428437616
-2.76858944747649
-1.7102218965251526
-2.1547417764513304
1.895949269961595
1.3274224823224134
-1.8091630549403537
-0.6216033137853154
-1.0452666772375583
-0.95804173448998
0.6940022711277117
-1.523970035318707
0.3006616895627353
-2.342126051226569
2.0466166045398304
2.9694475773148166
-0.10636860425816258
0.34636152829648464
-0.23660383371396426
0.5522760021184415
1.2135318547103833
1.5492122010244045
-0.7586256906979716
-0.026039671895246558
-1.7904423973174874
0.685742145992468
2.0813172035144425
-2.594359763150342
3.9252924866130323
-0.1276578860535539
3.2989482886325883
-2.154482457228205
0.6574286885291363
-0.7190245148870981
0.6926988607435206
0.5761123928403968
-0.38234655903778775
1.8570959235852136
-0.20753944934505025
-0.4708158720345377
1.3900036751785703
-1.0194935935655496
0.7568563989113614
0.41428612371093004
-2.9135937354303194
1.9227421477034696
0.9148205006287495
0.21426169344357693
1.1736984559738048
0.6710655738663308
0.034432135240290714
-2.9948061443813874
0.482819083173989
1.4746799049430035
-1.979318629204942
-0.5043313556223784
-2.8733677381134
-1.0933454760254142
0.8621414689049822
0.9525939336552152
1.9475377739203321
