47.47235799920894
-51.50505451009527
-3.433276063230973
7.9125737607295745
-11.472227098859028
-0.6755481083421512
5.3377178239404985
2.760138908751972
1.8972393764773916
-1.137660499656926
0.8875940792895227
2.303532942654243
0.31717766346896176
-0.31286012590909373
-0.9758225070278719
-0.6219100201824987
-0.9346275116776044
-0.9541464643730204
3.527506860137586
0.3080413896217868
3.944718136177929
0.6768023230362465
-1.3874600749907429
1.8004754130125498
-0.0802243625189768
2.3438444010407897
0.34374507741923194
-1.8505566343291828
2.5739692887195504
0.06453278510086728
0.3510053033965807
-3.0026103061389477
0.7608834863498926
1.45804100365515
-2.5889349671723036
-0.3073822216202512
0.28506330817410436
-0.14736885507747347
-1.5352998097805814
-1.6529996453764375
0.6636032050804899
-0.8760042912151556
-2.1779178455473076
-1.6506741640586027
-1.5964322535655369
0.6416333454182777
0.03506228393796459
-0.2884002645673164
-0.1464975650192235
-0.4601281333370668
0.06483455085390157
-0.6743900527865737
0.30816664940634275
-0.21618061008731504
-0.5404443307399625
-1.2891868826710569
1.3006222008710184
2.437928736864066
0.20522770104880053
0.22722226787821945
-1.8857910760605223
-1.1407814774563858
-0.5334524539321792
-1.0135897840090895
1.056971463783078
1.3315732622269776
-2.0241077141230734
-1.298639489091545
-0.38367671571060835
-0.06494090943020955
-0.8784792924315167
-0.054781590398310806
0.47285690564849053
-0.2820050806597438
-0.19457711425983676
-0.6091628052755883
0.273964420946956
0.09786025762046761
-0.1484580099287903
-1.1101797388382801
0.8261472974126168
-1.6070568982859594
-0.5282600929762367
0.45020940737505744
0.3998322335190784
1.7665849020293698
2.5411041190843955
-2.2449241790577554
-0.841229311496517
0.39270949690911183
-1.1675878562167166
-0.6325438887999772
0.6471575293851193
-0.3330637327830119
-0.23623432861580357
-0.32024335026442236
-1.5420402639823663
1.9383762019887056
-1.8817223141721886
0.110258929096175
-0.9778103128678455
1.8762244675399504
1.2789274388766165
1.5185687192015453
0.0031893800719830293
1.4474795537475553
1.1545401906943225
0.22048533257929398
-2.5045606875857396
-0.5194672150878717
0.011779925819022485
-0.7412160110189054
-1.1275723290504178
-1.304258981976185
0.18329258743164248
-0.4835316962300329
-0.7659684347527358
0.7282947297208641
0.34617978679966716
1.4229016427716128
-1.0739191000359127
0.8098884569679665
0.28470983376081577
-0.8866732350636326
0.10903574079016612
-0.6901729211639256
0.48754459558536445
-0.7580236702579591
