-37.97415989891442
-3.419407116680168
-2.735541425520955
-14.09838441869514
-9.410335617742529
1.439054114070528
3.0078328000177708
0.6467868326943021
-1.1426067616999462
0.10182946109988869
1.7780768363834225
-4.133914733240607
0.6413255665156542
1.2478440857908426
2.039711279197288
0.92597174756464
-1.5283745224263292
-1.2701429463282994
-0.8926478522517292
-0.4709582895998138
1.2334672803197557
1.294219648848573
-2.2167364161371426
0.22401560559671257
-1.0883400742346192
0.06716112294855126
0.41672704522187554
-0.6787541698834644
-0.6810034710414694
0.5682104173351465
-0.6586856227966358
0.15825045254586806
-2.418730762892501
-1.8893060191726287
1.0622526832577985
0.9100789092563034
-0.5371283480424287
0.16710937599986136
-0.8585713587469296
-0.6255984155749555
-0.5982255374589337
-0.41485789534846806
-2.6273268800270912
0.3014200678352218
-1.0619562550186852
-0.8867344441573778
-0.7168162312322485
-0.37183468889694216
-2.0016396618780146
-1.5499090031920186
0.9287997379618216
0.38171989258893113
0.6685801018991302
1.799280603253619
-0.7970776206991972
-1.7895001955902814
-1.0506171655826197
-0.6386824195790262
0.7582936339856783
0.44980062917311797
1.2857670666525036
0.013565183776909046
-1.8314194809339024
-0.16467097750251203
-1.4616577336578556
1.3604719236392588
-0.8888599626992009
3.0253101880930378
-1.3062815481976267
2.1892718798587105
-0.3620422445667203
-1.6593581353813618
0.09915672760935626
0.32262556894547223
1.2689090086466226
-0.44658366798217497
1.8550777158667444
0.8923624845432829
0.7647246003661455
-0.9142028487079173
-1.4216879336128287
-1.0931705472657203
-2.2395292809486698
-0.7898263246939232
1.3704017159034876
-1.6724527779486396
-0.06299473257574387
0.3576728355614147
0.09836717008129749
0.30319832055189894
1.674200946778124
1.1306370270461865
-0.07835891853929937
1.404230858624852
0.45485411255602
0.03272042381560508
-0.319178193279024
-0.9579419387166199
-0.5871022921047517
-0.9758799992905484
-1.817813007479438
0.5341996927144429
1.0974541443772239
0.9216116451573843
0.9339099246011102
-0.631647329299702
0.9500551171800607
0.044400336971877855
1.855894697613896
-1.404054538072145
-0.9805413730677082
-0.8695557070767848
0.5269065562029441
0.14209090515308978
1.4516846588163386
-1.8391232099066128
1.1687420345990909
1.2686189333795492
1.192983418064169
2.635591465203858
-2.8382477773114125
0.9942120577603233
-0.3684726518281366
-1.2889585826873806
0.06632271046786928
0.5493576245537407
2.186855867271846
0.6717556782779318
