-50.7085308627043
-3.5041037523694674
45.0248833098827
6.397665350841539
-1.3216092885114024
3.122987726740837
-0.8835358601913738
-0.10024445997068998
0.7069578810880349
0.009283771763346771
-1.2939196571235096
2.0886823632603435
-1.6454127476913092
-0.6351323782708411
-1.9503736113126953
0.15631311230812606
-0.29720813622879494
0.1021594046717571
2.247876683475193
0.25782928364675217
1.8135984909388965
0.14264659271128766
-0.10324539801785182
-0.2854889979154929
0.212028404264715
0.7290204541211178
0.12146583796850144
0.1685488821396668
-0.31600415699093654
-0.23216285379178137
0.08702098338155961
0.23635341241458538
-0.23914757169834588
0.9369916543132488
0.02388201154123737
-0.13586283954265127
0.33301213831754806
-0.1733650682788825
-0.029352209179742357
0.2980907001042415
0.27957024060526997
0.23412598957824865
-0.6627924367054798
-0.07241804205464467
-0.09625355023911367
0.03673178904715947
0.5404471239983573
-0.2786825295431152
-0.07694099916911835
-0.6234444245579189
0.37790447150069034
-0.06449433222501239
0.024796612593603218
0.16791758024231762
0.11887131001690798
-0.21946701283521658
0.038372733296542866
0.544048901637207
0.15906552514169559
0.35306899817460524
-0.2236813130680008
0.11767451169292209
0.05469062424645301
0.4567464282524455
-0.1517013675520084
-0.03498545953710619
-0.19980124674590666
-0.17052352351497158
-0.04222535718152688
0.34450900767965076
0.5394140664331343
-0.14063433202709874
0.25768209411908966
-0.07161868018194328
0.27580170979004587
0.2999130857952993
0.35732639470097527
-0.03598872233470851
-0.30335221466988505
-0.19824732540000664
0.254577404303294
-0.29929648103214923
0.03654069942235
0.02487334710237768
-0.11043603464729967
0.38983185801902326
-0.49348275739067426
-0.020114232558604943
0.19877648511045407
0.17312308067054427
0.13243450189622824
0.010581795055931376
-0.06732078805437107
-0.026472029528867153
0.11348340858351846
-0.07350375020274547
-0.006007320588344987
0.19211116619645968
-0.1272793423997629
0.13480397483503798
-0.07993112400691807
0.013676903667432294
-0.03760142121177649
0.1648794578874768
-0.33767164528061416
-0.08341423158610736
0.34404765840828694
0.06905647810175984
0.22537389859316553
-0.2936483737440567
0.10880919644460693
0.09491890107181859
0.27408385370738275
-0.2664658111171905
-0.039580281870037544
-0.20477039008805004
0.1195533099028932
-0.21699792160777442
-0.11351300157728526
-0.06866005980072967
0.46687098483129275
-0.060902566293168064
0.015613206130988419
0.3008207668299895
-0.32986519205769727
0.024618870183661587
-0.23298256759634783
0.06287249581521422
