109.08112181331732
27.16563314281043
28.02423510973274
15.441938125470527
2.0598067364582917
6.7292738201115645
-4.080141690679278
-2.6507263702954056
-0.11711925707293569
1.9956001977353837
5.072911120218596
3.640140375663517
1.643257741398276
1.1391807518945718
-2.0586506922758745
0.013373522575179327
2.0342894417279735
2.8139205772657574
-0.5289769491590973
-1.2843350241859495
-0.9324370239972863
1.0572765983506658
-1.7019152509985802
-0.9846097451373861
-1.1227157550869646
-2.225573637553273
-0.19618872114361838
1.2204121345632006
-1.2216716278442252
0.053907450938856474
-1.5308684013946008
-2.690014077623396
0.04073139464199704
-1.1549420064553217
0.6536030556905704
-0.7627585842361481
-1.0428055930484337
1.9588376872808193
-2.457934934678767
0.6726666138037432
-0.4543931651731936
0.5350036746047115
-1.720903164421764
1.5345082309200795
0.9506066294700573
-1.1242117748536915
-0.8402192467502837
1.3002344763725302
2.4591654034964265
-0.4912087392803114
-0.11338765062916961
-0.21606057559579622
-0.07863036053891725
1.6347746023783989
-3.4662953606961495
-2.2984576115606483
-0.7093109413546447
-2.0991467955360417
-1.0816305880167139
2.1113623664110137
-0.0992911451721176
-0.6282103497008314
1.0433818737955307
-0.7519046983355874
0.5084549070354859
-0.9230136880148686
0.6792487723622685
-0.3815765383936383
-1.1905078297172607
0.6877490024961398
-2.6579166331619017
0.9062507642213974
1.925518618473156
-1.3519748846057305
-0.8998463088495969
-0.9401241767397635
0.08179649198230972
-0.09522325270926257
-1.3764775460630294
1.5507773753211391
1.2635664608519992
-0.8511524973704324
4.318720274200462
-0.5603369990983212
-2.580507338073935
-2.3008860838134115
-1.657010707929505
0.8206378110162987
3.1517271736346038
1.2940874014341004
1.7487815348208609
-0.004410624827714451
-2.4518879483756812
-1.6980551712178165
1.4464293259509287
-1.4160252784593563
2.4763759341359597
0.7487946125247278
-1.3717464394349443
0.7677538302282814
-0.48029208346415997
4.905050842829708
-0.47467346507730857
0.9360391769166355
-1.6235667653955501
1.8218355349176323
-2.944416867951123
-0.005581614587148814
-0.3049017254832317
-0.6695006994211694
-3.729183154561854
0.19075882290088658
0.553365984241104
-0.7096721691236553
-0.2749528094268416
0.568115004188415
-1.5152869340505253
-0.735780235328718
-0.4032657707842245
-0.9821673426352258
-2.734219182789281
0.1479801940656226
3.1496407109092104
2.4706165414381043
1.4375815177075688
0.35107037707222116
1.0696100247144096
0.728265935278791
