19.53289010643886
73.24595797636243
-25.415185321583706
12.094620939492701
-0.6853437354756816
7.697833901441602
-1.345274795156588
-1.13656708406323
-1.3402511774747556
2.8150200091413526
-2.740953059357754
-2.634344867662876
1.609570998179597
-2.085143600233975
-3.2161812346596736
-3.3070996886168724
2.3021893657461847
-2.4324724852196553
1.3284463362823267
1.5973785195724062
0.35529762372962403
2.3151689073089905
2.487168349693806
0.9603885054247584
1.161364529670327
0.582399055342205
-0.4829161287946084
0.5067165418926248
0.9084319812102668
1.4926901236582863
-0.6786778264673092
-1.3248104284007938
-2.0157345490581884
-1.3054160160361346
0.40856787425376845
1.4852259217369563
-0.664879611294781
-1.53479051733858
-0.883566818666654
-3.0965913143424784
-0.6284607640025484
-1.2312813428633838
0.45125181937292264
1.500674723346444
-2.382394200742848
-2.634633239725225
-0.0015585846347170584
-3.1220815334307668
-0.20868485956915467
1.9119848545552656
-0.24667176698956395
0.34051767506929603
0.19653301350657934
-1.0904778589997175
-2.0044634096828404
1.792490100064443
2.3174849927607992
-0.4734208018670871
1.6084527846558578
0.5461281810403987
1.030351686202916
-1.086014960202747
-0.31530111660178284
0.4786802262064318
0.11997410311813116
0.0832366619131708
-1.1242102512970094
0.3521123175148086
0.5531116104579883
0.028457214725606195
-3.3953080418961266
2.677312928984183
-0.02556431012353197
0.8064887268761385
2.724988331363808
2.7009449828373016
-0.050589813858861854
0.8901870826232148
-0.23936635377910953
-0.22310031528674248
0.3043451300966798
-0.5436030256577349
0.6392352343666943
0.36473402889742096
2.0570728748880422
-2.042602523339779
0.2284363423098415
-0.2633420486585822
-0.339010290139491
0.535381340485293
-0.18017512067602592
1.6441221526059153
-1.632766317100367
-0.9982809172629523
2.0593181154585993
-0.5975119586021851
0.8372251204336211
-0.788609091742862
-2.0892088463507505
2.045283573443025
-2.4801913079564115
-2.211119831809747
-0.9745136817821783
-2.590037940195968
0.5086850043895957
-0.05885239629977837
1.6885575524181673
-1.305441227783367
-1.4008758466439053
1.4359242282086209
-1.2367660232593902
0.3954554009270878
-0.34759500272902677
0.7463787799332335
-0.1087645772970311
0.4763148644150121
-0.8127450162840881
0.14851585626611224
0.36729287585818365
1.1318784883399005
-2.8586876006666464
-1.4873012117087367
-1.9710104531980424
1.6842357459672044
-1.2279748800696346
1.0768273485489062
-1.8360087521545874
-1.003554468510372
