-40.478639043830945
-1.5033183731606041
-3.270301951183556
15.592617043031176
0.6372298533423236
9.914335876930194
-0.4905954974833329
-1.337381745042686
-0.4785640252492975
-0.2858057869691483
0.0885748644556526
-0.00583772915824296
-0.22174118067166265
0.5379916983241452
0.08954931153139475
0.7475812140051593
-0.08999725509504819
-0.6085033598369105
0.03457908306205826
0.25272173832434897
-0.6040073199753447
0.23433766804991205
0.27104913880700376
-0.11961428442406834
0.21873604732761986
-0.07985911454510125
-0.24569263544912903
0.08287293052887254
0.21724458839528316
-0.5064878979550241
0.31354606672515084
-0.06534043990360253
-0.0034640907447148206
-0.21179066522134565
-0.4379245182595498
0.6727632343041516
-0.38485194944097656
-0.028884480443725935
-0.24316432288548434
-0.22031900199441284
-0.15129049891245364
-0.10344137762306976
-0.24086715491444952
0.010557037226558055
0.4674830777877915
-0.35392424365422803
-0.14900453817818618
-0.24396695546762756
0.16337226975090985
-0.2562107228673247
-0.15678466183801754
0.11840856221674136
0.65386225160349
-0.44214379041362223
-0.008584744927515858
0.8140024026992855
-0.28940898258769443
0.4390973669427342
0.2352592283115974
-0.3563081659346036
0.04421756086901334
-0.05941220418644323
0.2569635398970427
-0.21706822454565916
-0.16701251543265677
-0.08258651254656298
0.14811175710644844
-0.2528311639412548
-0.27217346450165775
-0.06157094313422325
-0.06825541740326102
-0.29573870620358633
0.1693683519344173
-0.24240223307341544
0.4873762514309491
0.20365675915935344
-0.13724738595717748
0.27070368361651265
-0.2580517444714988
0.42412697620573453
-0.25818620288596417
-0.03457486760679542
-0.36043554754069895
0.06803938252857376
0.27612119861088974
0.06310826386073451
0.07428088369432988
-0.043311385105480604
0.14845104411121163
0.45926446848193736
-0.3392286551142081
-0.3605789838216971
0.14118262848068436
0.0017076922521479937
-0.1140888784151761
0.009623805374073514
0.18614088724577743
-0.2709409524403749
-0.26008152459210393
0.027950967294587556
0.04681289856273013
0.3076210082007339
0.007214750334326447
0.4479765223731929
0.12965611455816387
-0.37474734756462585
-0.14276686163158858
0.011498198449025894
-0.39936373963543226
-0.011208963811558285
0.011718240341066867
-0.2790905237364263
0.0013475998205984968
-0.13513376449690417
0.030823726577609664
-0.09594387557958232
0.3599641152083109
-0.19323580728416168
0.08554856712080144
0.10348740496660934
-0.3812724024004048
-0.16010319819575222
-0.7230292367433263
-0.07371855951382782
-0.2769427350084686
-0.5030781469761939
-0.30397686095855564
-0.4519067018160419
