-38.54648666249947
-3.1663168863329507
-7.580652676895134
12.524383306402587
-1.7984832253995333
-7.253376001310691
-6.321556896199584
5.737321254364142
7.863772757250477
-1.2768531076338059
-0.8416243893477684
-2.026086387619542
-0.3402660972065753
0.0772607255131913
1.0100834429326626
0.8357019473034305
-2.0634063652037544
0.45168155061543014
0.9052251548590825
-0.5543003992842448
-0.9016556545830123
-1.1795763491072555
-0.12458102160056461
-1.9655855710920396
-2.834348258960474
0.12961551142447186
-1.0580071332559124
-2.02717547631453
-0.13436611294748896
0.49202770281019237
1.401939797551425
-0.6144823718570571
-0.07170368544665387
0.13942799889357527
-2.5042228436541283
1.649304459380448
1.6667539245580283
-1.1018218882379223
-0.5175621433534534
-0.8336783372466087
1.437707905848916
2.7068239126226903
0.2278330628004353
-0.7747478916393731
0.8768186351950114
-0.027161679816022466
0.6233583171321947
-0.07104325592342428
-1.519231220594665
-2.216604384174173
0.7152546613652662
-0.6434204383259048
1.1818704024927151
-0.20826818095157457
-0.34767558832850454
-0.6908334993840062
-1.5236021466680747
-1.0614944572284921
0.5099328633885166
1.0857246453436589
-0.7315529696808903
1.1318964049580398
-1.5916013481656845
-0.3342200243049045
0.9768414816285972
-1.7923762117340605
-0.767574644419303
0.07152067714770459
0.8385670726431591
-0.263519343881888
-2.456034868650925
-1.0063286057184897
1.7670589041402167
2.3702156084716717
0.5151027752119403
-0.3279378828475913
-0.26163329634275534
1.373950809497254
0.15201185799338127
0.6522339204139
-0.5660037765650269
-1.255322484665631
0.16911124351692097
-1.675091529410113
-1.0676025953985222
1.6960310133004566
2.2713136179821465
-0.35192723242622703
0.5534396393535134
1.5977863710496925
0.48041696563646114
2.0686679197704767
-1.2513502182211313
-0.304504855610499
0.5913759227205452
-1.0955066651057408
-0.36305850752016144
2.7249497176656097
-0.4626679953369176
0.0829596877713504
-2.1679421219641304
1.545656426691297
-2.778917188653798
0.9880436397638473
1.300554554905169
1.6366984969256475
1.033894703361164
1.3666325770198042
-0.007888571096232838
-0.6722876142867084
0.7386220612321234
-0.19873318534114612
1.707320675795185
-0.18100173815233178
0.2141872833184265
0.06895127546285018
-1.688496410800618
-1.0024021097680496
-1.1238052524583608
-1.5168721732360453
0.4402225802305375
-0.6706607489097265
-1.4767499235125199
-0.8991929079398966
-0.9043642486255786
-2.420672930429121
-1.8305770951322176
0.031732238016335526
