14.899770070469886
77.00296771708211
-20.8939394877125
-12.562288203168011
-8.740481870337838
-1.2055821078649926
-0.40659334300032746
-0.4102152440801512
-0.8670990847862426
-1.7402544773537878
-0.9026420501013046
0.42056057103408184
1.2052042628117197
-2.463797095154501
-1.8896556822265405
-2.1737387631361167
-0.5357574771928427
-3.102104812753383
1.5831626210933651
-0.3023094321776943
1.9016370910121823
0.05557528334845617
2.2710648017530084
0.44143422308728913
-3.3197472897802194
-2.409231400584856
0.040623002830577626
-0.7799647239138986
-1.3457118009266011
-0.07461710719229336
-2.28087989724321
1.7971138056803075
-0.8367498089903502
-0.5841248513205741
-0.37137792702879435
0.06583458980246859
0.8452896790439557
-0.33611672219186295
0.5960956361159118
-0.502831619017488
-1.0967565181538104
0.14303267525981256
1.7267498220753486
0.8151392445092975
0.12984136927084175
-1.9296480391816078
-2.628527838061989
-0.5756477491326973
-3.7750630038638606
2.1770152594929097
-1.3596176972712928
-1.358181393706117
-1.1308106196816137
-0.09080516070929992
-0.008339993168579557
0.18108267687865276
-1.4462519531867033
-0.24383087951693233
1.252999945653993
-1.9543961354527304
-0.34986023115593046
-1.0351955317205586
0.6413502002180824
0.8246626823188297
2.2773659571752956
1.4382084613307469
1.7957043356899156
-1.3610535489989946
-1.697657915933887
-1.935397406300914
-1.5290476699088211
-1.4337260685390794
0.4494562350687601
-0.7641263942481374
0.6631216202725523
1.2003379788402762
-0.8310780808819491
-0.25158287808654356
0.019992309985897946
2.0888986566272973
-0.5257745462923694
-2.1387776345921754
-0.9690986367230422
-0.8713628847236174
-1.5358875566554826
-0.22017847390094877
-1.3630163286081092
1.4543114259610477
0.09922394541983073
0.27219419333308814
1.9673462372288277
1.2477387358758458
-0.8604854087634677
-2.720832659866647
-0.1526692175716561
-0.9082091136745782
0.15738459005954147
-0.5352968194010997
-1.2720680715818193
-0.8219833780992747
0.44527580680970213
-0.7109462871065818
-0.5863406580439599
0.8563296478019211
1.0686144568063607
0.9337981945933714
-0.523011182666737
0.6783880028978395
2.5301357144808843
-1.4193365219791925
1.0403287547923579
1.1138197559715464
1.3703436844332175
0.7840894233627542
-2.682251282249795
-0.33896617755370784
-0.5393185283180412
-0.8140403751651011
1.2451300958089198
-3.285675460107719
1.6934235947455585
-0.30142047264260863
-0.7578683048987709
1.1834816343273873
-0.26456557044916446
-1.331534178012641
-2.8225834043411315
2.104850383271613
