-40.261505441072934
-1.0948610744351726
-2.5549346159215434
-15.27196591596311
10.139489030431271
-0.9723816568759964
-0.40107490673170143
-0.928545705023224
-0.3183021998655063
-0.057345027951066996
0.17969621316727918
0.26812647031210585
0.3933664113464694
-0.11525505486439702
0.03969750503336833
-0.16481833991805617
-0.3137139880478294
0.5354000106508731
0.026594089763829765
-0.08705662801847477
0.07011088228834442
-0.39957981481772287
-0.31839210544629226
0.29101736242389453
-0.15830672283115482
-0.2421109214296856
0.018963994552055892
-0.4107357534315077
-0.06935980884563508
-0.3212494362874343
-0.24397163006559494
-0.4258401696116742
0.48261065998425917
-0.30975614078050756
0.06516522348828026
0.13648972732952178
0.2962639858060597
-0.15646908467817366
0.06948927438720469
-0.13843123526857065
0.030808430081325576
-0.08507869656531007
0.009372358732244873
0.054248874443121466
0.05911414985938727
0.5191621838395937
0.08525285245278198
-0.06932330712621804
0.01897700286173167
-0.12845542497003087
0.15030556534875134
0.004749058835978218
0.20537546137428536
-0.6617458016519544
0.0560368833174648
-0.005935076526076506
-0.12359766340104485
-0.4016631205497122
0.2700984848714208
-0.07295351779873537
-0.12613841747720667
-0.2850711923701957
0.029550495398380387
0.3924066850955876
-0.11873140625850687
-0.31952770062033187
0.0977022612317604
-0.5870249470094965
-0.3085184196566162
0.181887081598675
0.04946764362005594
0.005236753665815719
-0.13591615353373002
0.26282064756327644
0.06854370895547568
-0.4010151051992062
0.239671517215012
0.46280996200456714
0.15692696833314015
-0.3234699558952678
0.3002047664315187
0.39581285934857463
1.0853213091420078
-0.19319616095672287
-0.38849326665234746
-0.16811242567877185
-0.23020449582201505
0.44667353942417387
-0.6539464195051751
-0.4344310134209843
-0.09874644484947381
-0.41598118384831617
0.29781966637460217
-0.01799089328213902
-0.03289925967952849
0.1179784527685735
-0.41645483594523347
0.3751773334078821
0.06364472647012978
-0.4503009692853433
-0.20657015386270133
0.0171236105338219
-0.48297352229047075
0.13699775213491694
-0.18954424530194133
-0.5198014895554444
0.282333381190442
0.3507038809601428
-0.3548427039130629
-1.1893175389786117
0.090151000596925
-0.5066826199616812
-0.04043124943755881
0.7985667284299169
0.6793135793831923
-0.27389146492848526
0.24616191846074076
0.02800650795453897
-0.060630379497569
-0.1899224192019862
-0.16688108898531434
-0.5166344566890252
-0.1536034261724642
-0.281952539144309
-0.27243562947913463
0.14061450073545617
0.10124457684383234
-0.34235246636191896
