-70.93063539818797
-0.136188630190061
-4.869291985550227
-10.106678636881538
10.98810883691319
-2.7153099900123525
-1.6504198623068567
-1.2153919233597101
0.3280927330920327
-0.6719123888927807
-0.3466031428024031
-0.5440449851866338
0.6467429245127343
0.3127809294593959
0.03542392441249692
0.143527041618956
-0.12198166957928257
-0.3616772447198048
0.3034441398330897
0.17071893461644275
-0.3794317425342164
-0.3503580703182001
0.1565931982386555
0.29936351178173876
0.2950715880423769
0.172534165131803
-0.02175171056185657
-0.37066803826133776
-0.014807114473287437
-0.15812816292324358
0.5678372733986763
0.3740617381978341
0.20873332993253935
0.16947017892884111
-0.2944074125475039
0.004219375426023825
-0.4887165947354565
-0.06491789760156283
-0.09991629604520542
0.27681594763212636
-0.15055986207335811
-0.42580232475372415
0.03181292612489074
0.3989762023616329
0.01963998898242753
-0.0151890538624194
-0.025286401293698565
0.16376653149122694
-0.3120571232252956
-0.47776947418613414
-0.04498744960713352
-0.25039159239216796
0.017815793676391162
0.26729317774929334
0.003028785726965799
0.34102139511757495
-0.18867508795360233
-0.06738091757061015
0.017575292768355316
-0.011613652649052033
-0.4076405930436917
-0.16192357224758783
0.10400614845716538
-0.11754393182656031
-0.6881258832745858
-0.18375206984125725
0.1591567065876166
0.15376399932661483
-0.2212011886273264
0.26447168197165266
-0.3563221653588935
0.03786610504685004
-0.03515545191235731
0.09374720454308433
-0.08462987792134423
-0.16535721699121245
-0.16559239247600654
0.06365252352923041
0.2071279692921058
-0.02186234590176602
-0.029110094866131288
0.01954371081149285
0.07718495254471255
-0.07813962429400631
-0.3247761456344045
-0.13491428550106285
0.31152898460353606
0.07351093468774081
0.26485061881495015
-0.15659873363556182
0.03403811112913802
-0.04559421224069997
0.01339482646456578
-0.12690033410962323
-0.3322283944684752
-0.21693017656547697
0.3472246719298055
-0.14864731545014218
0.05678667380552561
-0.22066879603433773
-0.0346466481496053
-0.2064988959511311
-0.14219076266699227
-0.05009470753539278
-0.09879886846875402
0.31715964781882744
0.09122647698671854
0.05630523752711296
0.06562989984902756
0.2566534660251827
0.01781475941123531
0.4008057473740629
0.14907491822652863
0.1226188997270546
0.09686994948521552
-0.08708087772557047
0.06539353720786503
0.4074292468612055
-0.21933945190414872
0.006951314115019702
0.11398659216689701
-0.16550730022719692
0.04715477426201296
0.06414532618043521
0.10311686546170235
0.1986297356715336
0.05053848135384847
-0.2668776329415691
