-34.4760950936299
12.699489828610117
53.38428782590826
-8.76547108027698
-0.40254833855742445
0.9926577686678787
1.9676416711452065
-0.564818003809735
4.08837762466047
-3.533932641318569
2.268775572545288
-5.492719870949978
-2.296931859133653
2.592393679982493
-0.2999556563885048
2.914178932783452
-6.871662744483615
1.0326681661134982
-1.0249552900263739
-0.7924384991633959
0.8489137006873488
-3.8811409817145086
-4.762759044296632
1.0599753167402377
2.5406270974124916
2.9532930022427513
-5.595614405488224
0.2647712214955502
-1.2346721928975248
-1.3531757563779951
-3.4377504297353068
-3.689095352106369
-2.875663817795096
-0.11621262203869237
0.9307534491578942
-0.22281606244859747
0.982740372993697
0.3547705633628933
1.9529340279771215
0.06334993010497786
3.1411048128055636
-0.4788942190296591
1.9159128969738852
-0.5483918706703956
2.523558757967142
1.3413443387916302
1.309333972489199
-1.8378548393728324
1.6858880200740944
-1.9129224464837298
-2.1844153430824673
-2.6068952354774524
1.1830709263696255
1.777726253995497
2.435531724704031
-2.9507888869872216
2.873936492548081
-3.025355592783079
-1.459184906444345
-2.8232050585191115
-3.217971009451654
2.1915522744195406
-1.116607900519284
0.9129184382343408
4.869320463258326
-0.4273515225321767
0.9987667144924277
-0.8800650839607653
-0.06861414939318095
0.0626847322564385
1.563106582900184
-1.6805766907314292
0.12606949720030883
0.962740098367312
-0.3760551825691065
1.571858495647613
-0.3805513211224395
-1.0217195086115507
-1.538729499520056
0.5025141348622667
-1.3760330728778538
-0.48971025830828435
-1.8163713924140734
2.327138053054346
0.05955052162655382
0.9834313541930356
0.42302113434154365
1.8136119981899708
-1.8431026377760191
1.6557825707942349
-0.20481714464605072
1.00239504000054
2.0346040672237713
1.5176070456737631
-2.9866591669501306
2.534452268668979
-1.1346759591614535
-0.6841961598368005
1.5437220192399044
0.2729739859108184
1.4109512459863225
-2.2960645871562266
0.5928536030191427
-2.799512410116802
-1.474229722200149
1.1761873644973204
-0.8796655592035545
-4.388408011634403
0.6529752954566251
-0.7797530772876066
-0.2694282865052815
-0.8964368821161222
-0.6179932206660611
-0.12202718403225121
-0.4328217744262773
0.2342904252783939
-2.556531149906605
0.9003348675156881
-0.3768119424251213
0.27369567624391095
-0.5431713449421951
0.14504427352125646
0.4185469096130099
2.2397448000930766
-3.153745947126351
0.756216299274022
-2.4967248835838234
1.7671969206976195
