17.876720472177976
90.96110283952056
23.197009657326138
6.693254184122405
-8.287944217488484
-3.6337530859066582
2.8108134608578745
-4.405945876788986
-0.7192456854313618
2.054507766051788
-0.1148347954306102
-5.990773257918302
0.0074895387204638175
-0.9036024432315886
-1.4575841017343993
1.7375351870257203
-1.3952946220368971
3.110409765416999
5.370864245787808
-3.2814620525618223
-1.6498031218947216
-1.6686776014493485
-0.9117810093388888
4.623258410358
-1.676074391146682
0.8460026447423882
0.35444020491380834
-6.553622821003981
2.920670125381145
4.158149585576101
1.9303383288706921
2.0226905658407754
-3.155337099894295
1.880904408848344
-1.6655143968064008
-4.112715447859126
-4.260618863781183
-1.3725190903178677
-5.188119787134185
-1.0886929028539851
2.773502555837515
0.33066984184708476
3.792702718303646
-1.166491958393528
-1.3806899484820638
-3.8811416766272813
-1.6840079227099782
-0.6811546523641756
-0.5731192679709519
2.96076185053306
1.949116125176673
3.280647381334304
-0.8198004878273892
-0.7040443232264416
-1.8541414164688277
3.21454147693115
-1.3181452626292678
-0.9766286196094719
-2.242049630282758
-1.1314327626422285
0.4911771331577275
4.511220807810537
1.2818892892176497
-3.1905551779727674
3.7350129751738796
0.4290758221931851
1.746856454879062
-4.14942428595188
-0.8264073863199379
-2.2533456453771055
-0.7983938379957748
-0.4081263812462076
0.3888675759866009
-0.6719079909451005
2.7205221383967193
-1.855520208719739
1.2597011016325874
0.4116594912013509
-2.74780372811279
-1.8094754837265379
-3.3222849887762433
6.013768940147584
0.09824670919619907
-5.228880256050054
0.2950937419554218
1.1111156034410674
-1.7904506670865663
-0.3267173046523676
2.739124473525936
-0.023430491078512583
0.7926858554808656
-0.8687707652920362
-3.6093810137484548
-4.613720054499246
2.4111048303446894
0.566897161002706
-0.7070578566525757
-0.815280036264085
2.4098029251236484
1.6398446475304826
-0.12750221547958301
-0.7227896183823794
-3.2288612897921274
-0.5547385380189146
-3.5234269199680015
0.3401191135008805
1.7691932213511685
-2.4097906551168276
-0.8722578890571129
0.012131203955125375
1.1878601216459557
-1.2975298933511432
0.21708118614927796
0.5588816736164206
-0.06938801674582486
0.8333452564858284
3.2945027966531697
-0.13893226580998252
-2.065012643526908
3.4229086720572144
-2.0177029903013364
1.9053576118717581
1.928009380182433
2.5108735795209123
0.16867603078766366
-0.4655119087572754
1.0658659813651725
0.4656956948229488
