-37.109045086214785
-4.879105317838987
-4.51006080103155
-14.638251790092644
9.993597927807983
-1.330905517435137
-0.5391636390123988
1.672876789003301
0.8510748298949347
-1.857102954640351
-4.74303182702733
-0.9823024980988416
-3.7734917726048636
2.9243038453488603
-1.4618383493309468
-1.3316815695720703
2.7660030179231954
1.249894449007388
-2.240128641435801
-0.01051787103418158
1.7179620994165894
-0.5140388300314873
-0.9465776765538277
-1.6273014909907675
-2.094809081190721
-0.3750023898203464
1.6248128988807728
0.6746219414280227
3.7097537833037415
0.027263962793576957
1.2392217220419448
1.2494673107351746
0.024189039241372223
0.3262093510137618
-0.4179425654549327
-1.8667420844785751
2.0022060199090865
-2.8901035493766734
-2.3143640973426476
0.5698263755930387
1.1084537526645373
0.01521575129641932
-0.6704950577096032
-0.5115750439407893
-0.6117698786454707
-0.863124534957732
-1.1345367783574716
-1.036271060784331
0.25264637118490096
1.26825389674744
0.22723414964815075
-2.3499257609733646
0.9468896915461488
-0.8269720873930413
-0.12295702010366895
0.9034530485995159
0.9327155781482104
0.8235083889667306
-1.6211372207769272
0.13514632413427408
2.321326348844984
0.12495887999469277
-0.5448759663722993
1.377149761758915
-0.0006272677523405726
1.4927451270087109
0.004174332115736798
1.4020846196823074
-0.035678795689573134
0.6584771631410513
-0.6033172358863448
-0.0334659787350734
0.19174131037972764
0.42297465437332354
1.39659875572403
-1.2068783746161054
0.6839474943416536
1.2144929363670531
1.6224344553751597
1.783022128326763
-0.9751225993976708
-0.936043407295097
0.4106615503848532
-1.5176112917799969
-1.4492577813019412
-0.05365424762238795
-1.9754065354477401
0.08742382856438158
-0.8552816033656179
-1.31496701030267
-0.4114008280874377
-0.1910300208821774
-1.5582086958104209
-0.3441356709152823
2.1081900238748816
-2.3022246825443267
0.49288364299223925
0.09865421528046674
-2.9089414682896604
1.767724737312908
-0.3492910295023896
-0.05414300615462586
1.2373694282875487
0.6407751303603494
-1.3102659994821912
-1.6940251401801871
-0.6380065906269297
-0.47184922180574945
-0.7231372471324699
0.1834029155971351
-0.29397915303225003
-0.8164911243980741
-3.4219357554662038
-0.3557248095153748
0.445201372552182
0.21937663961267023
-0.24695194145482202
-0.9771678674808866
-2.592839681709667
-0.04797591121430281
0.9745159492970289
-1.3556183857845348
0.43847761207260244
0.9399534583770689
-0.7413841902408306
-0.7902467458162075
0.5500699610390091
-2.1197981928481373
