-35.27501280497311
-4.756328927876441
-5.491130480667897
-13.956760192404406
-7.627902518064774
0.4188585225185726
-3.2457066618708725
4.8921082585669105
1.8809196875064889
2.4431460501444455
6.485824917688497
5.330616831133978
-3.3190722183985146
-1.4298451487976962
-2.8689185564027464
-0.7498479151767433
0.9078639258935418
-0.6470536021126057
-3.338973661254322
-4.064213519788152
0.7475012152827011
2.5348702103364964
0.15067674601070963
8.61076803296702
-4.486590893572035
5.337448340812737
3.2459293406844463
-2.4402983546933177
0.012238362883493545
1.616056854021635
6.553995680360051
2.708473624891306
-0.4639399424622645
-0.11266907601897502
-3.1452030864684897
-3.7670775722261483
0.08035255924420381
-1.35225174996971
-3.4131157879600544
-2.4974504116629532
-0.4613806625097411
-0.815408923871624
-1.3218561355323137
-2.3520187626339393
0.8400408344222994
-1.566614461240979
1.7689489268637815
-2.405489530608084
1.580386397973186
-2.040959287685732
0.18352773357475785
-1.8957858160860088
-0.2296134666523402
-4.523839031481654
0.8629718677932045
0.20904146768361248
2.9649352155033704
-0.4217557353245719
-1.5667367141357371
-2.802732540066543
1.6836665295220778
0.8988073665326803
1.0405092234378461
-4.112355908445983
-2.454255401132601
2.7169595621472324
1.8111024465545218
2.657620895080158
-0.0456719757281675
1.9407024139265001
1.1703453636032806
0.6153160862524638
-1.450316296312612
1.4835316584418954
0.5578047755570379
2.099853051902582
2.987854251992386
-0.3557722119069342
-0.4271205682687099
0.027443103153727208
3.847539264008311
1.1776778392218694
0.47980234522543136
-1.9019230995706669
0.44612072236790423
0.9646850190046989
-1.3662394440496088
-1.6628213564931502
-2.4380291618180423
2.0131222689940187
-0.9308031672121581
-0.6819102388501274
-0.2574627386901372
-3.478755973558772
1.1853078477976244
-2.1265040739282597
-0.9542538917452776
1.2988791761736345
-1.8846539258305497
1.46599336433612
-0.7949885297768695
0.723041257061106
1.8843320362832032
2.073457902523338
1.9656047974058883
-2.4874924014265787
-0.38518062378148454
0.33223691321315707
1.464935767702632
-0.7121468649437331
-0.8780193388072162
1.1533097979939642
1.3747122798275837
-1.0533418242222332
-1.0332103374710029
-1.0202813082999604
-0.7318229210300701
-1.7654394338845927
0.6928498994548847
-0.5431645187559946
1.133073918486829
0.10318965320493467
-0.3928941611371073
-2.249678052820007
2.1500999712718123
0.8541816846669962
0.23214226084729012
1.3763073241781265
