-21.788078632340493
89.58248077745421
8.781577230450933
-6.9569033461367695
-0.28546501937144647
4.693903345552069
-1.7100294970551393
0.34365394689971274
1.8058136969187473
-0.5354220195068605
-1.0338817516317864
2.0545927953570673
1.1257673877529506
0.29332780545564563
-0.13191928177759704
-0.9397046887282781
0.07609294660592697
1.0461517282057535
1.331897949337292
-1.034399298760701
0.5298408530648332
-0.3991883074158045
0.15048037820264432
-0.8039503256085989
-0.35434119653871654
0.2998898669017846
0.32873081290886774
0.31904811507536657
-0.5034773936988004
0.452445416552499
0.5929353622212906
0.3309060430624367
0.6133039398195299
0.26058361306002076
0.12825357419083722
0.008148224088880107
0.5248272047075562
0.4617352100693209
0.420001283452789
0.17120163584605758
-0.33854360719678
0.262158469445664
0.0070480838903351495
-0.17120673965340666
-0.2972774992181396
0.29886704236604816
0.15802917371699177
-0.11500989282594162
0.08636270577346869
0.05121929423456012
-0.029687359579855133
0.07354529423949432
0.06080108274957505
-0.12871595192594046
-0.1012885971587563
-0.3243971961590889
0.0061031108385853905
0.47168478676506986
0.21426264371878098
0.18047963581381626
-0.1735777865805712
-0.3548309950131038
-0.13387335819918447
-0.10292124345970022
-0.10751145886907239
-0.08748936533623289
0.0176848610707645
-0.09624153370581143
-0.014939190032882785
0.07305587111205242
-0.3295963171629687
0.4815132234218726
-0.0948608757423121
-0.2933633386591078
0.13247705676332217
-0.34033399045526685
-0.0810856779222646
0.43817755694536137
0.2479841433886045
0.09147037543881978
-0.4693187845507828
-0.139307384541112
-0.060275840743951814
-0.3045315821807389
0.287611037284731
-0.22811040718355305
0.2516583956051565
-0.18042310977091225
-0.14602947512252498
0.2986814299191482
-0.24569420167906986
0.09800303893881081
0.1098450242191768
-0.3041189423518388
0.0959327809291334
-0.01326455653354397
-0.038464058529325315
0.004327584319939237
0.06675608547556372
-0.1765006486203346
-0.1758943639575797
-0.14454643848623566
-0.08575932037558218
-0.511477576741721
-0.2699138306166659
-0.2079123513832473
-0.39476010899232455
-0.2454147087221054
0.11824155453028067
0.09247034347391736
-0.0493566074778749
-0.12506241936851173
0.14994910162744898
-0.15054228626258856
-0.426651563742234
-0.04714195874703843
0.2801829601914021
-0.14721153401496848
-0.07672581204673457
0.11158428219377409
0.21411356161862594
0.24797136439283826
0.012507044190105801
-0.3530020948193654
0.35575223697951786
-0.14073500671249842
-0.244486978110655
-0.28430245991428577
