-42.609753959431195
0.3465802480509338
-7.978246217847819
8.667458492200023
0.8448694200907272
6.6658274724368685
0.08168047693554192
-2.750006282812947
-2.76083704448177
1.9939428853683094
-4.593029658198607
-2.3155787905275256
-1.6478083350367876
-0.7488776334620145
2.663522808273579
-1.6357543841203201
1.243783204977809
-1.097359371800336
2.587972342851276
1.7226724397313942
1.68053024902969
-1.0576721825690132
2.785590657117094
-0.2272841407123997
0.0392145951465189
3.9355063635333547
-1.1695627134341036
-1.0712767898501772
-0.5522048222003303
-0.5538175566045671
-1.4750777303987217
1.5139601582572306
-1.1840218836890917
-0.332428561475121
-1.1042997666936505
3.1001695708129264
1.6484665948939219
1.1801007938986585
0.41444686888947324
-0.8613206816007071
0.8054778597782395
-3.976775321416464
-1.577214635479682
3.468292451154974
1.0097245309759368
-2.154536991229335
0.7782861420465212
-0.174468845817884
-2.2423276729027517
2.3709867698076246
0.7742885549463683
0.8695346860327349
0.09514025681936292
1.894100011219369
1.5429606332126444
-0.1718793645749375
1.2450828026979954
0.32667195747073036
-1.5262921227573734
0.09746970701187152
3.551996969029734
1.1050905206846262
-0.9538890520951789
1.4915434602529218
-0.20859245708161303
0.2619974928139245
-1.4046027328811235
-0.30536536900879874
0.9423816873725583
0.7414685442856022
0.6929211576076466
-0.021028913520673126
-0.7790543777417717
3.0752001531013047
-1.2865589693006811
-0.32463657377074273
2.039725487894156
1.0735203244125993
1.9508559514000794
-2.0944543296873332
1.245592390382861
-1.3765389243862094
-0.3695068461127435
-2.3400938034868326
-0.6600609236050835
0.20140857419885713
-0.1978080271308134
-0.5786069998720207
-0.2254233578697386
-0.6421908348873253
3.283337786782162
0.9409421266517867
0.31308619064853394
-0.7555535245707342
1.0755994616031095
-3.2696972880583695
2.7028908061803842
0.6023135784497563
-2.011418232762986
0.02176260281368759
0.36723704210880026
0.2885415356542131
-1.0628179292684408
1.7787232159337043
0.2382847762912944
-1.3336963643603772
-1.2510143129681421
-2.8229395358785645
-1.2625761378192437
-0.3724762069407158
-0.2713026785704458
-0.82464914131752
0.4627109128248151
2.344816165111961
0.53628278205228
1.3593939026315183
0.651291074664287
1.2767730077923813
-0.5901228281987555
-1.1165142618524395
-1.3497643661148242
-0.3449383496987492
0.671873094179976
-0.37714035523414
2.859621667782667
-1.5858105795642556
1.028917258408253
0.13393880851403167
