76.8776124961721
43.87473886490043
6.0442321975614615
-9.463338978195061
10.814621543314438
0.5036996812147062
-3.7089208132643208
-1.1440831782624654
2.1588441560115097
-4.038461013323245
4.320962880468186
3.9683189664600445
-0.7384209948154117
3.475246824792959
1.8341889953310848
1.0881972319744646
-1.0789089848052325
-3.7437647170018145
-0.21178690115793666
1.6986688345590317
3.4755096160410375
-0.8016739986850724
-2.1443547053241314
7.356680246481857
0.5030261369050376
-1.4571613352111608
1.454947862679613
-3.1317339171178125
0.4906775682309507
-0.9668008946390418
0.3902988106248259
1.1826583930015764
-0.6665009140085906
-0.05036890918790303
-0.5141895851970764
3.4211762187596904
-0.23054800644395107
2.4206407224068855
0.659572475921575
2.0443333499678396
-1.6188410049286077
0.3467376399998259
-1.322206788841769
-2.5968942357737537
-0.47568094893558827
-0.49793303274427725
1.4665112163765968
0.4357455524863217
1.192660808550427
1.1249228593455607
3.0766724154643343
-1.3733518690494995
2.232581836316683
4.139516296611765
0.34814379364698855
-0.5421712797438519
2.9082495753585134
1.6240917644449084
0.3514079485340821
-0.030935904972999417
2.986441765621884
-4.027570233431112
0.6508665490453084
-1.2529507581066048
2.2683051040515227
0.08694598972289902
5.360378040799508
2.3872193134172126
3.542983029262379
-2.521690834217945
1.8814277559498278
-1.326690849971121
-2.0723244192334196
-2.089243557725128
1.2894186866420505
-0.6501666991290369
2.0332351408475584
-1.6749586956928646
1.3763876127129215
0.02574565937118986
0.07309676252882302
-2.2753116174846326
0.4075513754176556
-3.438031819968859
-3.2410235144688655
7.386356742856914
-2.9712508065423093
-2.0600721679332143
-0.17083114871258825
-0.3948332116303586
-1.1304574165818533
-1.5215743796065662
0.3351072416004143
-1.4190554761666065
0.983537951250898
1.8989054566423993
1.2214740755942017
0.9608482694597886
4.949507181605116
0.6465104201007214
-1.96243279681373
2.9248790175509782
-0.13690746008493282
1.242782515988505
-1.2765400635346984
-1.612611350820379
1.4043778044566433
2.168308103520078
-1.7343504112751909
-1.784282090747922
1.859812344805636
-0.8105838793757221
-1.9272627278044066
-1.0689344736593842
-1.7228467978992512
-0.2481826393067508
-1.7773127399385276
-0.6297321046567739
-0.46347456731492087
-2.4141927908979595
-0.6967243843499853
-0.04021422059460719
1.3084161063955482
-2.3397272845073815
1.758760127852793
-1.806361758359757
-2.0486924454869317
-0.15168769692453266
