-40.4161498935016
-0.8678329684138788
-2.4326219705220056
-15.197563439769219
9.772571572331396
-0.7972581988259585
-0.34226682199376224
-0.8349666327698921
-0.6645707419807488
-0.051421907025031605
0.20420093942634482
0.004794066495955859
0.11808002699731221
-0.013188155125760305
-0.15670190205029827
-0.02489064950008648
-0.28114508843381714
0.3616142315218181
0.2727653670364951
-0.10873860803366237
0.02225967563763301
-0.1951626061195393
0.33369809951125745
0.1733804365441152
0.18587426708364477
-0.04304154597654466
-0.1592768816801602
-0.4511512847884262
-0.01947718896073687
-0.05362705088921044
-0.08286129515840152
-0.10881562853048199
0.413534862551665
-0.22395902854316457
-0.23789728794901605
0.08810012922868504
0.0924421055830397
-0.015177694099181016
0.03498214043267342
-0.035167398462284546
0.11043004947227461
-0.2368326814740742
0.19793665586136183
-0.36722331148526943
0.4916164311077113
-0.23551676072931033
0.3008857525977546
0.29359123992752517
-0.0765486226478955
-0.08002727530716305
0.2838066223267805
0.11977836678628857
0.006237770411118518
0.09458345551802501
0.26195434432172837
-0.34507080899224607
0.1775389938041732
-0.508144956870976
0.07382319855549066
-0.04731603337659942
-0.13686719899489874
-0.6051983451308973
-0.027904338114446883
0.4581007383226564
0.11221578592255736
-0.3156199951334312
-0.2923593664991876
-0.1991962188579261
-0.12936770299902314
0.17142876838941698
-0.09882765474664351
0.15701255968150246
0.06949301077475543
0.2914997843097222
-0.5379839270270836
-0.19765244209897148
-0.7219936597142858
-0.11936644060084378
0.2587028504816072
-0.09184087350478479
0.18115659114562865
0.05892504616698497
0.3853491828621295
-0.11187525864803005
0.08576039670745583
0.22735066577246268
0.056750775142468915
0.2528387301445596
0.3596784350118106
0.22068674917727493
-0.13925034387611468
0.43868322511543384
0.023238391182542194
-0.08794600125449198
0.3473062609434712
0.07996324757460828
0.11664513515435077
0.15861323557471102
-0.049829800555246176
0.45507237442531046
0.10427902925619116
-0.006460420975773415
0.06387147864419401
0.4940785024493714
-0.07490897926617791
0.08018997568796277
-0.2727595594303436
0.027922304195596215
0.07718716567914707
-0.3476757120915003
-0.4094337612021064
-0.022812034135685777
0.2498697007146104
0.7770061378545252
-0.45685427668385786
-0.14924134360168892
-0.33520101948795
0.033482988890979004
0.08180036056113361
-0.08327888958504824
-0.30307355826990273
0.04281914896921419
0.307328527620213
-0.12618047563431917
-0.1827809621720792
-0.27308924742197643
0.1918406907465237
-0.1777892375010499
