-44.874260587875575
-0.5893746158684121
-7.96160773036225
-13.387661618979495
-6.910984689724101
0.11528489414631318
-1.632977151811875
-0.24110094391221132
-0.6060119032794989
-0.09426758334273498
-0.2516423647555729
0.054917096501894996
0.28854392831448433
-0.37012858756333333
-0.3146371576807815
0.3549036741741064
0.4850543332084663
-0.0928243128472569
-0.36090819608268176
-0.5881954070932649
0.054996572921300946
-0.006211903483975689
0.24045756648044259
-0.358872807450213
0.03972088071434588
0.19740077174077494
-0.2461556006304207
0.05725157331816788
0.08438395391572531
-0.4271745344393957
-0.0037142468530675992
0.08937856336527858
0.002131047237139888
0.07847476056191968
-0.06177758568330399
0.20376218014556277
-0.4239048689545432
-0.08065669643699226
0.24414778720285404
0.0992618451687964
-0.11909112488920492
0.40588219138700515
0.11889541085174316
0.2892734996511548
0.3256251710834009
0.14163149658334628
-0.14717929693598786
0.10288065451936348
0.11062187581027631
0.1751528772719977
-0.17772051916295561
0.3890230561248986
-0.0010033765812355877
-0.16243624121901348
-0.09095631672492283
-0.1727699117554946
0.23357586221687826
0.06353984352417658
-0.18680022276415492
-0.09783112546421668
-0.15171408652134385
-0.06082306309550364
-0.029449710696741092
0.1404408916679667
0.1403480832523376
0.3428902365787585
-0.020364622441122637
-0.17699243132945364
0.15344001360051304
-0.2741397044220043
-0.026567972389621122
-0.03230152733102164
0.07309390173278599
0.08031457670612985
0.022575619112655668
0.12301486238242465
0.052052194571290955
0.10554599970016343
0.21913692051821176
-0.2410161104850272
-0.17853352232286207
-0.016131331735601065
-0.015330252327801892
-0.12265384245618247
0.055380693249447034
0.17812005437821438
0.4455792692650995
-0.15671124197598602
0.08601318526286686
0.3107974593424427
-0.4466695813176012
-0.09233475096395498
-0.2051451130890511
0.28896912967363164
-0.13950494711186745
0.044041532430426085
0.20593394636712392
-0.15242702501098723
-0.2881449006620553
0.1993596398527411
-0.18718985192411547
0.22974059410248304
0.1242653632763093
-0.11561736236385688
0.20647054906356552
-0.00410075482567759
0.009514626739794158
0.13547709570555172
-0.11251972905268837
0.04871606838198166
-0.033394834366822744
-0.14499560536795128
0.12615933621896858
0.21482560907313797
0.09501599135331021
-0.06197984498370513
0.07754438337789714
-0.07145671154335437
0.21351888007386885
0.15392502827345758
0.3066518469862848
0.22675689986532
-0.18643847633964805
0.07999723539799336
-0.0170401887168804
0.2543013391851041
-0.2843989297907179
0.050722005784414166
