78.19088350263213
43.90095591302897
5.405949664946646
15.652093975584249
0.3068270854335367
15.041374784079718
-6.748278193544784
-4.200358825905677
1.3329692288026878
1.0928101300088386
0.018321077559600496
-2.3102701985547105
0.18276364458309446
1.294986844903147
1.9712514249656587
1.2829493747081053
-0.11407245824643693
-0.6215022704005612
-0.9700634379414301
0.1281070222845276
-0.9835142619591795
-0.04824727117527955
-0.34524990119490395
0.03430180071567146
0.4304483757854599
1.1650096931372573
-0.3133470152665844
-0.2651802847088297
0.5555961154030199
0.2903129920488176
0.4142733400920815
-0.8391764246773931
-0.12044715650399408
1.5257367752747617
-0.9556419674231055
0.804962021382798
-0.8351546486191892
0.4780404938691822
-0.5966782992186624
0.916680586314595
0.13512561810714252
0.24716649869558213
0.4355336648595586
0.15885462304307965
0.36565329378600286
-0.6841487822028213
0.27277281152337135
0.017370739943783797
-0.22847404153009082
0.3315632424232522
0.21146266424316223
0.5942542147019875
-0.4883869756154494
-0.3595630741489133
0.019573864064796803
0.3278778576444018
-1.3606835591398339
0.10177239467715257
-0.1643601784083456
0.18899149059073161
0.1269192302795804
-0.328025097677539
-0.12229356636302405
-0.16648636242053386
-0.6381835653705858
-0.0017751109342825228
-0.6287169879743494
-0.6403196641365521
0.6163136435181269
0.2729719610906503
-0.8801414165086872
-0.4756192679017267
0.5963449308966363
-0.4758167984111317
0.1893228475913334
0.9740214692923166
-0.11971266583528288
-0.8461084552290081
-0.04983316151557053
-0.2749619314312028
0.005832714140676085
-0.06963293758689121
0.47666920969076254
-0.5317158028402907
-0.34862143648013383
-0.42422031399366333
0.20086640225918737
0.09015151306884864
-0.10869604350476217
0.9163873759597139
-0.24259520764833098
0.25672649525454544
0.026337824609618504
0.1640275032314441
0.31494906326211164
0.43914262863229725
0.41444048183772986
-0.6562070508475825
-0.5177180829471981
0.5759092281678704
0.678799570681186
0.3511174124552015
-1.206330769196388
-0.7863219000643472
-0.050521727608173084
-0.392985461000534
0.6870977300477181
-0.2557880458530548
-0.3965658420073873
-0.2065392632746941
0.08997306733589108
-0.0869959791600062
-0.4415722829363391
-1.134292119973042
0.16757750152423528
-0.9116060324809055
0.9213377146794924
-0.6372208159470611
-0.10132786496841506
0.29835191182288057
-0.9573082584026203
-0.3358532408278621
-0.8493120115398468
-0.46966303030665546
0.2228429880463288
0.1504422310833723
-0.4420179862988466
-0.25393357406361583
