44.92569297344382
-60.706645797543736
-18.906714008118627
14.742734750511794
-0.4365189090713753
-6.717837893692639
-0.5935143305765002
-0.26442496532248183
0.5407699976857252
1.525936693704271
2.840143604385089
1.6305787672801852
-3.3480049019494644
1.7010614038559329
-1.5456313674689786
-1.6818508239252872
1.314266787340502
0.035962277821700916
0.4091110049887394
3.3442505851230613
1.1578875785194767
0.745126335672466
1.5964088210046516
1.0023661785500095
1.844553777873449
-0.9580786135683801
2.881551661901353
-0.6068010153994715
-2.833525012812031
0.36156131023399796
0.044324541404097306
-2.109038774579508
-0.38594243253376337
2.047444066967571
-0.67802008147828
-3.1351711814095395
-4.209850352131153
0.6614492589783356
0.3464096743481504
-0.8800514139342541
-0.3187543053235898
0.40781051619516623
-1.3085864326156094
-1.9725353317447012
-0.09947119244175454
0.21340412504333803
-1.569954137629732
1.4438498256010155
-0.8177138504601951
-0.44693057671079606
-0.921095041332888
0.18173765134306435
0.9585332223090332
-0.5365448441219646
0.6530112551384701
-1.3872704018539412
0.12934294527500836
1.1615827298441228
1.3548866252299756
1.5676626686180468
-1.4841230770483849
1.408937590344107
-0.18343730243234752
0.8239981614933954
0.33923654047941426
0.7825314398411244
-0.42095768682508633
-0.4323133624490775
-0.6475730354738721
-0.31586276119915524
1.1402496202391943
-0.25878929411849416
0.968277402783919
-1.4726633760836978
0.04005216329627613
-0.9109585004370253
-0.6859706028210166
0.4767849531399681
-0.4576715670360715
0.034659344677157145
0.524527163472944
1.7503317230094961
-0.5003693166978318
-0.7702283823005748
-1.113786134586763
0.019791400034100688
-0.9659110569361318
-0.5248230777301953
-1.4097931199040474
-0.9274910093118978
-0.7465260220250987
-1.1890576576725649
-1.2004949128153686
0.7430428865761403
0.04235538172738266
-0.46110064975925297
-1.7835862762081562
-0.40037721664026005
1.726755275627174
2.4090038084967387
-0.7057250430235015
-2.042039783413896
-2.011478857914718
-0.3277327263504405
1.3435372202442022
0.43876175821926955
0.20830634981170473
-0.6538883023723121
-0.7308437050648713
-0.6439773173050753
-1.0394555056179875
-0.8340607991976683
-0.7712579151429328
1.5520813055479763
1.3151335594858562
-0.26042961006970133
0.10933836754817536
-1.2664023874251038
1.1732242448785264
-2.3549335208923265
-0.6628054204218967
-1.4351961138361895
0.2542395637812973
-0.6930683069902098
2.462063356934737
-0.11469816440605832
0.08457954100559995
2.0406843165283424
