-21.671560338121846
77.34183969089672
-39.73867641713046
-7.157630810565414
6.40699245935506
-0.11670934058225924
2.07932866333816
0.3137416749478094
-1.1911990083307384
4.9222342298614405
-6.277818375688274
-0.013659813837455036
-2.5755171021293464
3.7997905194948407
0.36199681169508535
-6.254506528612904
-3.6380564532595323
3.3333439883875826
-0.5656220533276899
-1.732685691835842
5.9295631469949415
-1.7480042203383797
-0.9629337540289418
-2.8375085437963645
-1.6845555446556362
1.4590225765461118
-3.114511560225954
1.5476548141005524
0.5598538763846456
-0.6791325917705034
-5.021143547117797
-1.3431106431907163
0.37296340692173113
4.213940999691298
-0.1821394786841415
1.5739113142670635
1.975663633141325
-1.4503760256193945
0.06541456811487972
-0.9741767106772454
-0.10784885392157517
0.9456118228364339
0.6470953896805778
1.3268675120221873
-2.13519202790194
-2.8635289476758476
1.6651303873050038
0.5769239595160434
-1.6557687021177203
1.5029772472602958
3.064786152131271
0.7280510037048216
1.7843746627630592
-2.564566023081291
0.3681925159677565
-1.1130934998033712
-3.0979522359519267
-2.9685947461420863
-0.9516220935160193
-0.33680982321707553
-1.9695247195263466
-2.267904365723322
-1.6555311789862568
0.9209822634572473
0.469603666603099
2.6901337483504992
-1.6608861944283375
-0.8789441014613478
-1.9959368419846977
-0.645020384138586
1.8605510465463855
1.323220059140161
4.252121736082158
0.03693814196473105
3.7855917401569283
1.781385617971703
-0.0997902004622836
-1.349798977553342
-1.5670813715182872
0.8939425445343031
-0.29321990296894906
2.581243892304221
-0.04010266051756542
-0.5400256520070933
-0.9916082156227571
5.172792713206192
0.8233458461416947
0.06331162672665575
3.296706356707848
-0.994466121357449
-1.3142071856525102
-0.6389622159752613
-1.411068394653902
-0.38964157248550035
1.0993686408176266
1.7716244970506236
0.0009177778929744251
-4.615312895286482
-0.10382020548926829
2.861808877240245
2.319046715993844
-0.09647466595729765
0.6201755353587282
1.583998213830811
2.307822496774726
-0.4094979299712609
-3.108975934061499
-0.9031573133477357
1.5081683170052191
1.7813382879742048
-0.825348950188999
-1.3189003295367143
-3.465005091522345
-1.7637418016833808
-0.8370483969881951
-1.0386690330425496
0.16533251771074153
-2.9384714606799
4.914851307986014
-1.5676226998427418
1.205001500617579
-0.7131687627231014
-2.482813541799763
0.8709942188105912
1.8868384165740202
2.170738446437439
-2.048427715291054
-0.24086468642224107
