49.84602430388904
-49.78950486371732
-2.574010617799655
-4.502597891002086
3.6116674018564767
2.3971024438640938
-3.295475438742765
0.4755602320898929
1.0864641430241426
-5.0647848692762185
1.7385457055501723
2.645708041470152
1.0221685788045969
1.3535235415140168
0.8254669176782685
6.627040538251773
-1.7749534367588957
4.993934516234216
1.8220238941999043
-1.5036617817044278
1.750172788534465
3.2767048814609443
2.5270199031941103
2.207625798097167
1.975477648569642
1.5653279638387674
-1.014910884165555
3.9701756956169576
4.905826442524998
4.750807735803211
3.3803298403072604
3.9599783847381596
1.239776051052441
0.16617698643623763
0.008655017934662543
-0.9042285069654717
-0.8337770711163015
3.467735014657522
3.154268674501514
-3.2727316046637243
-0.32296933149573503
0.9497866506416026
4.089725955652183
-2.919098249207466
-3.1134462665292273
-0.282132048685653
-0.25868026529719296
-2.6408794754581995
-0.1341388632171962
-0.8408767302027677
1.3038242823933839
0.3332046723438253
-1.8711113056263242
0.7130971478960436
1.3749311859075575
0.5554629735111289
-5.000057766397289
0.7784079799497697
-1.2291670751751371
1.1972151568456968
1.3066593271164268
2.8463751155204875
0.5050439786355791
3.7928676220970354
-3.3789789844794793
-0.2303202365592438
1.8458446191631441
-2.1969854151296313
1.5617897620083356
0.36514574058928395
-1.8546383907590658
-3.6555604289815298
-0.977843836648399
2.757378327445992
-0.04486186194752226
1.2517044744069497
-1.174139325085387
-2.461829403975409
-0.6305441092182299
-2.051683193241461
2.30199293750864
0.8899664492544237
-2.11515959050395
2.7111243577565913
-5.860613544311209
-1.1017125084026897
3.153652137527172
-0.7129739378807077
-0.7681168032004086
0.223960414284246
1.1269824396913601
1.414163190207022
-2.5601023405333763
2.5590130049840134
0.8578636385288733
-1.9762125713188903
0.24073016334883485
-1.8278270745685394
-0.7705528441167802
-0.675078467538434
-1.017264948302624
1.687487181166516
1.270837966474461
-0.6903499243894026
-1.3934966644096327
2.1531422857020908
-1.7894865576581038
0.17284298948348484
-1.337254750990952
0.6892329004805561
-2.138734583358592
-0.8487769653335762
-0.3506557288285068
-0.00929540963541714
2.2246794219912247
2.0456307284101336
-0.8701086057318366
1.6286002154844847
0.20771607713221923
1.8210875488220326
1.86945991312665
-0.26027806864559117
0.5800890855779257
0.5867348684831315
-0.030786776826211615
-1.7367195115436156
3.256690643641616
-0.4592228991254229
