-40.6116594067502
-0.6837820721431427
-2.34431161548297
-14.885642935544826
9.304936001293045
-0.6897799506637391
-0.3140701027640447
-0.44841158057627073
-0.4133294074893196
0.19579878507064546
0.47494268910904924
-0.4165250152242828
-0.18452192898037273
-0.5097590383420374
-0.09189105026114724
0.14836984898364286
-0.4011040102738092
0.3747593037215404
0.4377914316245866
-0.05798116863223078
-0.11735359446654475
-0.24745139132817023
0.1714735385203564
0.5284979396293055
0.46660933734077914
-0.15580816832182787
0.6121340417086082
-0.22730302177762218
-0.6234429511636932
-0.6604743941298412
0.33623714226491536
0.24314151845879461
-0.24529074695853628
-0.8663847549991
0.18301067990952688
0.18595606856746608
-0.6701726246884616
0.04256236668962603
0.9316058124533517
-0.030985667042977963
-1.098000541743953
0.6894956076191485
0.7142186190516029
0.4241314288220451
-0.023803282657364776
0.34468255402387266
-0.015301641184165507
0.5928544715302073
-0.10839807837463601
-0.3218133160946012
0.10458849632056082
-0.3938801643168523
-0.27056309560884884
0.05633435815604322
0.03244518730376244
-0.21641854528211063
0.5606389238652992
-0.5750838725381714
-0.24510384996863616
-0.6806103087069102
-0.1701553222887126
-0.6590648510604445
0.175857354798738
0.3983107715389098
0.47588691263030164
-0.502794127972521
-0.034223065210671116
0.631376725354553
-0.25764604950870074
-0.16899300050772564
-0.35942890056224197
0.02650796237525145
0.44415078994699164
0.4498742728215977
-0.02042892818138524
-0.4965772553888247
-0.2686641704582208
0.49434095270883865
0.5530615881966177
-0.07996887759788057
-0.13539884873169472
0.07086635993321269
-0.1968142162463332
-0.13240260341570947
0.33964043064878113
0.41322470267101635
0.44134814398074856
-0.2801539495379347
0.381516159890358
0.1973665364512604
-0.17403005517119813
0.6162462028541018
0.06773682761612551
-0.290564723402688
-0.017067797619196787
0.14958911627041324
0.3281993943160202
-0.12374970342697608
-0.1697889638548128
0.39011272006002307
0.5790800782396011
-0.5137783162075643
-0.014881062798616562
0.031078648775862045
-0.04250679546287486
0.32907136105777884
-0.765008855115122
-0.2215947933883242
0.25775824192584557
0.09726495095575349
-0.12674267230400824
0.30020858210908413
-0.4162609485513078
0.1339920698824012
-0.9994415922139663
0.4022930721586575
-0.5338169367486655
0.018614847151145714
-0.11532944997168593
0.32257008274579374
-0.36732847783188827
0.08359060752934251
-0.012196653961931647
-0.17918367548539474
0.03340034876554408
-0.43717752840423724
-0.04830569901039946
-0.2002069181491718
