-48.39619627618177
-5.330617422662992
-10.3574604557966
-9.033149674186411
0.8323534579137593
-2.4733258670760896
-0.08637775092611888
-0.45043001225672974
-0.5580355644312752
-0.6607969006984135
1.7288724991030682
0.03407502873682047
0.26687641957449754
-2.3660327626884365
1.090645287826173
-0.4885607407719041
0.5813386457230401
0.3846278233635019
-0.7098315137992877
-0.3057139021715286
-0.15989548426158184
-0.6459348439055774
-0.12523833740649543
-1.1009406700554898
-0.22449960834407573
-0.44367804506604
0.34429935078934915
-0.35634030136567973
-0.3900240038409072
-0.07425370441902449
-0.08186945608093482
0.020634418222148038
-0.10462921963488744
-0.06944233887966934
0.2876730206204953
0.22019930540336713
0.11885546634229735
0.014523092449502544
-0.045795972307014134
-0.1364152559782132
0.1659333238610951
-0.03782793103555429
-0.3591959613334688
-0.7706021158652887
0.2774955797851113
-0.07575969197747151
-0.014180453175294698
-0.10345403282465539
0.29882090478505136
0.19616490851567456
0.16003451705022842
0.11584527023874715
0.1362799200470179
-0.4671017369962759
0.13147545924210807
0.2778389140554991
-0.14030565740545986
0.13069654896091995
0.48657124011032526
0.2631678774700426
0.39158399789715703
0.6061152516865687
0.17265984091002592
-0.04433782426956981
-0.2734009143916706
-0.18039963670669926
-0.3660751359925031
-0.4063314780171182
0.1635379394735696
0.008921797668828543
-0.16026555681387528
-0.03504845717937591
0.42173265953780104
-0.21948763516558295
0.5358576988249644
-0.2662380682352268
-0.30154629025066315
0.21846564786728945
-0.2419939013626482
-0.05111063940065526
0.17408647186089188
0.2807874853091005
0.17492433874802465
0.04215747974191494
-0.37463047959193974
-0.08803713004251959
0.02287137510628046
-0.060630862226041804
0.2542486247552704
0.20039895056801976
0.1077159826113776
-0.33876349899942637
0.02727020886947268
0.08017821774523429
-0.22140277394504634
0.008169217394542037
0.11675108510045538
-0.06285665234408938
-0.23610149498036873
-0.19670199245939762
-0.392594381297125
-0.1089945970775667
-0.0657699136909198
0.25405456595993064
-0.04838562515610526
0.007553738735079893
0.06457262002036031
-0.06970989945775695
0.044413164104354794
0.20498341068347392
0.2591133712249739
-0.040013858213068326
-0.23569059302655657
-0.12326508246243087
-0.09508893394691503
0.5589248475502571
-0.13129213603170387
-0.3264982486040066
0.15442316439319737
0.06371243686684562
-0.21741059285272377
0.09073039885660536
0.222639637395047
-0.011522057961771599
0.05830565760676351
-0.08012788163086172
-0.08655218170460668
-0.19334071824182514
