-45.70005199289713
11.383962797747568
55.72008832377124
7.42374787852978
-1.6795437835003
-8.98032071086595
6.503557999864185
3.807338982715273
3.6975976127531878
11.219931084869675
3.2830744424418086
-5.41766079808094
2.7022917219752416
6.494617898082889
1.3160540139396937
-0.11046900836117318
0.787161210519588
-3.6854234821867404
-2.272893054317228
-1.8072983362438007
1.79975496324088
-8.192734435255423
8.761956233953418
2.921113348481291
1.354059098586271
-3.908860833779449
-0.2808859268565959
1.5389073506652473
0.5840032059404537
0.8077635526982958
1.879809205098605
1.6231482213791633
1.817264552055375
0.8049410961050312
-0.12654671006533172
1.7640429773156243
-3.2589044518717385
1.642352792938766
0.300460763679519
-1.0220580594696174
-4.205490003707791
1.3102637452006878
-0.03152962518459612
-4.111434159429299
0.24325146445807277
-1.0863372384113332
1.7664694373513345
-1.9381767101102267
-2.4908821761067763
0.10238644829525598
-1.6161027238281351
-1.4717197279436685
0.5024301666235035
-0.12860270203333116
2.3567636636558804
-0.06913437415775314
1.149600854239304
-1.4328316915007495
-3.0615663642731006
0.8889450160767226
-1.328761179840178
1.1609287428264177
1.49751003137716
1.1133355176080446
0.2527444152843764
1.8459018525764752
-2.295928452531742
-3.125545421401329
0.6675273716982855
4.332012976550424
1.0063992503406742
0.5055643127024733
-3.705932765310248
-1.4936356718947443
1.9154932663171735
1.3163322910443112
0.5138364011133477
-0.8852923551195429
-1.6062244362106957
2.501831773813263
1.5114147186900748
1.1324733333303143
-0.8563628403977233
-1.4143979106759006
0.29127862126436316
-1.3084926065532496
-0.7524613832492781
2.4289687941374742
-0.8638853182814449
-1.6286483297937115
1.5535716554528223
-1.3916758877898001
-1.103117894208511
-3.0326415146517016
3.4367733034391557
1.3798834955735857
-2.278084542108303
-1.9286533182917216
-0.6563005077386219
1.9422398513164258
-1.2474545964799784
-4.777948611856025
0.5558101663261376
-1.9067741902942392
0.1086374994501715
1.4792071962469542
0.18978947452890818
2.5947512030382662
0.31444168432360675
-1.706456958383273
-1.4783816559205958
-1.3213066566353993
1.5157856133761105
0.21880595431311015
-1.1102262514431391
1.245548261478354
-2.300277927432671
1.7059922966285908
0.13344952777223063
1.8620738572378408
-1.5388726508708273
0.42580128501444287
-3.5058322183972215
0.620707305759095
2.108998153263538
1.2439802807524845
0.3552526556382606
0.903827220415332
