-40.31846353620791
-1.3482245449850976
-2.1221076688066556
-14.54217964991175
-9.024129049443971
0.46958677715024383
-0.15322539591647735
-0.7037254919443604
-0.5797916952211556
0.17909878689396663
-0.40407609580246273
-0.15838949198993674
-0.17525817158905385
-0.5275504280734036
0.03267277745669317
-0.5846807060167708
-0.39427777235426725
0.3210858336850327
0.4274145489984482
0.4437367668027416
0.21677571719518576
0.6537465503661882
-0.14906932470806253
-0.39760923755231925
0.6018467453689288
-0.20874441286790424
-1.144546009089186
0.5642711381584515
-0.3600970275130142
0.23595520315734447
0.7561906959407911
-0.5656609956347595
0.6505031081809938
0.08590129613658197
-0.35190184081585957
-0.21781532648278473
0.4944680052768736
0.44683541539584837
0.6346818234322444
0.7165074441676857
0.45151682520181674
0.31478679898395223
-0.623436098678404
-0.04106556404464372
0.39269941014185106
-0.8367610084758309
-0.2856312138738403
-0.7255406077377052
0.49751012530592154
-0.47551896597060245
-0.5325354960169814
-0.08546087189536372
-0.3133700828465028
0.361446439170637
-0.3756420470497429
-0.28883149343553993
0.14907010373177576
-0.014473127441242017
-0.18075138610030608
-0.1843474216092451
-0.2918889558593997
0.025340890707121373
-0.48143538868243957
-0.16987212249950293
-0.5397685928755073
0.4137450886768018
0.5565306387094124
0.613497760616397
-0.15357345994283972
-0.1360870259509237
-0.007577882862716358
0.46186158692671925
0.5809725141792721
0.02828772959179736
0.07425951511834206
0.14654369444527582
-1.080246809770579
-0.768247836102155
0.04552327994560669
0.2613660930796682
-0.4514350043977019
-0.34027474734444774
-0.22450585679053575
-0.5265235408474485
0.08721759359303567
0.4095939453237334
-0.12648174125570633
0.6664754860086054
-0.025400165757701036
-0.4610600639491017
0.27237836118865655
-0.08500825370171276
-0.05962446479040104
0.08927599037628448
-0.002956664261767861
-0.1627177720430938
-0.290438404769035
0.20548608692894732
0.0031043824680814444
0.20265226137078907
-0.5519407634993065
0.08310322799877812
0.4718518128578859
0.07117000267576831
0.4307187610424298
0.18330680647910524
0.8068082454715328
0.46928236957096764
0.5013314556302741
-0.2173478997756696
0.05148261075565679
-0.12277564457182924
-0.44354257576956824
0.040150164573678905
-0.3280860704420452
-0.5689416677976202
0.011733605473705187
0.027073544065245734
-0.2102759763445296
-0.08386106161757134
0.16450482086072432
-0.4693709937327298
0.19017468563997816
-0.051100811695549225
0.10143734076872316
0.2593810677165565
-0.7524173418762373
0.3541283642250478
