-48.5305803036541
-5.142331127678527
-10.004520124879551
-8.929146400415965
0.8042995377720864
-2.4042967422371273
-0.14737506926299326
-0.4772528829111621
-0.5711383581566623
-0.6749483962010772
1.7693817467237944
-0.08489348665774682
0.1943855676058262
-2.3099261493700833
1.1242402115195302
-0.5768676398609116
0.5969291681785871
0.3797325772639829
-0.7305245731341281
-0.2505643328054465
-0.15545993420412796
-0.6769250410385915
-0.1829373529300452
-1.1121133957031344
-0.3035261770220097
-0.4445045510311262
0.42837180480398573
-0.3638697670366592
-0.40284085543865206
-0.09741504093618697
-0.08467209661287356
-0.01950044942107404
-0.09475066007370503
-0.07261118095866217
0.2566621133912149
0.20979490279236426
0.02691375233691029
0.024035635774512256
-0.0025871715638203507
-0.23544480934287124
0.11321881993796293
-0.054224960845619063
-0.40134004540313384
-0.8296619144246193
0.2251836146384892
-0.1387350561387507
-0.03048286150151798
-0.07216667170494237
0.3044875629684475
0.14671286123884006
0.18294093535962025
0.10251794198395701
0.09999587847816943
-0.5518299612130626
0.12373101584908898
0.36149621228201
-0.08305246605864797
0.09361166682352645
0.5230611410253724
0.33462964231494047
0.4010540136571676
0.6429902301190729
0.1612634171437345
-0.04786764536419988
-0.23948450385273037
-0.21849928150108325
-0.5261390963420742
-0.46994826477436163
0.04667504257893433
-0.08851577564111567
-0.15644868770199524
-0.0348049239555131
0.5547684186274284
-0.29041097897815643
0.558602419355662
-0.19632061841664106
-0.35074967190685363
0.09435575350253753
-0.32669310538736274
-0.11521626593801687
0.21277375570624948
0.27727841406740983
0.11204301519907904
0.01507250053311858
-0.4673536084046239
-0.10003558338641429
0.004195730147354852
-0.06332682377242838
0.27673382498627286
0.17562456682252944
0.07591875227444768
-0.45744053535801554
0.03915188552190357
0.1118781350424454
-0.09675214084644941
0.0268078412887695
0.2793090610716325
-0.16978788707532722
-0.2664593874026773
-0.2354128330053997
-0.5134053604754418
-0.166570410315672
-0.04305662344661819
0.3443804585062109
-0.11113779014684938
0.04833355757296959
0.07342709291980694
-0.09102930683111046
0.0076711740356586655
0.16175265729892646
0.23608571573189424
-0.0978240940868311
-0.22258249760172985
-0.27579466616089776
-0.17728725839909149
0.5863637171999441
-0.14734043674796798
-0.2094015808067835
0.27709516027242764
-0.03757234829838105
-0.23884617604934497
0.2561416252063861
0.2666222168913789
0.07731757207811635
0.11655277782378373
0.02109416114054151
-0.03801921082433095
-0.19499450896418336
