45.32122978099113
-61.287791008660314
38.689684301132246
14.249056659425541
-0.8437022357733203
-7.233243609322689
0.44557000323721674
1.9224305699805573
7.152281926409357
-3.6709351343118923
6.7597075269123605
-0.5107403618639752
1.3363251105017997
-4.450820184030624
-0.42574157846718125
1.9071634339850125
2.081382203310728
-0.9073170777865939
1.6671066790683935
-3.528532416864629
-5.136037434895071
6.275415613973071
0.8685200225791279
5.520055246049499
-2.470943675561222
-0.8310235724415004
1.8074694536578808
2.348570173902517
-1.309355405654612
1.3696375775682543
0.6469949472199359
2.787780001104096
8.247745506406714
2.0872250715057725
-4.186006672070312
-1.6148442468611093
-4.198659559222936
-1.4138396385862135
2.42364333815715
0.40910448763113644
4.727946346065739
1.363522236634915
-0.4507184162616679
-1.52368569353814
2.04152176712124
1.7503619892310627
-1.23711988259763
-3.6711537282771936
1.3490437385320078
-4.086153103959601
-0.11913155379073112
0.8165948986046181
-1.4628400543617406
2.4178360620801946
2.7463885141958557
0.4316755451373539
-1.1891209459073342
1.2164290615600122
-0.2868908188596491
-2.6844534527185346
3.7240000412687126
-1.3702133380634036
1.8146367135002863
1.3108651283676083
-0.3307261803837992
-2.910813659640824
-5.127672616000513
-0.9322860800437631
0.1993793003726544
0.35444606707992865
-1.208988637365005
-1.2175030402054958
-2.4851601585966065
1.6322796870730332
-3.015443425199024
-0.21493060589471305
2.1131962764434946
2.587926821401259
3.7656508709966334
-0.19447468537972262
-0.062495730088308915
2.21896457010115
0.21743277666237704
1.1970893601828492
6.43031726950486
1.201239226513816
-0.5154212288362668
-1.3111997823040136
1.7234220200295032
1.8576839693423337
-2.045083000299348
2.0469518550509096
-0.5367176632329017
-1.4638786931111805
-0.36782739440195283
-1.499274744470978
2.722443644462911
1.067035277756588
1.2353078417135617
2.094501708224907
1.0227938899183606
-0.4388080667784146
-1.1219278087171705
1.0217700076655833
1.3226294774331528
0.45773734994601645
-3.456696235953065
0.4836736342521107
0.14438965693338235
1.0468433345681027
0.04572959563681869
-0.614358806675362
-1.1748853781409652
0.4223165349250384
-0.35801944949709186
-2.140761453380791
1.4691669683151634
2.594226567622773
0.2591006623679286
0.6388977388670045
-1.2024948232144073
-0.34850970869150133
0.2567905014505283
0.934692016753705
-1.0069195410028957
-1.6337878489697164
3.018901052499621
1.50811192149981
