55.769731650127675
30.15869471643605
-54.74373216200919
8.074099985127669
-4.260842083293331
-5.303116820754043
1.0203598349842278
-0.9128551316879179
-0.6592293534678614
1.7240497454494155
-8.021899894022
-1.388141061770903
-0.6195781143112242
-0.04432567337320903
1.0381960307062212
-2.188843044128813
-1.4965079233329066
1.4564596919065966
2.829975259716387
-2.6160649474215303
-1.846002304614156
-0.7832863289252516
4.462091294451379
3.645191328797439
-3.0937452991417316
-1.0498537940086807
0.40374311902389437
-4.070522005657927
0.4297297741940401
-5.083452911671158
4.073253241916445
-2.350190267386799
-3.967174958889442
0.19479264158076537
1.3815558059419448
0.2013748876215062
4.217985142778034
1.2570081728396554
-2.6954791721891285
-3.6043408328977455
2.1130724511926657
1.4242857542401537
0.4843048085756547
2.4229848872502977
-0.7647876705816615
-1.0359562497771742
1.8287722865918477
4.912089164604058
-2.471306227391718
0.2837284485780246
1.548671607890567
-4.458334402986138
-2.0621677366955633
0.5244028119761617
-1.1560208497063358
0.19498621000966837
1.2887478388237135
-4.087711556984621
0.04088717966241326
-1.83169522994867
-2.8947485630308707
1.7354419183742213
1.4077713219298165
0.04120520636940078
2.733948671724589
3.982440751716891
-0.6559127275601598
-0.20984566964054174
-0.04484622362334738
0.26795309475112405
-2.792392329455964
1.1858133567976528
1.7421177294672345
0.02805588641385179
1.0338862808311524
2.03266980074352
-5.212877278338527
-1.9606769973539664
0.017167965139768048
-1.9280847087330961
-2.542748121401466
-2.674450206258826
-2.0463591936690815
-1.3219038988275116
-0.907916437305118
0.3798648677684644
3.095210023801439
-1.4734218178858935
-3.0319662354274812
-1.3671075161008077
-1.810730086585118
-0.7930953852205984
0.5338252152210765
-1.2565096041859594
1.295062178234061
-1.2759724010803963
-0.3282300260017739
1.5008701503224513
-0.37559738823151356
-2.3939123078745297
0.21120034744979552
0.9282590653885009
2.747790177935362
-3.224185238144765
-4.013775594620883
2.1429918835356743
-1.248722644731366
-3.387574280551013
-4.237538518383261
-1.7819716986198157
-1.436784461067824
0.6951662033141018
-0.5043897263236139
-0.34063331471989905
-1.8193598315493393
-0.3881603347244498
-3.222760560249269
1.5681230725914077
-0.34814449521488133
0.18685049074797572
1.850472502252633
-1.5974540461304207
-0.5291954649596045
-1.2866835055205905
0.014775052952953872
1.353755623722965
-0.14267461283429908
1.6467691439784298
