33.07756302201788
-37.618403906929366
38.80186017803038
8.480414221375792
1.7698285236051032
7.42960566018567
6.367054997806784
1.4201564685932209
-4.137893571700379
-3.1574158496429177
2.805281329701043
-5.054563766417315
2.2074830711111613
4.509697789310026
1.9090299631894128
-4.026970653154114
-2.024719696324233
0.5035746142233661
2.0087824847656472
1.6302997747455423
2.51442719202247
0.4552311717264523
-0.5115503988652512
-2.4638786521890075
4.313518152587749
2.6515675994920174
-4.456647712107933
-0.887024273869822
3.413479139043448
0.8386216408293836
2.9187699503798603
-1.8262943237902132
-1.758730631137748
-5.447744547225122
-0.5468335953393736
-2.343880598265054
-0.1686267494669791
2.287070597714537
1.410183970412425
-2.2533380683510558
-3.1007806696975333
0.203219722756105
1.8797500865905834
1.9375326175512677
7.666503515175319
3.0981931787481995
-3.8991596975006626
-3.2241531420666836
4.734048557177514
0.7179614549002907
-4.052900060386468
0.5806278264183482
8.053328497898926
0.9983655083812423
0.021011625757157176
1.4538497391255765
-0.8633511223495522
1.9428698384597523
-1.404257001308896
-0.8295998289222536
-0.49100686119879994
-0.28596494919991544
-0.7205082882642982
-2.8281501716643183
0.011276623188242352
3.188767981554173
1.3327959380622758
3.306905451131409
1.3895633070264677
-1.3484150645025104
-4.3499455635344715
4.110685806319681
-0.18958224484529657
2.3111921902973434
-1.1839364714315432
1.5610345348258068
-3.047862242747279
5.098263136449655
-3.3547812207034617
-0.9761478517527427
2.4283602137509965
3.563756580628834
-0.2758059783704233
-3.770508963185734
0.8374882491928127
3.012788592473315
2.2938571296802155
-1.1470508012130076
0.7329672111343021
0.5134118720508731
-2.9002553817170065
2.6938815718537157
-0.11929206066360372
-3.6721428236006135
0.00822322737561701
-0.8956774996986379
0.06986793014106528
-1.5314520694945477
-0.7927333727127098
1.4270864049956575
-2.2895809144312653
0.10443846488066229
0.48633565622138103
2.405573428570944
-0.7599053774184488
0.2193368225737074
-1.25884485892508
-2.4227229151197833
-1.276626157133146
-1.4630587699183843
-0.5328980043008489
0.9451795009064787
1.5774982521301832
-0.1366794832089167
-2.4521709439920754
0.34393943600404875
1.5749901964437534
-0.45492611016707274
1.1693571354730403
0.193790410066646
-1.155653429000001
2.4207209611671416
-0.4277831429664003
0.6064258640714655
2.2754409722396782
0.6220853876977286
-0.5500743640164019
1.6667339109425867
