78.55777647624714
42.05841766296103
7.015665917418493
6.897149651270963
-0.10037478267316839
-1.8957915062796091
5.835874276967065
-8.649263156635735
0.5650253407916311
1.7118349383309772
-1.0429724591413059
2.579486163622283
1.6288914676654414
-2.534400243747983
-1.0343448769709185
2.654708889162429
-2.655036791556024
-1.4456976591935395
0.059767101067309425
1.0625291614431847
-1.0171502656221363
0.9483886983213061
0.40878931883760883
-2.2588601207524652
5.229445583927987
-0.34477667209884894
-0.9445674080033818
-0.6788714440417761
1.3596255312996113
1.8108678183357019
4.142550501459555
-0.2779056919159452
2.0188412489112015
-0.5750648615766398
-0.7181031770008196
1.2464260911023242
0.052920569929759485
1.7106483089630888
-4.087327073407803
0.3544876702554041
2.277028901920164
-0.2750711773656738
1.512137995849129
-0.194080607900612
-3.1317028005669156
-5.344398685171457
-2.0570232414723613
0.9887719838981993
4.563144539829462
4.501627866606257
3.481219825354232
3.3678334919579522
2.0783389305744366
1.323016627068514
3.29020388642299
-2.98455270672532
-1.3102520256230348
-3.931637912766102
2.1069663729074537
0.4792310933260348
1.8628261966177235
-0.31999818459519563
0.16457416615969025
-1.368272637732906
0.5657889939576922
-2.167056217252176
3.069353259707939
-0.5749024437026032
-0.7880729935359022
2.01787128555627
4.353668413293327
0.9772598668190904
0.13732886451543208
2.272730216428328
0.8061755548091482
2.329650805643732
0.13574417085062865
2.0532449971598825
-1.5553264887998999
-1.3968560979477085
-1.346553095981695
2.1365527659445376
-3.03756000218419
1.122971642526126
-3.243668686390076
-4.541406448982718
1.2406028721510305
5.303703438129215
-2.544563525415578
0.5771220151664824
2.1129610803853818
-1.6785033237997489
-1.1028747439540816
2.8576880007582535
-0.7031950657669576
2.268736574718574
2.106945753780718
0.5929158449973229
-0.15197535853745633
2.7415908205718145
-0.5003440666023673
1.4857757638092937
1.8769150451240368
-0.14596223126982646
2.185111976072269
2.014574810793489
0.5032900579927484
0.9804821320010886
0.5743108163099471
2.099666775914136
0.6373601297116835
-0.2226878535277848
-2.4416320578992767
-0.4950903317855788
-3.359917738358347
-0.08678839781369874
0.35632109000148693
-0.6299222721164014
-0.30220623284157677
-0.8612476576120665
-2.3425945967477153
0.4933109613552419
0.29038230072226207
-0.2660102702657589
0.7026956200923112
2.0652544573258735
-0.08084333596760498
0.5068092458609644
