86.52250332238634
24.05872303344628
-37.386956625959236
6.767136462901393
-2.203303758798255
2.258143841991294
5.8860710111722225
1.1773143978391023
-1.458804809633025
1.7212467091992045
-0.6442319187633436
-1.2716063353936775
-1.2552326150475954
-0.8281108054510842
-5.6853095393997215
-2.9237289828802204
1.8504401883253656
-0.5804529834976981
-1.6805327265865087
-2.987555707869782
4.523468771904777
-1.4618951549464256
0.7206168636298558
0.421545446596868
0.8772431311287512
-1.1737267006957426
2.939315292063477
0.7133142876103016
0.7938012466762632
-2.1774510249096815
0.11983218093290761
2.567572004928163
-2.1854569402596544
-2.682621435583224
3.19073218182396
-2.0176183877685334
4.085621125673298
2.6015787976399602
3.0234811315526624
-0.8689448278268245
4.373292608774614
-4.058094657822492
1.1487171349841268
-0.3228773294724172
3.2929624228015295
1.5453338355834156
3.7996596289939273
-0.352800909391573
-2.1183738101087792
2.4205760177960363
3.5728417389921305
1.443431221409647
-2.5672829613609762
-4.201137656188489
0.6009627919585929
-1.111605243244204
2.9775065728584202
-0.3874611343775325
0.6391834343763334
-3.7620001503261795
-3.8160869130657886
2.7219819985628426
-2.294538433654189
-4.321652139805712
2.6945694021172106
-1.789396016843809
-3.4179614156691063
-2.007386888785161
-1.3824794971082697
-0.9391991017201656
0.9116541634032616
1.756475065443804
-1.0649588942216963
-1.2304455543547883
-1.4156749428566022
-0.03419281870363769
-2.0659367492350316
-0.6664860063866404
-0.7368234540489783
0.8011408311866671
2.8482845768494394
1.5514017510919111
1.0403433719448112
-0.624019199315345
-0.9173463925322978
-3.2331758908225474
-0.0410818499457897
3.007872323587012
-0.0067780640889624
1.927066783829235
-1.3759380768710197
3.2204928513847553
0.8925286915429658
-1.9158188054290304
-0.9889163237027132
2.568581713757028
0.7579470093656022
-0.6673886267851386
0.013351760624123105
1.0095237195174975
-0.13385756553446942
2.296968058708412
-1.5510520453106185
-1.2331996484938805
6.812768564813923
2.746927725083112
-3.5126825044058267
-0.3200561976221931
-0.003423289375177739
0.41202842102875226
-1.231112954950762
0.1868948336792233
-2.2438962288303603
1.6894126906482028
-0.39644121683204225
2.777883586881127
3.2265042511784796
0.7480057221066635
-0.19853578568208424
0.4220534844080623
-1.4693234058715987
-2.9618383670754627
1.8053627955666003
0.9021821429283007
-2.8212522323260263
-1.2176071009627096
-1.9121420829629094
0.5615863151865569
