-24.041910722111474
2.3404462496479295
58.31158902489456
-11.44334571649089
-3.617607599069071
-1.2236974619437597
0.20002257509928098
10.492525121284292
3.5612027036888607
-1.3784390492344258
0.9916311408027872
-2.7614568634577696
0.4841451388222737
6.513351557643213
-5.257767872797745
0.9630287106441379
0.3595599565417762
-5.638262159303678
3.175956492913237
0.6312512009994315
1.326574277163373
-1.063157944907588
0.1007447839670024
-3.4990493770654747
-2.029205990539746
1.2919092972110107
-1.273145118412721
-1.640412991142888
0.016170373681251207
0.010899495896368978
-2.527772045320309
-0.590941522485811
0.2825162259868925
-1.014368798624974
0.765358916758756
-1.3307018977815626
-1.1577100780297966
0.4691563148901359
-0.6782546066800705
0.5684269581982329
-0.6800871891438547
0.44839723064224524
-2.367015498905353
0.49674623151606284
0.2097936899623271
-1.6027640170390673
1.396616671986621
0.6847775393768778
-0.44735574017813146
1.3134347013888366
-1.3114438384625666
-0.9573851316659934
-0.18844369821546195
-2.6429484264481413
-0.2732490843838601
0.042417593976218644
-0.7420212876458215
0.23242930404944576
2.8337126265224386
-0.1258783230937471
0.23788744377229606
1.732698707365939
-1.3578473633378922
1.7671931018095384
0.2514763416180204
-0.6317603468083722
-0.36072776610798
-1.042098862160896
0.23976423111488315
0.11698994777778625
0.24455331736675526
0.4452216592518029
-1.1956952524501898
0.7960986847696399
-0.16911182245493334
-0.05090226706998556
-0.5987925358001448
-1.0790357433568394
-0.18448974770991944
0.08391485758410681
0.8781233159228259
0.1933415833600119
-1.689409192694138
1.375078062717798
-0.26446886947586445
1.1387001357781577
0.7678713034780882
-1.3142413220071603
-2.7430030688048426
1.1433645702342303
-1.091554941959976
1.2503945729480952
2.131607275156065
1.037796951897029
-0.8917009434715404
-0.3410939332420823
-1.2900556201341573
-1.7821276583883936
-2.3861799639491235
0.9405670342113626
-0.8932870645056279
0.00016770550964631536
0.6773043372378604
-0.03615965173337171
2.4058414372813313
-1.6953771427423687
-0.45458417436915566
-0.6513083578443322
0.6555642526061809
-1.0336946674575884
-0.8055801840188825
-1.4707319059554336
-3.327647441808098
-1.9980611314688521
0.12867526435610538
1.2501291373096204
-2.334592728844095
0.9253935522829964
1.8109207375527916
-0.26562078069841577
0.3677093166784034
-2.2559313126745995
1.0121030455443387
2.5186265960828393
-0.3171964587401728
1.0440775939663662
0.2470916408348221
-0.017123531444553503
