16.67733770697231
77.11426852178496
-22.4984787075321
-13.411836545350846
6.735403102718194
-2.1173306172993365
-2.2799384017670263
0.2792615682150703
-2.499046703797693
-2.4985221813984757
-5.19084265923078
1.4496067077338193
0.24201766232025204
0.8310335010467857
-2.452901143001833
-1.7999491524159077
-1.0402062208394378
-1.7263995340041212
-0.7887592898925581
-0.3062378498619541
0.6271242034011418
2.3086033401100767
0.9301098790428841
-2.513846781646036
-2.287741015029277
-1.3277552887458732
-1.4666105725282435
-0.8168185126772786
1.5380976196120044
1.8036219516949554
-0.9724072200103124
1.87586629789633
0.7824752247569445
-0.06567839839918638
0.8077349778714332
-2.556875117859929
-0.5755179087827202
-1.5712768006977555
-2.904229212647288
0.38187958915650255
0.13565273236582595
-0.5955535997832047
-0.5467428183548161
-1.3863082309163013
-1.509178337634845
0.629793135578865
-0.9891853658638721
-1.2648161032814174
2.4639640124907327
1.3139414782878596
-0.19098979546439546
1.693242909689711
2.542754214540478
-0.08025214124647503
-1.3250350605806434
0.9539675289173453
1.46811036064247
0.9835780876072611
-1.9573032266096493
-0.7290283452663635
0.12699434287587913
-0.514757423603728
-0.8585748113155535
0.24125549369007343
-1.1488893832661633
2.1267952800180945
-2.0438116494506997
0.3911821936824235
-1.2380574046281347
-0.9563645961952877
-0.3331413202362896
-0.6750610623188557
1.3903481762213195
-1.6919561063599076
-0.8346468733679439
-0.4294001432582373
0.5713657312333631
-0.5449444071880448
-1.488092416940432
1.18631153280878
0.6523808219865721
-0.565783269407585
-0.7981710097815184
0.3707019960487029
-1.3804877385378267
-1.4340224159050645
1.3584711751430731
0.3744586466227058
2.544966794549128
0.1453700565001541
0.309367520731888
1.5371375929078692
-0.566769368087613
1.7264799857937543
-0.7512916388115097
-0.5729044514215772
-0.38420013271877707
1.1851326792983532
0.13174571929407758
1.2484964705709034
-0.04250448461696964
-0.03097924501941972
0.7397031927428757
-0.2963945550827921
-0.8067999918594584
0.10151778748945878
-0.3782012560371919
-0.9377108722582578
-1.2311744174799448
0.3677495649717494
-0.4614850961858794
0.5758397698345299
0.24446668909217273
-0.39331356965794767
-0.22264225371475077
-0.639393482167154
0.1113810089024523
-0.48924921314864506
0.9856579027281006
0.3459677491636372
-1.0768779979697456
0.29492642414436265
-2.045600600671578
-0.7900648401416838
0.18266841694768635
-0.03172726089657302
0.7507918236444298
-0.36521180254013963
