-44.34241119484186
-2.0989942422543644
-9.25640367185473
-8.185910942920245
-1.3425398105512207
3.1992189113776868
4.249420988725533
-8.423971616318427
-2.4599806280803413
0.9382114974664184
0.9981023245549467
-2.620069377133376
1.1159170305229429
4.993871660586616
-2.621593154216844
-0.1994976901977406
-4.155027350555126
-2.0896148057070203
2.4836518562882017
-3.0278802165680005
3.5703275987625607
-2.3772315875324583
0.444944255783325
1.7644563855760222
2.4721548582359305
1.2919036243998034
2.0546355214066594
5.025004002311817
3.9012822882773417
-0.9621724034369161
-5.965712610811904
-0.006884923859690386
0.6934733490991946
2.4847824551776183
-0.3847853431644762
5.461698194785583
0.5898646855380641
-4.379744013830083
2.182175566743804
1.8075330856849852
0.20434441558116456
-1.3551046360485082
0.7279693638606748
0.5282063320027878
-0.42796896796085204
-0.06974424930724026
2.59463945422537
3.3397518250707745
-0.14285089020433403
3.680262367359828
-0.16665151318472954
0.6135015140889116
0.036005126606873675
0.8587088997871002
-0.849375832131593
-1.5007051345901814
1.543597090076372
-1.042682940427083
-2.4881286579355137
0.9491280046876551
-1.8802545573455451
1.8154311031432109
1.0057772160419944
2.412827912257491
-1.2085364693224099
-0.18150032633018304
2.6492323656809007
-2.662915304470838
1.4209807133803547
3.1133673445884407
0.37755097622313294
-1.2083430000203508
-0.8245467242504295
-0.850750260257749
2.129676555334255
0.20516046615754527
4.317602239555407
-1.0288816228699287
7.262657476196216
-0.8547789689909655
0.3878590535855624
2.05258062142889
-2.957316148651617
-4.022968077688805
1.6656684994780215
0.9291777583428243
2.836075152828339
-2.085102258300856
0.1511657597970067
3.5531261609127682
2.4998223510286928
-0.850067002094651
-2.4453585389544727
-0.17215493065449672
3.5499231176072144
0.3129112421704513
2.3199137491797672
1.3091276500550346
-0.5093427433584926
2.2179138727735563
1.6995440200443532
-3.6627820954668486
-3.975972096055227
0.2959227558774518
2.0970625725664487
-1.2122448150374208
-0.7133242135357708
-0.5826037754648433
2.0942059251721203
0.2613032870124166
1.457128146207409
4.018037009850143
-0.15998744954120014
-1.308545386257441
0.34656330659844037
2.4789142447019414
0.036203046690608226
-1.9839523868650077
0.3698063858485158
1.7641307571225224
-1.0295344655948329
0.2967691452788667
3.4020239805083863
-2.0272371658629647
-0.766741736657466
-2.4964702561317917
1.7097943339906048
1.5668232835740061
