44.392307264322646
-24.817528671197152
58.61721133260483
-7.0930240904758985
6.840897049679863
1.4041966790036382
2.4110619979531887
11.050302296062618
-1.481463517477637
-1.2531840024319987
-0.09773791708767104
-4.094636927500402
1.2519042299275185
1.7883771223739338
0.23487310991502547
-3.1479012802253794
0.12120452714239516
-1.3390587828986922
1.3809522845627353
2.405538181776651
0.5891848016935247
-0.5763380759267198
-0.35900980652691256
1.5249111204097716
-5.288200307979863
2.1375714331481674
-0.5224764721101822
-1.075378735696982
2.1389570264249613
-0.08323295040582165
-0.27039055338466356
3.2166221080712942
0.23162029750377838
-0.06606948110602015
0.1970275208751991
-0.3225526396776084
-0.2671371060451757
1.0611238960505667
-1.3245668275284173
-1.137956687893203
-0.07896713542168475
-0.45331001528303827
-2.631999171586517
2.2538470506699935
-2.130152795242456
-1.0244430294008846
2.7762739362753774
-0.8326158141834561
1.6648894271549426
-2.140700322984323
-0.6499146878946466
1.2112679754499245
2.2142023867559217
-0.4976507945347244
1.1590791655288202
0.969046692997694
0.03353219392628959
0.609132245165227
0.9894886665733335
-0.14381384979521705
2.3579375928633444
-0.7391827945184323
0.3551396736778175
1.0146980803053345
-0.44960425767400153
0.10226039646222473
0.9475172083133988
-1.376728754689447
-0.636177297534477
0.277051766231781
-0.7516932204759287
-0.2290036059258893
0.12215260293314349
1.2870103151594292
-0.7716973084394134
-1.1644665786061692
-0.3668717219040324
1.7514002018351587
0.8357072320139226
-1.5959469386008767
-0.5065055934914195
1.5915698988997977
-1.0226476180884925
-0.9780243016787267
-1.0535122319617158
-1.7976321107602369
0.31600919181331766
0.8801775759099577
0.6045577743866127
0.3707056317465431
-1.0014243108741883
-0.8789514588974117
-2.1561348330530024
0.4542930085750353
2.973920086540363
0.5868553770096798
-0.4510338211594063
-0.3240889810980527
-1.5883427048730037
-0.4063080414585262
-0.05358356594515633
-1.0553507553489037
1.3543842212879662
1.0427118446026125
0.8247536626415277
-0.09815000811726435
1.3656823602915942
0.8429061918815512
0.2824824502635223
-0.17540274175216586
0.37920000027874556
-1.7510733530120248
1.9958890580258342
0.6660628891120264
0.767807780087731
0.651383809625447
1.059474842817331
-0.5921873368974298
1.543641510714187
0.26650900875439615
-0.28221631908104716
-0.04861347872271905
0.9182491194002929
-0.2726111798332436
-0.44942575703835247
-1.8340857308806047
0.4097919412323686
0.34295793909064837
