30.598692276451597
-64.32623686648886
-24.65755741433295
-4.754518012723235
-5.090832658329407
0.09114719584121977
7.887073421501137
-2.1946968030656104
3.37679661217871
3.1917995720471843
-4.308638630386337
0.5988453788199146
-0.36946124141859266
2.06416828565419
-0.6329924252222274
-1.0524367788620372
2.941374147256343
2.4341316724848197
4.484604801614729
2.0358663315306695
-1.3720120421053652
-3.1096837539935005
-4.2047899064878145
2.479372152989184
-1.127170884041352
-6.365339274588557
-0.8190904927824197
-4.258187141021683
1.8676797616534773
-3.66504808734957
-1.6395472714887163
2.5705425752669457
3.1850460077507328
1.877985411785058
-1.1995322687761802
-5.37398379599294
5.561444705322614
0.7353934497311038
-4.3922630772716245
0.03409274009743336
0.37394632913955916
-4.566077464384824
-0.09900652453402853
-2.405884637845132
-1.0880336167964
-1.3946448349473413
-2.8395201204628147
-1.7989073012213113
-1.5189600813282116
-2.402907576345124
4.267409605506475
-2.327366587237584
0.3071517535765417
5.61180908175085
-1.2672445504756873
6.576893465231155
-0.8694942625087638
1.037201171606562
1.444911024431267
-3.7385148308648586
-0.7310946188459653
2.1834555811087073
0.5766513966501352
-0.8268767238757109
-1.4186397589500364
1.9432740636868995
2.021092986740046
0.2883356105585373
0.5753563913411361
1.118084346594981
1.4635908380519542
0.4854141244246014
1.1231611013529867
4.48450373220933
-0.5090233332921312
1.4755769655929838
0.24875430919386748
-1.0987166841276739
-2.3369017873503353
-3.153301069486884
0.593326929363533
-0.30392207839552376
-0.8528550497838409
-2.5512236816119023
1.1917173714638247
0.2067380531963626
0.906610759043059
-2.699718535003395
0.8990170489624937
-1.6830783501514286
-0.3782309555743003
2.4565149863172127
-2.1131286073077047
1.9820049576003096
1.5415784407447646
3.5205764466255975
-1.4260865154870699
-3.3914143580965908
-1.341765249211475
1.211658391139234
0.5789759592856187
1.5008547128418193
-0.7336180795420281
-0.012590906606580549
-0.11359629293708712
-0.0693976829157139
1.48370018519597
3.1519695763904707
-0.0904827454374282
2.4163237262730615
-0.7227457953807559
1.4787754354080302
1.857583413688499
1.5914433489650688
0.9101476833455704
-0.853577264725663
1.3486951805513083
2.3844680130171967
-1.979752525616465
2.759281052028981
0.6206257017038848
-2.1368305078652017
3.9304250722553267
-1.7368708296461692
-0.37822118230684326
0.5511453789484227
-0.10321169202400221
0.5510061956280132
