-40.38005715842614
-0.8205382217609524
-1.829475244799589
-15.403174189990322
-10.31868168856542
0.7603387615993615
-0.16853051951266418
-1.3393747995996792
0.08428840281826
0.29725724349757754
0.0007713617398556055
-0.41771057563775077
0.08659059169090862
-0.04165818557825775
0.04778460128435144
-0.8206691214549936
-0.13321456234852447
0.3097316912954675
0.4561525089497046
0.2767418704280151
0.22110843809714922
0.43848131338496676
-0.33528136825592625
-0.5210937087681169
-0.007330491085598065
-0.3297811490019531
0.2011519664463018
-0.2779650329334076
0.28382608181458563
0.09897687648198518
0.15791789714987317
0.07330845364218792
-0.0981219946472207
0.4909740756258987
-0.02187989964526558
-0.15766193432740025
0.16025995942376645
0.25804452076047296
0.12175527419879142
-0.05261048401254231
0.23791051007245032
-0.14491853189026255
-0.024627514920762025
-0.3957678533576967
-0.32017473300516347
0.016754190043572453
0.357267803508963
0.1770060520806152
0.12016628645025067
0.058578103873885456
0.26790124491046835
0.35975762698918934
0.08339053912431243
0.13508139470288022
0.334834120968838
0.19144163590071703
-0.2848336884462106
0.1770063414016703
0.197149519374838
-0.15879428994080783
0.22169754434953398
-0.4241710823374424
0.28466790940902936
0.22539520923296613
0.3752155447864998
0.010678587837240752
0.028843448990771077
-0.23656976043197914
0.13130031919280166
0.252983891025859
-0.2739962806053807
-0.05445131693496454
-0.4645540280339393
0.1932421860030394
-0.2536950921476446
0.10063503254626524
0.20900293413919863
0.5153950537050231
-0.07973392800837856
-0.1937520633598986
-0.127181769509845
-0.14461703654092933
0.16281473970250987
-0.07371682589789025
0.0006073247436229924
-0.11623144663685459
0.13990981514649653
-0.2655904799251599
-0.06129649326328234
0.26464812728516734
-0.26942193039828033
0.03137271723009874
-0.08750727280542821
-0.12871130226585403
0.19950127894449327
0.14832820164562627
0.1218748949506171
-0.025173641554588344
0.12635342487624357
-0.050360481586863154
0.3478153990713493
0.1508859346523962
-0.35429879771668715
-0.17603731887106944
-0.24234167754507946
-0.06719166485743533
-0.058885965028822825
-0.029434787844757126
-0.2129731757862776
-0.21049233427957412
-0.06764744682224394
-0.09632757091690781
-0.015695451349165543
0.10166051208080212
-0.035265871211593386
0.3279968684215084
0.3320643017837633
0.04190418487569009
-0.16716467181831585
0.19869274642288112
0.174266426776365
-0.14595031835934547
0.22387524603074033
-0.21401416158324202
0.12078109119460878
-0.01953116127169755
0.2585076431604473
0.08698705373141584
