47.0210595827621
-49.89400092754525
-4.8021589783422
3.151701248145878
-1.4111475080372937
-2.6251339050135876
-2.1767023444296347
0.26297766842958065
-0.03771388056943059
-0.09398056477369587
0.3111942992831464
0.5757785874613989
1.2182837769278705
-0.7611644879382132
-1.7924606213862133
-0.17551814602889515
2.6332147013204565
-1.7496497626523575
0.8679828711295826
0.4193685367515698
-1.205444681634322
0.2520030690940303
-3.7888256662166633
-1.0276258898953006
1.8140997075566387
0.8700387906622575
-1.698644171635521
-0.5303083671610905
-2.4439867499411028
2.823241020301083
0.5184923842763274
0.032868521157866246
3.4583647843569922
2.3596490316846976
-4.200165691950086
1.8999572413691799
6.13313791046057
0.5840556329286137
-1.0656843713858208
-0.2745289050602342
-3.7423111403100227
-4.935975481918644
4.16003240660272
1.1153094048555443
1.1443613481468553
0.6323604546847862
-0.6779548569668866
3.615642452790253
2.19319587191833
1.120383365118691
1.0174694039039724
-2.908274932105969
-3.1627977603826802
-4.690102694387908
2.5210285008518283
4.279287444165213
2.1143399302822123
4.050312081606671
1.8650220692432904
0.01675870928982337
-0.3192750857787943
-1.9833761502074267
1.3797333488694046
2.7976470002098783
2.8721104357291596
-0.5372017219336218
4.317745841596498
3.058853186255649
2.162147288306643
1.6897128686984617
-2.9318166152899305
0.21869023776724536
0.40375757417992036
2.480696861654066
-1.4811280591292766
3.479507100950811
-2.2301492132670924
-0.016353199828192472
-2.172343025660757
-4.683097737682363
-2.315182089208893
-2.521685360539881
2.4936246143114453
1.2724733914086768
-0.02753904207383319
-1.4126226260383796
-1.225954548709653
-2.085402485060282
-4.004603086662765
-3.923352472782794
2.5401140646244613
-2.3008970124496297
-2.2450049869465114
-3.373758128268412
-1.7856701827492665
0.5940110272178183
-3.2079741092704097
-0.09524250341381561
-3.5205484355657948
0.697803156670966
-0.00844993959575413
-1.5661622617725357
-2.4986513466855613
-3.8618354287934498
-0.9271140409047461
-2.937094588937156
-0.5655558503659823
-3.1060000720690035
2.8932034002983893
-0.34860651762596634
0.5785723354341773
1.9724746539372755
1.477123972374423
0.528036803811786
-0.6951284900516449
3.7043922379067227
3.53238556059016
4.685056615992484
-0.45598544840476196
0.8946728163781359
-0.6788682101312454
3.425548900492414
-0.9117300422459921
3.732198708541774
3.118325741397921
-0.19756374505822905
3.044275699417522
0.3862791475485384
