-14.568366195494745
60.29978885237204
-48.138348293337025
9.999821111964255
1.6064386780288618
-6.697775905382591
-0.10614052441761693
-0.30351327402381634
9.821007183161166
-9.104234023439199
-6.6068304815405785
-1.5330312585165164
2.4988068121856215
-5.118811705570454
6.867338837302475
-6.065787014218538
6.018382340348344
-1.9325938438023464
-6.09572937828882
1.2699530863966255
4.617200692772655
-3.4947807349939226
0.9636089250099488
-1.9374086190272242
4.320784076603367
-4.573880621377525
-3.2795933923943266
0.9287929991276327
-1.8346851598869929
0.26062751966038666
0.8474409596661309
-3.22178794791857
5.166020640510413
3.0958688492182413
3.176794880024146
-1.688262829223899
5.587601950500939
-4.30003909329472
-3.4949287420008033
0.9134930889397684
-1.0270386607788717
0.9689389925422925
-3.1231948756356465
2.026680869682121
-0.7294494058479355
8.47519735312769
0.012375740928392023
-0.8202357622440629
-3.9131849729488866
-2.630137842463456
1.34563073031492
1.085516031536173
1.7490591580857056
1.1750773041055853
1.736556580663819
-2.8220296672160945
0.07889411139402588
-3.1783766347974423
-3.4707196887452523
1.125682409151218
3.997041053933417
-2.4759876562452776
4.113986570566851
-0.9603053352363542
3.1314310763666344
0.5566765117206622
-1.5785572628735274
2.0277510691077123
0.689971577454256
0.21631727562354303
-1.4404500902730148
3.437417542444454
-1.4836824321775017
0.3166306084132501
-0.19985157056823982
-0.948474236466464
1.2438613454886391
-4.8794084420258175
-0.8067328031078258
-0.05198566226340329
1.2938149743210494
-0.23377819541744438
-2.9797597816023873
-0.7696398028426592
3.662793417592548
6.853019463892016
-1.6952438086995958
-1.0044844392293166
6.329644641466125
0.20147871794226124
0.3725188140928555
-1.0196482250982395
-0.7573231267431902
-1.5796659723293065
2.8353218820557333
1.203478414900299
0.02075200945217212
0.9704889240361416
0.061957199028768895
-1.121076563093218
3.9909735261425863
-0.5015889946455607
-1.2257574298216076
2.751753884614094
-0.5335576132194197
-0.5801348918418536
-2.046019621097034
-2.4879984564279534
-2.901986287214491
2.6805114307910016
-0.7993676233105
-0.9127248783853908
-0.3125532044929829
2.1854435435073203
-0.5542351504694794
2.555249671412879
-1.0847679214140182
0.62586305072308
-0.6173868354582008
0.8165212524192451
0.9202076068853249
-1.7860774477893093
-2.134833615486118
-1.389923467775452
-0.5949373433801155
0.6559763802571453
1.981968438094585
3.556340981725672
