-47.489884747178465
-27.778280533111356
-20.10147111861135
-7.671446314973243
-0.28056383485679876
4.087035121000741
-1.434145419178838
-0.19514767802088578
1.3023889478552644
-0.046228276573413274
-0.6876170318036148
1.8552789997330956
1.5620648942478015
0.29647237883500177
0.25235800906466865
0.16940427408084568
0.16338252881943577
0.9780752583875711
0.9761147493634446
-0.28598252114619344
0.6972107501613991
-0.30654753177259286
0.21891790938545905
-0.5399327221247948
-0.23746350781178416
0.07351508423034198
-0.15864663211570773
0.34281701399458286
-0.5165056678408916
0.40484134390736576
0.31257605626137996
0.20623921019799654
0.16120568299705296
0.12657090458915937
0.09202544089511408
0.09039081651096678
0.07341022646743649
-0.22147338879956208
-0.15086569644329711
0.044840349746880726
-0.29909650812722505
-0.03083067731551889
0.10623288483354631
0.20411971685225033
-0.26498021908791064
0.09823590611694726
0.1751832255491556
0.11186652504195896
0.3546229681893367
0.16233008334962637
-0.030450379690656795
-0.019093706781049075
-0.04007156621695859
-0.16159887503196013
0.03348923665238929
-0.21589449790877766
0.05041466801412997
0.4953095185080836
-0.1365586793255507
0.24236377991966557
-0.09696946707983814
-0.17870688942018476
-0.2625734016207129
-0.20092043343243718
-0.0168749869789659
0.11252151679722414
0.30888418953649543
-0.14700230066552694
0.003136394943954776
-0.025331253199470688
-0.2643410604668698
0.4831423116503196
-0.15394223065548496
-0.2008572632359007
-0.1482668873105322
-0.2675923865978662
0.0023813029899691328
0.37023583118174264
0.1827203447301282
0.11126388870466883
-0.31432666771793116
0.2576628805871872
0.137569482307803
-0.2524775948773853
0.33740925487258594
-0.2188903876254079
0.022786752486958196
-0.1420498875840686
-0.1505937736244241
-0.13782722701266478
-0.38553206441623883
0.07025723452141883
0.17178484507488265
-0.09085895616764553
-0.01929387521047978
0.08360326714543126
0.1077393795683862
-0.1410149837382443
-0.06937378282098602
-0.023509606610556344
-0.00344318127439458
-0.06569974005779293
-0.11772088780439341
-0.45836763356737426
-0.11159491249978999
-0.21954179247949596
-0.3414279703659273
-0.2808485791769797
0.06032378586958608
0.2855290425771032
-0.08993564705324969
-0.39259906586876403
0.25650647248549224
-0.09281549997186749
-0.24232453122646574
-0.1413184721422837
0.05363516790614559
-0.007813978894257369
0.0507085019733841
0.07058650669337074
0.06957622635418179
-0.11211678690561619
-0.0063381877453648205
-0.19798986760009005
0.17417950090529755
0.007037346597211558
-0.02727538712032713
0.007580063238816721
