-44.74634205618426
-0.40195008471038696
-7.780919563080716
-12.48095699940836
9.327494713802311
0.004067275584596125
-1.6003893354871392
0.023772692720257976
-0.47537501080664774
0.15525424204837254
-0.17669348116232092
-0.0149023019376259
0.3848190134679268
0.38817963637682834
-0.3176803725725416
-0.1897626180088343
0.17415291363449692
-0.6018919260571837
-0.07702967328872705
-0.467598736934068
0.5698219972267649
-0.14217106159070275
-0.34546919398856335
-0.013436027155737551
-0.13266449787578366
0.4448665211204378
0.3838216238710866
0.353420206298705
-0.009964487885572498
-0.1790201776399415
0.0626507445728394
0.20493433592021545
0.05050619510013699
-0.11165758766612974
-0.10783894008435019
-0.22061874299794573
-0.5090297809821819
-0.30039752403311243
0.06059012871170776
0.20188518501699704
0.0985036069108586
-0.21915245148771642
0.08637247503246885
-0.09443080657224504
0.2805910447461261
0.0477103482581674
-0.06367566125298726
0.08604281411248088
-0.3716961111451731
-0.07213659901790108
-0.08842249545042963
-0.04683076901563241
-0.05119784867916935
0.15885994128876876
-0.03502107323003884
0.41728222770302037
0.15636484279461635
0.07705770943745566
-0.04468730684411347
-0.11741608563673996
-0.06407717211777036
0.040295411200785614
0.13969577519359214
-0.06939738004210673
-0.08523240831047704
-0.02168205678336914
-0.07307241408692354
0.45893540138992794
-0.07468296356029896
-0.18935219951000992
0.08986128122120476
0.04736704436570569
-0.09481426628537182
-0.1046913234094631
0.18381126559263633
-0.07105635210242969
-0.11748886837030909
-0.16253530218418197
-0.05335625313613554
0.005166475907761807
0.0597500820540434
0.0682831536326276
-0.07918065634530685
0.01345547534774049
0.08829636171386991
-0.05872606485892827
0.07051255825078626
-0.15463030575569395
0.39201422135342895
-0.2474249036474212
-0.3247480083142844
-0.25808956959951884
0.19696610920465
0.02221908415855691
0.1973830483357228
-0.0453150729112977
0.210178273732182
0.000631368643263859
0.24704638904852444
-0.001370700662865442
-0.062320708269890335
-0.013106175758740637
0.057446116728841895
-0.1594732190033411
-0.028564094868670335
-0.11356103702756437
0.2739079210467225
0.06809113902970887
0.20976367138774904
0.08662880695604354
0.15775472772246643
-0.018078538006859664
-0.15881848297145104
-0.15615064555809915
0.10681628541465923
0.3442656093289649
-0.1121812499560438
0.24597355677671798
-0.4282796877582535
-0.001111905328094194
0.2413702033649858
-0.07505075293771363
0.10120877844630406
-0.08905800186701743
0.10731333263420113
-0.23889392214083516
-0.012416869349648797
-0.03645429532227932
