19.543029554043187
71.50988542012482
-26.955367388171382
8.193023206958433
-0.5517241068854726
-4.28101073703349
8.309582888945013
-3.27916186934589
1.9197392698499511
4.105755594054055
0.4660136288840186
3.8679780227176015
-1.2352865544444864
0.4613731157118661
-0.04631961990359379
-4.445390304479857
7.9715344377391535
-1.4859158836946709
-2.5595007375397545
-2.847156796877782
-0.9566690347304757
-0.956136333097939
2.450778755157582
-5.333211892139567
0.19775196368641468
0.3907357712098785
4.506121542155852
-1.311442012529625
-1.8538459107252336
0.29222639630929764
0.1139041348341667
-4.342718558717896
-1.8870283602654854
-5.117863149644851
-1.0937350716460241
-0.9203960147747514
-1.1379683764853619
2.8901013813757808
-3.543715783358655
-0.2728340944515832
0.003227765646024061
-1.6928273595058712
1.1232564257689233
5.876787729905904
6.9055483400360504
1.6632019383826226
-1.4640067568122486
-0.9110606708876756
-3.4226761232649388
-2.638869027137759
0.8490786385533579
1.237344254092351
-2.2456376536610545
1.62394134004051
-3.2788504622619197
2.2950194124194123
-0.7802131834286042
-1.7984286910809286
1.1884413405698184
-0.9914704525495521
0.6121331031353978
0.21599422666399848
4.7892154714025565
0.9028718224164914
1.596306893149708
-2.7753720172420273
2.621869310147145
-1.0578064846999564
-1.7154695639583462
0.9394264125595204
-1.8282771990041433
0.20996988892238239
-0.7014708742806075
2.055532420392807
-4.926667206000093
-1.2127065241670059
-1.1344946845177664
0.9879893955575676
-1.1281862787279968
1.106275013964376
3.8823547491433197
3.2951057637987513
-0.9857511342365702
3.2823920422868067
0.2800681036083738
1.9436220409169371
-3.3832599307223217
-1.3127533152649034
0.4052622405174811
1.9413313551906632
0.9114633099302393
-1.1598434318005804
-0.691604088648029
2.733460278902538
1.1878803801277396
3.739102085889455
1.1236449808958158
0.3435412824527254
0.15759194327877865
1.3578877432055616
-0.5923720478501464
-0.41932660062695215
0.47538181699300475
2.5687925406667045
-0.3291870602161308
0.336304640833492
-1.323011736997077
-1.374664900006388
-0.6924753091181123
0.23516491028880027
1.0590139773498684
1.3944360311734927
1.911710519983936
-2.338472831922196
0.48069621843485544
-1.7823421526652656
-1.7552655961567614
-1.345716046903798
1.6087809694267812
-2.108011579251323
0.8106461266263629
2.178673489106588
-0.4435718771250895
0.393614775748366
-1.8841181908823237
0.9537829263232473
-3.417216379019153
1.2165198900659653
