-45.00205568258739
-0.13876538890652199
-7.454561409393318
12.468952239440254
0.044893712758035
-8.073078304164326
-1.8583944830078991
-0.7980652365601295
-0.1504616778141528
0.16194768269539778
-0.4352456793645163
0.5104504237109382
0.41714286647106735
0.36626734167427366
-0.6214432371283848
-0.015218203330546298
-0.5096392897793254
0.5045508485297922
-0.28756124463208005
0.0015472538222940369
-0.13611474984631491
0.03892382512061572
-0.26702414079642145
0.10033005008816483
-0.004829773234322109
-0.39450657960559044
0.29810169977256956
0.19359726339923028
0.0960922490342228
-0.09423328421385761
-0.10260105866144646
-0.09085627590034762
-0.3132965620610489
-0.113257261504305
0.09253571851603493
-0.4366858287437091
0.0250808439729924
-0.23852483372793068
-0.23037118934531695
-0.42055893649690435
0.27839235178707733
0.1489406325812669
-0.04964710531058001
-0.23732211698921812
-0.1673625334622712
-0.34712876288573863
0.13001748139038405
-0.12416870304385849
0.1470191595729463
-0.18793114682614062
0.10904799224910715
-0.1060332191779791
0.4124856422435801
-0.11882652560699736
0.07205172205384755
-0.13225613119982088
0.08555607736556901
0.18103265155613243
-0.1730984604143899
-0.07978768885281763
-0.1598093152765851
-0.19096700184427487
0.3095888547864256
0.019596516843258617
0.08627079050278091
-0.037501676562338195
-0.0652469603707539
-0.047225975728327485
0.13781243194476336
0.11191654449586308
0.05075254815273738
-0.05294411111287991
-0.3440454533632315
0.10414021543939368
-0.0015602484398165306
0.08936844279718303
-0.180839134097422
-0.08107931017043793
-0.24994209263210393
-0.09129198918891138
-0.1632468818582961
0.1174350912765586
0.11629558920217363
-0.3030457827080304
-0.14160773037584656
-0.2902023696436751
-0.17464143628042983
-0.09935320871716026
-0.026296648571031138
-0.3876761889123115
0.1567484814288414
-0.19360104290578553
-0.07743669633953293
0.1401936554036787
-0.1117644502777521
-0.006188370587719677
-0.024802083447664873
-0.015077090531921064
-0.1716692774324552
-0.12229790932826357
0.39476069734547437
-0.25139787333614805
-0.17653778305492457
0.052584823629579586
0.18958369833559782
0.12270839615078243
0.3005917453143978
-0.10363793934654887
-0.08472876652515687
-0.019761290482745192
-0.07399052453754174
-0.0567410354698949
-0.05352208515704414
0.0013271033485874814
0.09637692454129196
-0.1680317887503432
-0.2304727389171702
-0.16405436000191406
-0.06438936998749649
-0.1053021853003633
0.077668266669358
0.20291891422436226
-0.33484061303917867
-0.12161811166070927
0.38901058524955734
0.20055312257557534
-0.05686753707572624
0.045746934913953145
