48.31076724554561
-47.475380824556574
-3.68571693067986
-6.199047042884142
-0.9176949032008901
-0.7493720330597825
-1.1950489261597266
-0.044799889116295136
-0.8844431263103855
-2.6388547626430308
2.942165475631394
2.292979221299504
-0.877037332428939
-0.5192276214994007
-2.855656723969746
7.758782571027468
2.364692061697891
2.5029841317532933
-0.4595329177549642
-0.2861450643014053
1.0488435198053134
3.1797891690900593
1.593083304308621
3.3169293564394016
-0.38518611554932125
-2.8612299207256178
-1.6543965548185948
-2.3709381564505643
-0.5710093751041179
5.444890287929711
0.0647405554967275
-6.234940693795793
2.4471729659519186
2.4353111233815548
1.6773780416803672
-2.2301250895814237
2.9667308283164497
-1.3270871360876813
1.050124086123997
-2.5389984676829735
-1.612405090896084
3.1774067501841716
2.784275338182262
6.076006969389703
0.33653815785987895
5.370791994559705
3.988593420802799
0.5688240129152479
2.0803152142304153
-0.842592161136701
-3.1773415072361604
6.649628714479445
2.5760071820952617
3.7355790179994877
2.7223327175386913
2.784261131194479
6.049253490865935
-5.367539075983986
-1.147637576172905
-3.7076045600919407
2.1643860688003844
-0.9418741259812784
1.2941738663536748
-0.6953684190474805
1.1412472648099254
0.05015043136552591
3.6784376155742073
-3.883687758543451
0.0733358830260623
-5.995943019362358
-3.2732748827113456
-4.965319638781147
-4.472579631174246
-0.5612068995579749
0.16683065183877854
5.920837922888389
-4.567626569862074
0.8444324311718169
-2.449451079102454
0.013699780155657745
0.11435857623510642
1.6731035559975493
-2.065701294254628
0.09232314002541715
-0.6673736027048225
-3.6663860888009303
1.4955059381082207
-4.461580064735402
4.6979471785703195
1.5225872600432628
-1.431781862169948
2.655452816989639
-1.2082648268001774
-1.677049335099655
-1.086612423546522
1.2673250810988077
-0.055568249559494055
-2.478520668291547
3.9769167731913257
-2.3700120053324545
1.624313668432739
-1.4416047700478432
3.712796291208295
-1.1180609137638253
2.0311534892631258
-1.2243014212454946
3.1205574567536516
0.378032119224513
4.272797592715439
-0.7069347250383748
0.42638655250583096
0.5505978490086684
1.7349037113923922
-2.0989913652684913
0.5883273926604073
-1.941389817444127
3.3014478173017063
-3.4647589802223826
-3.0689633204534497
-1.092864402822138
-0.8917752921956278
0.2886670841888809
0.3586621938833898
0.11859595742980499
0.24276931185567133
1.062601186676703
1.274687667461768
-0.971333048760036
