16.243372481333004
76.35158512000302
-23.998116365110818
9.260226286689848
1.3473673074201722
5.0640362200794335
1.906739342877064
1.305425443519829
-0.5236805314056172
8.184332159299597
1.7598508970291478
-1.4060909161860173
1.8405681412093287
-3.837198577829606
-1.865810394593515
-5.204371452526563
-2.729886442884417
-1.5200741343669337
-0.9804516196311115
-3.5481696891359777
-2.692562300923028
0.7611644880265787
-2.04572726770784
1.797965787155011
-5.8867217053377905
-3.800128255789239
-1.7422208691079855
1.016259097203356
-1.355973787163176
-1.3753824370105479
1.248279610246008
0.4110986932787629
-0.8802837667322525
-3.1414025334931717
-4.11125737666366
-0.19431505035078311
2.0211933632367654
-1.6355718380033601
-0.4767502614809432
6.4651287256084276
2.646552224795421
1.7701972878683987
4.491858987803895
-1.8932913116407433
2.1098792940088877
-0.6243815455887771
-1.1461606731748055
1.054751745639311
-3.0962107810358743
-1.7330248258474146
2.34412601612694
-4.095951564417501
-0.11981681689786824
-0.23097801946239588
0.8096377969501362
2.910981410235245
0.4386654845212986
2.3312913326421616
-0.26349684678923024
0.6271447624219165
-1.948408537649701
0.23574448991437563
0.6764818732672173
-0.09723259595889228
-3.273664701843173
-2.1059726738556575
-2.0541896064484813
1.9193602342486373
2.176311618375657
-4.653397421276672
-1.6733968556501058
1.2315772931446118
2.735748828653115
-0.437899497316926
0.3223385350996901
-1.200009457275231
3.255210097546082
-2.8333950320804564
1.1828491467491635
-4.308760864374313
-1.6102623508982674
0.7237124093439697
0.2848206667172799
2.5675826584727686
1.0407282392326853
-0.7115620326613026
1.6067664607428847
-1.7872920962342829
2.9093998997905284
0.33384723177792697
1.900971336201503
-1.9021507490162217
-0.8992537890998173
0.5212528214725967
0.5903221618997166
-1.8757334440937308
1.0682256987195764
-2.29838172040432
1.6534294222187202
1.6264580187943984
-0.7953943193149041
-0.5240554243428254
-1.7954480050185075
-1.3008709743412543
0.1697943382843132
-3.7316770610322263
-0.22789668978294939
-1.2168819692055648
-2.728330102168865
0.6974306544373416
1.0216444378745426
-1.0063153789437957
0.7891773699131739
1.3994729200316474
-0.33679193015024633
0.5596270285514626
-0.426175156297972
0.9806371364886135
0.08912431033638284
1.2850454369097783
0.053841726161803743
-0.48955956578078424
0.6301852981984912
-1.604311009101941
1.272286351736576
-0.43179309067159427
-0.929315123438182
-0.6652337839526811
