-44.851329574674985
0.32792486039712887
-7.205156617910469
-13.00790705220285
-6.920533060376572
0.09359032951429226
-1.1352489960821397
-0.5271996469422573
-0.8454408536876935
-0.6287053113156803
-0.17525656006933363
-0.05343996298439693
0.43177959016830597
-0.24381992265192437
0.11948539448962303
0.10364414487678765
0.3677507966268533
-0.47906666298963874
-0.10695932282542057
-0.21467151868374196
0.3011064889628561
0.15549594323973473
0.33991581410456584
0.3100536614077931
0.0443574187019546
0.03140052100499598
0.41668229646065513
0.3025771676040103
0.49449164321307226
-0.08143391328182803
0.48661214412112364
0.047163421435856716
-0.1396077691393701
-0.20130552163750698
-0.10471668863883785
-0.47853486493146247
-0.10211314389202295
-0.6192719566940222
0.18847539496530516
-0.2301733445866245
0.7108602830299497
0.12019625908240611
-0.13026966095767703
0.16520007333268127
0.5591954388544071
-0.03310597359175743
-0.09531065094025865
1.16725605469477
0.2127870208685641
-0.14232153496626604
-0.443713673126647
0.12016184350306688
-0.05841993595496016
-0.05316496569089636
0.1180661774902998
0.28022413020087344
0.17816281134744252
0.210307247333603
-0.3814220995299941
0.00857978193012018
0.02498378485251415
0.10442842857086931
-0.330731092429413
-0.6476753501709448
0.17452673204460817
0.2682053539826255
0.43481376642631847
0.27003306312439795
-0.043039219930523134
-0.3231307439667954
0.04175326493763014
0.17300874476802727
0.5430537581147419
-0.3055037247785335
0.0503970420812183
0.16160820081722424
-0.35403772862409255
0.40473289433348303
-0.579887386404669
-0.027714641697149833
-0.06666887558356474
-0.014103189164841379
0.07417921718074434
-0.33270026601142316
-0.04263271358654749
-0.07373851444929519
-0.3467197239442346
-0.423663152637712
-0.1496135374790329
-0.6481673888912819
0.18994124942763319
0.47251772696701805
0.4663375877952135
-0.42525706225559573
0.5899750861677477
0.14616717160241
-0.05384881497829426
-0.22031963594817436
0.0025172825286869528
-0.014546806960681778
-0.06048946622030168
0.03428392231302087
-0.08566345114725506
-0.1139183298163986
-0.6937925896227751
0.0791207898478537
0.3363115580553205
-0.10324858524258558
-0.8076733269505338
0.4341749177962229
-0.015900250687789143
0.5094615274777479
0.21071926056248444
-0.5465626334109569
0.11522384052820019
-0.25127386859316186
-0.25596290620791035
-0.17871447143955063
-0.1872107031081915
0.05355330757999324
-0.03755086218844476
-0.2512761091499109
0.09515682597394572
-0.22871947569972753
0.06483801716097684
0.2696975584099597
-0.10366405325982946
0.4903348713022327
