74.94362360859986
37.03406490875828
-35.59143469052591
8.317639747010066
2.3171098151593315
-4.4912099833970895
-4.137731778900071
0.5884440905049226
9.850493170068106
-7.6311008913114895
-4.437165390927553
-5.7997685564581225
-1.0474178428597418
-0.8767285899002275
1.5794305884242825
-0.5007426123551305
3.106872681971965
7.780718823667299
-1.7452455973320338
-0.3925812332165136
-0.648842851650461
-8.029833703006785
0.35055422681731635
-0.5806794401969115
2.182405355399192
0.2644757399993247
-7.230382870069377
-4.181623968489992
-0.9812248196049473
3.971023357179178
-3.336425619082766
-3.8321046169223427
1.9941182150563632
4.86685921779569
1.730557418684449
1.1059566983512468
0.9163899341818675
-3.925968137459169
-4.361071322224441
-0.5963747262122329
-5.170789013823679
4.414504822089587
0.7942733658898964
-2.7095728002294726
1.7914357935824428
-1.1195485465271027
0.9120511464299114
-4.898072284998477
-4.217644478632958
-1.0190918629403738
2.6414140437948714
1.7194743508817145
-2.2313924384232537
-3.0045604157162855
1.7750996474803151
-0.699209759228145
2.9527910376121795
-3.252406703376815
0.44197410926190683
1.2947589552883185
-2.2167244721533317
4.202810778452392
-0.7151124329211935
1.6265526016082574
-0.46849078690457796
-2.6479514128879655
-0.7025368043925659
-1.3878762346495543
-2.3044438306990687
3.666792129929834
-1.4275219287600256
0.29437623676153685
2.960205889689205
-2.478216449393841
4.596973530010939
0.36701613921959464
0.12632078841439848
2.53062727539028
-0.8438258157085375
-1.3709688735268708
-0.7704630655081516
3.2258944143357797
0.13854771621417855
0.6215110289803722
2.8207875392562443
-0.7872792745269759
-2.0707649699416857
0.6920178229333588
-1.1030904476520254
-0.8438611464492857
2.3776124773566356
-2.2127673705886703
-1.3371315731984257
-0.6660834588804436
2.4396214768951276
-2.662956322527154
-3.9968656051852673
2.0099960472137486
-2.192988847769732
5.859917389709408
-1.8680886663763079
0.05997095407019051
-1.131305517743596
1.1148932456373033
-0.2845491754731656
2.862079972152721
-1.6505541295828452
2.1641650331987257
0.9045985580988134
1.6626982593471986
-0.8987775735812685
0.9970480355814256
1.5315726464810915
-1.82453451930767
0.19188747771475032
-2.7445470447252633
-2.0321313784474446
-0.7113042773418994
0.7964749595588233
-0.9752801449960096
2.048168005822968
1.7636164271600816
1.466939184685234
-1.4918664606098555
0.6112588029600903
-1.2395955212965626
-0.4413321763827235
-1.3696853635877944
