43.508030967739316
-58.848036008044396
-17.080367223150656
-10.830551062692695
-8.39669703246738
1.9034457521630883
0.44245297049723376
8.33341423121459
-9.89039988964771
-2.145389673547047
2.957828589203846
-0.8168016857822857
-4.4533376229462025
-3.3883715554842078
0.7807632163399518
6.478558436083366
-1.6075150939896512
0.3021434636854805
-4.422671014699614
1.422772679580532
-5.6039477915756155
-2.745784288455203
0.39896874213088795
-4.05225342322605
2.6635004179371324
1.2808958583154038
2.631331804580526
-0.21318432293421222
-2.0982926820312704
-0.9671806495157408
-5.002089928777155
-0.38776981382178977
2.005450121314368
-1.0098844872624246
-2.4982431098503133
0.6181043723000594
-0.8124943750565803
2.05230559401362
-0.5884393436532869
-0.5592710380884015
-1.67147482739728
-1.8101202377019938
-1.5325755150343072
-1.8706654182920195
-0.4773618386822758
2.8934274005371714
-0.14914777938993998
-0.26601161298138315
-1.7534580023294588
-0.8642870044045711
-3.241763112301309
-3.143410298735126
1.2746531601607705
-4.579237481666864
2.4586593386418722
0.08072057709097102
-3.267919119433334
1.3536814273307942
2.4325576522263517
-0.1394304272884745
2.0759882529106695
-1.061003356726623
-2.233006173052439
4.3465070483170365
-1.94554311951548
2.246370674233277
-1.8171816199353388
2.8495488507492768
1.396548017432792
2.6696146623462806
-2.0610757072739827
-0.04682967584928237
1.9198537531040765
-0.1702474952825356
-0.372590318025755
-0.5603009198308102
-0.8968732059583168
-2.8748450404007895
-0.3400748671068941
-2.473367853702771
-3.4774094993187554
-2.480454307496062
-0.9291982925318417
-0.7183867101415166
-3.1030649082476898
-0.14926559728274263
-0.9482576717323157
-1.1177818020492607
0.7143675719902487
0.22733202179360318
1.497344913647917
3.706811413057375
1.6761997793982695
-0.8074096179407512
0.5557047425486186
-2.7318873921289732
-2.7989586955782584
3.0867934979889946
0.5951761934965051
0.3950985318504015
1.4927405267287106
1.4742074216564982
-0.5049144157115635
-2.4358318763402282
-0.14052637105672477
-1.4054156388411396
-0.8654192363143043
1.2766283425602445
0.2806270887266983
-0.47772498079662984
0.33059615107315476
0.7698208814758151
-0.6089878673453224
0.01561847044988321
-0.5216823328766208
-0.5225180574165522
-0.5708330187184296
0.2219068857895218
2.1055263763194354
0.5702011934344756
-0.023351429523817073
0.3510274150907887
0.09538821628640541
-1.6291422883239448
0.3310210681404801
0.42744611094325274
1.213162748579962
1.211327402083988
