3.8160383575702723
75.61130518721329
-38.65495383247685
-7.8161145074497
-7.785788637478514
-4.100374241340653
1.9515159628421144
4.469241658755341
-1.0229572791781296
2.045342258108305
-3.658947399988316
1.9896902147575422
0.4064601527173137
-0.9924088292612876
2.9318465532958147
1.2477956559001675
2.094291163985638
-0.4033170368261969
-1.03468087228878
3.2046594830909494
-1.9423534143407002
-2.982830412309223
-1.7232451702875853
-1.72009341347646
-0.7074574574529814
-0.4225618235845902
-2.1752956754899553
0.01609904064767083
1.3776238812476076
-1.5257395670514566
-0.013929360768884708
2.176196577321919
1.4080815990594426
0.13090400211368974
-1.3156583570741698
1.3898356920949404
-1.187789807778145
-1.6288672178702661
-0.3970765945469474
-0.7457068983481845
0.8927856213148807
-1.2628642311878688
0.3547782831871665
-0.09510746699646144
0.5563026266277815
-1.4221172392013968
-0.17818852071295752
-0.5225973903888509
-1.8418712537943285
1.2116501361978345
2.0363803836583902
-0.4259497610591755
-0.8050260377557835
-0.06023688245674791
-0.00030951398573107747
-0.584676439769609
-0.3804868375022896
2.807173921446861
0.10896753779082452
-0.33238484234876037
-1.6859062079345168
2.005208315839397
-1.9437941065944664
-1.4859200303717608
-0.6842309060258884
1.4699608847394687
-1.2554448675648446
0.5599697746347753
-0.7988739262657953
-0.876493496336202
-0.019423021964070475
0.45526895019355196
-0.7243827818381265
1.8647679022966142
2.5966281757402774
-0.28896663035464876
1.028298630772757
-0.9950398813111887
0.881027395164448
0.7457712202482014
2.196885032856297
2.467237307978306
0.24948374267779772
-1.0772445203675716
-1.0835686994680964
2.6583413609930955
1.3172340241531648
1.3748153800689467
1.5585356063758018
-2.297059965011982
0.5299393345566501
0.9512221095543345
3.196074926672365
0.3769318983163056
-0.8238387302466867
-1.5172844475371257
1.5097140063248762
0.11928427457801007
-0.44503413022931637
-1.2675781778494142
0.3214380760202422
-2.407431736633256
0.9846517650249285
-2.537812778219069
0.027809006069752208
-0.6445488507824185
-0.7989295009382605
-0.5648512572663789
-2.419522290817146
-2.228495654380733
-1.6251393359267683
0.5966452250951397
-0.8654083154825282
0.6734925816899597
-2.198567477079776
-0.9670577509550136
1.5407164225620813
0.6045173913725714
-2.0968262309741936
0.07449569496186964
-1.0542536866874013
-0.8605222754269961
-0.2820231455591696
0.07948824051318706
1.4553578655849297
-1.255549973335208
-1.2505969445855758
1.5656089508511615
