16.646040608872877
-54.20108141017333
-22.34444791916938
-10.733246348306867
12.313807632451285
-1.6217539757268145
-1.7583320990377849
-0.6653281064045904
0.48539390369939556
-0.3408919274481453
0.28139504894545625
-0.3363483109661708
0.37359730626266785
0.41304869267800204
0.14960814873708872
0.03241974033024907
0.14401797887100418
-0.34744627088294766
0.04923074147046083
0.1131373479271309
-0.5123365283417342
-0.7128134432533662
0.14363132394303324
0.11924420707916741
0.6984676235998213
-0.06587022261772815
0.09105355983135169
-0.4504048330094481
-0.08809552104894733
-0.13631529634156458
0.11921597836037061
0.5495699196816825
-0.08607008755439288
0.0826662509399188
-0.12309647609004892
0.10121942211985517
-0.21977235065561018
0.30178813672153115
0.008838410580621917
0.23768774109667556
-0.3908273860862663
-0.26627682775526296
-0.1300350042030626
0.10157511348434137
-0.07521576969933114
-0.37181421451603874
-0.5936786986518652
0.324517649856364
-0.3248559779670454
-0.3242715508934988
-0.17786070892903766
0.1406881988780052
-0.011908426770518885
0.11452792687741079
-0.24821231482216563
0.020158959391304555
-0.33268886462458913
-0.0024736561502525095
-0.08674381470842923
-0.1141450318146762
0.18893306092396833
-0.20833736703359423
-0.0010806470729327056
-0.31220592147462745
-0.4701080686767679
-0.11834251395232508
-0.1299272056386244
-0.1263085249432801
0.18823100806591475
0.04437800969529364
-0.15390537653532094
0.16244650081470943
0.011746667289475887
0.4924184725840096
-0.14738918186352115
-0.4361988849257199
-0.13308343776813814
-0.09598081831346283
0.24851271870252575
0.03297776401708872
-0.5172439633257193
0.04122774125814728
0.10925482276952084
0.2372355538244899
-0.05994550926310866
-0.10444266465629147
0.3088618783766169
0.3093250945478143
0.42301825362070733
-0.14068520281744767
-0.21123188338061288
-0.3928365326358051
-0.08165503346665198
0.056001988142054454
-0.1907592508974353
-0.2661901916701645
0.2219175046250118
-0.29998280875465544
-0.08455754319849669
-0.24901409229512883
-0.15915950363764161
-0.5121865756116422
-0.3008843270424439
-0.19206724479567874
-0.5614431476501633
0.3577852525875736
0.08166715122928846
-0.26110740302955865
0.17033111406632423
0.08935087026246652
0.26566980658021766
-0.1986436614812006
-0.09505050001022358
0.4538292848119247
0.40706028418374035
-0.01949635519321086
0.2556009525523255
0.46321155710960027
0.09869533179717618
-0.18792964913097776
0.021552303539866438
0.07381982778296708
0.07019651875326424
-0.012632763775042091
0.10703470366899984
0.3718019319669146
0.11379954014785038
0.02715786702240266
