-40.39057802029946
-1.2656615572771683
-3.1550872112376553
16.128179217920938
0.7531607210329884
9.979097247620889
-0.5272458363475978
-1.5666542409926865
-0.5911580754900958
-0.11336639073278929
0.2452254586440213
0.005483342143099271
0.006254914788861865
0.21861504884937266
-0.39935173348759123
0.21564544348650633
-0.06088947252750804
-0.05619690957726599
-0.10465230773879969
0.29911289716404776
-0.15199749045532684
-0.464915528881062
0.05274425342176951
-0.26047752822758313
-0.04853514595053357
-0.31710899620602945
-0.25675356561291013
0.2164956920215847
0.26714855808277993
-0.15277367443076134
0.8037268092360389
-0.28060119854188703
-0.2965024982027731
0.17180000157209424
0.3793416997266019
-0.46057942901126353
-0.35203748262495976
-0.04069966658705637
-0.6084554137198112
-0.11998121546567393
-0.02927018040451857
-0.30319110965021057
0.21933520875731952
0.31695733717113034
-0.19403499982636208
0.2479633000206807
0.27058738714238634
-0.11708759810439788
0.11344377112619301
0.4056045540888878
0.017458272927696826
-0.218770825516498
-0.9676008952947879
-0.09108656032745836
-0.40077619349707366
-1.396477907127983
-0.09639427617031507
-0.1444434843225519
0.004805530212463221
0.5312516022796638
-0.4056904975811741
-0.08618467617473875
-0.2902702594548361
-0.01395341603553103
-0.030348582000593295
0.43714068542910645
-0.4802558597374261
0.32684481814843197
0.3164757281347238
-0.6599103655664595
0.541327646689264
0.3413268778064265
-0.0866287223923386
0.09203883836003382
0.28172175754479123
-0.0012994577716483394
0.2473154813558142
0.26402397783060183
0.2928975756871102
-0.7905274701362361
-0.012852132997853746
0.4589416775203259
0.3114444240008047
-0.919997733618857
-0.29468493800083156
-0.3314408257711832
-0.13423718693842043
0.390671958671294
0.18567664297409536
0.18221414542093886
-0.1377702223381781
0.25709899666656555
-0.5126436968064672
0.2541498634345716
0.18103725271110085
-0.7257324485878408
0.247938056019012
0.21387986765765962
0.2793059482021336
-0.3688833640798337
-0.09303761037273345
-0.18590115689722644
-0.5192533535978865
-0.019672513982941658
0.14768420332580565
0.2152216273271097
-0.36819288194062727
0.15803646618273492
0.3640390827680415
-0.036337182135430496
-0.3615461785381445
0.6935755606149749
0.5847601584392288
-0.03173661782964841
-0.32736457412439257
-0.3273635100884085
-0.16726773308565324
-0.4355665797096778
-0.08554744571984207
0.013166180339907017
0.1931036531837392
-0.015022508948655929
0.7836459038870616
-0.05675042012878622
-0.13286263213864913
-0.1657493284264041
0.7409948640573198
0.33459485957654056
