-45.00824402447332
0.23687552197139483
-7.209119006313249
-11.896751401814516
7.395921227144218
-0.363452265695195
-1.381148560829434
-0.040108904369262066
-0.24042031097610778
0.1956961212488717
-0.10834880447989956
0.022005909605055884
0.43441134893714595
0.0793826516928485
-0.3636179560912428
-0.37078109407288606
0.46851462834830837
-0.4871902988415503
-0.044230956058644105
-0.539757998698497
0.9655520581706585
0.24694556362437425
-0.02000197318716965
0.2611565180248674
-0.6940393167499488
-0.19530296256912094
0.3301173683027821
0.23693353783662569
0.16509594771474456
-0.7895233462350187
-0.26360505582003935
0.3677640765087761
0.42627991448404295
-0.1327928087111838
-0.19249809442220622
0.3210493944617789
-0.5218692338150769
-0.20550169893698603
0.08029867463102694
0.15368535306933961
0.012745447161039633
-0.2653564734425484
-0.21498746784002867
-0.08761312822694062
0.1425561111099174
-0.0745196886364194
0.18294944840461647
0.41370990144541653
-0.022866571508750502
-0.3164521736807403
0.2545381798832238
-0.7199924467290852
-0.1699654403295966
-0.21174802689674593
-0.0842312379323417
-0.12224513263766298
0.1656542484903572
0.43403714922259523
-0.16223100031448448
0.43101549359502417
-0.059688877530830575
0.3013441379852588
0.3427670207373549
0.12644060351835695
-0.5080851634254927
0.6962282408445571
0.275090491701097
0.26634213444954963
-0.1960284964294863
0.243716232772683
-0.26767961552298214
0.2200801063639064
-0.017531375414760506
-0.31572079046452317
-0.16017515003981964
-0.1678232398910832
-0.23564325394990704
-0.418999356569778
0.2479784147901102
0.1301385079729489
-0.2238633184797725
-0.19185182091538516
-0.6924002989220563
-0.5584432865859659
-0.21012194065370346
0.47774773998500414
-0.4707001496614815
0.715282768538518
-0.507853909361463
0.02686128038102427
0.1684385529770298
0.36447854751556097
-0.0831187585095219
-0.22726506903591753
-0.26366147976387877
-0.11904349019155913
-0.3683428450717349
0.2548082512769182
-0.3670226757255146
-0.43755257492055877
0.27086204512906586
-0.008323002656571182
-0.6747639231623629
0.024735671875732564
0.3669319127609341
-0.031221477603432246
-0.0922236003679797
0.08426773208298807
-0.3180462650097063
-0.18273823913866688
0.27435071390125265
0.1563092304145968
0.6091314412484365
0.33453987899817095
0.18360727648093583
-0.266149280599778
-0.1535601764091601
-0.39508560753427346
0.3835743893469199
-0.5850063964692128
-0.3022542156221555
-0.06184779325553663
-0.06677164538419533
-0.4040237627915155
-0.36249253518344215
-0.03695337378834204
-0.3670128741303436
0.12101226691715083
