38.372888257661266
-57.59632267459466
-8.806001102512276
9.105899206781611
-3.3417543505435905
-5.413205784632412
1.552580827613798
0.7758491433092027
-1.8181739506378356
1.0941311366264144
0.7987174286531273
-4.04508706541765
-0.7628851609990261
-0.8081551846619
-2.0683768937240954
0.8373381161637359
1.5332777222303557
1.3431924243493814
-1.1446757359934492
-0.1426450311869947
-1.2059903453228376
-3.097601222874027
-0.36061864349281064
-0.008847288708598966
0.6278342457258279
-0.5945884309708405
-1.4304330602576063
-1.8322703839431844
1.4039075298501509
-1.630553925995971
-2.0230099455930883
-0.739379434092899
0.4159074209075359
0.5201615788100179
0.7361431819915145
-0.8223686563933078
-0.40649081190992753
1.1938875028722937
-1.0790836481668835
-0.6052034667524891
2.432543002289668
0.3275175259774886
1.4311820619319378
1.6093713626750996
-1.8222438757807782
0.21368265412987855
-2.6391173345693377
3.8158536742385323
2.873945850021992
0.1944553326789548
1.2909245268015745
0.19251281661702818
1.1151608283290433
0.3793758062533341
-0.8176068483073569
0.05177814482254804
-1.3732916737529044
-0.1740858967580402
-0.5474074223028558
-0.8390675971913591
-0.0001465886210170117
-0.7301918828230702
0.42740056996296427
-0.6944824265080505
0.15350899516096891
-0.3056303234569685
1.3191333422953577
-0.7535765856098371
1.4670389333181582
-0.0005670579971309847
0.2622510267575341
-0.4796484943870238
1.0823798593154035
0.9360693072837805
-0.7719566374316124
0.2443460658445822
0.5307023932133309
2.162571303585615
-0.11489713570743504
-0.5113467022652509
-0.281196871445395
0.44554221111271197
-0.7063260311291832
-0.20180342208776766
0.6838148874678364
-0.5239425839254406
0.23170548655700002
-0.0509507189082267
-1.8860597959709398
-0.04350911259330413
-1.0725922729089883
1.4574412867919406
0.2812452802909009
0.7601801453804593
-0.25308022453692247
-1.4820324273534475
-0.10483246007489187
-1.3381366088175786
-2.3541300333917943
1.4053350820718322
-0.14612438695587981
0.3601425341136378
0.03069155173824442
-1.036943550440431
-0.11783262613790754
-0.27304689183575426
0.9195782574893256
1.0591780673078632
-0.5569793857124463
0.9003758335028063
0.011074161670036359
0.40089475822977055
1.6506320919523796
-0.34941702588559737
0.8268553779800817
-0.016932766036610945
-1.1158115973753668
1.0318885369403765
0.01624112266802316
-0.3282194455636722
-0.00035672579282608474
0.7580853623835397
-0.07808618687771537
0.16464652080724373
0.5389523513883394
-0.07993113773411184
0.5869437455062564
-0.9135379531558471
