-48.445431217209034
-5.180295674258565
-10.08428868695177
-9.251256601178003
1.0351265320558647
-2.695685262787909
-0.13654010516103415
-0.965615959399166
-0.001815558480783186
-1.033907821250879
0.6092309426895581
-0.06962839574644497
-2.1408626282348844
3.1880770183579683
-1.7577524507711209
-1.0174831756480311
0.17969082279059786
-0.5022366931567351
-0.21400398911200083
0.7528461660317104
-0.5387595354930291
-0.4693341430785212
0.07591184303738696
0.10911566842329035
0.0548236230643902
-0.0038030779381942326
-0.14151932070119483
0.3649602958707303
-0.27323440570362656
-0.28609766188980296
0.5535057720375366
0.45256977528367426
-0.4384462737298598
0.25886191422496585
-0.012518788496917177
-0.3384277405027035
-0.2102817490477342
-0.47951959577785286
0.08994727071644243
0.0574286983060328
0.0978771506262511
0.05888014315505671
-0.08759710593413006
0.11892556906030152
-0.1754782156512233
0.3485477117096811
0.31306178437997045
0.08181972502247334
0.15243345284189586
-0.12327385318828336
0.20931305227892846
-0.007419397516657862
-0.06384830191533421
0.17177876317506705
-0.13441748863336647
0.07417941800826708
-0.14387907078036455
0.16297206376578272
0.3206730402033769
-0.2426432985171354
-0.3712576147437481
-0.007873029421087524
0.016109321441936143
-0.09197518982384234
-0.2115804022778967
-0.10014095106243484
-0.156628808565776
-0.14925011315907769
0.14102281072148218
-0.020166690646991843
-0.5516086206678315
0.10148622079675299
-0.28196673849972675
-0.02175206242877211
0.06725222009979512
-0.11674142363492118
0.2805742570697337
0.1716744151825626
-0.03173830330354244
-0.07678635252950415
-0.15159709939045402
0.04123518518212331
0.051765566652889144
0.19767331207587674
0.10975432812208392
-0.20602150526619284
-0.07329296256652995
0.26611320652231374
-0.3848773538208478
-0.21195294153203498
-0.16371816996662364
0.0254122320873158
-0.022291328156310047
0.37445700527607434
-0.04341872105801711
0.2197397930278994
-0.10673623996300413
-0.20631239566036538
0.013090933840149283
-0.07004207672708347
0.40329797066679907
0.07217598297609507
0.2142494231169983
-0.0031539802666912947
-0.18034470535949487
0.17067428996369075
0.10953569940269717
-0.015683858640799013
-0.037740266360618654
-0.10541329509896831
-0.2386773646778769
-0.010570920847530715
0.04713591880629592
0.15194998871318718
-0.1318251563280783
0.009415487937520742
0.03493205920096076
0.07449362281822526
0.07730032859266328
0.3023758206093746
-0.15311853878507922
-0.08755387978352869
-0.20734473455716615
-0.04018821584963537
-0.05159175461908065
0.07784886239519731
-0.18682135530934227
-0.14993115626416859
