88.29622800297918
23.295442488872457
-36.30679305029519
2.9377089597477273
0.8305267521087566
2.544399948564883
-5.541512285454479
0.003668387333444212
-4.893652044812795
-3.2851891294573927
5.192024596817287
1.6474671991625573
-1.5844778020298365
0.9528315837048655
0.03735883371549125
-1.7813267789831002
-5.651245877341224
3.6285051033127824
-2.3238094971815197
1.2404192869888777
2.1098990539747606
2.69040058699128
-0.7431452535653902
0.2964335083222035
-2.4019613050411976
2.388495333236411
-1.1182661818656512
1.2849140532847578
-4.269574279249394
-2.7139073247857124
2.575087563269563
1.8577498763357714
-1.7162917490245002
-4.008194502047935
-2.7448198165780786
0.5254564557565868
-0.01340137448651977
1.2086390627850088
2.243299398033345
4.304374659286294
0.22396676687205835
0.3056686187040721
-1.6276687897179416
3.5485727448099085
-0.600788985633379
0.7941979938806312
-6.325555515397332
-0.5614081322669251
-1.7593908433752703
-0.8121037253940451
0.577886252713122
-1.0384409963630266
0.9054412500525107
-5.151672145344852
3.3193118743339713
-0.624425030232777
-1.007541918473438
-0.3173460526758697
-3.603922922766486
0.3709065922797312
-3.999576103504251
-0.018882659954210734
-0.4598879013435664
0.34768986648369904
-1.0912844742030805
3.1401236512241644
-1.0143758179429834
-3.5761360611491986
3.0746946305542147
-0.9708541579703727
-1.8343955590079828
-1.6597405399090441
1.4093625520667035
2.665272627262796
0.5758493388304771
1.0781612674552694
-4.316275463476566
1.1687600550205883
0.6798000857851124
0.25053463507013113
0.5022522673262434
3.8226705123202738
0.4920360475527135
0.3972488798154447
1.8435519500520372
1.344709618038844
1.5564218855147514
0.558363841551399
-0.8506817839027279
1.708200244282227
-3.528050497884255
0.7976487719046446
-2.3717277536986545
-1.474360089913896
-0.22091389091613028
2.402346534011606
-0.9419720156386975
-0.10852995667184426
2.7964986429998846
-0.5861841770741583
1.5463370874503877
1.8771164624718382
-0.21978681171072623
1.4147019614198748
-1.5963786299205753
0.13317280235962758
0.6727134321520299
-1.3823853577821819
1.952631321243488
0.34845121728667877
1.794239598671501
1.9256765920910544
4.706860407490677
-2.6938130877587207
-2.286763741675242
-1.288989612607069
0.6455745318981507
-2.50469842178811
-2.527351904473469
1.2552328431326787
1.0691585463931113
-2.8077401480851845
-1.7213792519679056
-2.1288800509673482
-0.09592020039030896
-3.0119024662634346
-1.310480072382133
0.06387620018891739
