-40.357274188599455
-1.5377260321038069
-3.228575215321897
16.1547752410536
-0.9207655059912975
-9.91675818367048
-0.20567937791939014
-1.1607461966257362
-0.4543052349319952
-0.020489551712116666
-0.11738873063108439
-0.25636891878372803
-0.14961110161337288
-0.10725037001886578
0.027902324294580783
0.5915654264312614
0.40787038803802245
-0.4422988352040541
-0.1158620129005036
0.3915642923522171
0.482539786995486
-0.5801405054017872
-0.02358288280579368
0.3121850170185054
0.3630363236309656
-0.17144482518675463
0.3296853951214313
-0.6175945265549673
0.584202393204747
0.5701995645530895
-0.06906997304502843
-0.7999510588431791
-0.3763870589664295
0.16382019456076163
-0.6629901924188357
-0.6069790704649924
-0.6438218570087058
0.009641630259028547
-0.12477819100724816
0.954078313060165
-0.9814760908131758
-0.3161500837319666
0.015533229042895474
0.18482847135593683
0.2753219684351808
-0.431077221230738
-0.2456236761222103
0.8158132571897755
0.5526552929639993
-0.1891384434337957
-0.46305310175440934
0.11018198354253916
-0.0013534850614416727
0.06358791814441186
0.11830540863595261
0.5047581579647713
0.14376151139117194
-0.13337275574649082
-0.01248871079985434
-0.22844138251181015
0.41506397358405445
-0.0796911768758423
-0.4804338295123761
-0.4395576823632
-0.19007285867489054
-0.29006117962088096
0.15408630409733937
-0.21071095769003992
-0.302181252991285
-0.2935765511476818
0.03779954857253266
0.5947089737301394
0.0063392913310339055
-0.23347005153927194
-0.2599238284746735
0.043914111902792985
0.0008989861452080028
-0.13285739264858903
0.10956587341817009
-0.4533331609227159
-0.2633901089604155
0.13592691616590818
0.18780773785373267
0.1643864031358568
-0.17789800254653723
-0.3687469829448724
-0.7232918497033087
0.11026736001180201
-0.13023921379794035
0.3952647413599567
-0.4378045578278716
-0.5553037710713161
-0.8854846653527217
0.10961770579924059
0.4139932008277882
0.20084015103103514
-0.5428656355455652
0.1597917406615171
-0.07073540056820993
-0.484251956462409
0.24067983020784453
-0.44293607295957516
-0.413104810562553
-0.13212230693913585
0.29269052985499544
0.08160772661841528
-0.07614727671152674
0.3366721167410407
-0.04874594887874236
0.12433182061021043
0.1326425270171618
0.24121161573113542
-0.29193600441921363
-0.4479419466137681
0.22462740390418356
0.44616848728478264
0.10324931741687712
-0.014658792079906852
0.3362995417787738
-0.2384903550794562
0.27481468844009393
0.47547702708442974
0.3117177657182239
-0.39584503332703036
-0.2774204982292578
-0.38917046116921644
-0.37360622919310454
-0.2963917021640608
