-41.573662989441885
0.7941405678978454
-2.414634335863524
15.512811909822007
-0.8047485119598241
-9.724339905562909
-0.03951835677566115
-1.136768380213772
-0.28161375496775354
0.05691719703420224
0.10783739114715456
-0.3165049202192951
-0.07991839738535023
-0.1157367669625079
-0.03358866244666586
0.4189108003340853
0.16985662079572417
-0.2520077114743092
-0.32673968049634144
-0.0756723478205517
-0.0038685863608391158
-0.07971535381030714
0.24068949954675012
0.12623414463299848
0.09612523584460005
-0.021162540781537537
-0.2068234493444268
0.0032593453220351037
0.1310184588829218
0.13765007213026934
-0.38782853642128995
0.06941913592611255
-0.04839089634863522
0.07715331485801223
-0.08150922702213076
0.2490884112956699
-0.3181777385238036
0.28598449010791843
-0.06286355315335264
0.3900024114692886
-0.0959390393790937
-0.03895128509070301
-0.020022693028184962
-0.03626278425771298
0.1671131570135621
-0.26978542541451783
0.46602708752475785
0.14520831364840797
-0.08054719012838998
0.14993453251846586
-0.09835901992034501
0.135794361621378
0.10230131257323075
-0.1127356229600998
0.10801066084449325
-0.07598266376136203
0.08488212299464881
-0.3143703699668278
-0.077304204416905
0.2809180446013054
0.3181099305927831
-0.44268027277969735
-0.01335519258256173
-0.07935715985002478
-0.32631415287662247
0.0804151800490307
0.23008821949450736
0.3344044309728055
0.29128446694992266
-0.28622571197727237
-0.021121621623452033
0.33416838750081307
0.20282004084125643
0.06099802536651433
-0.054764087961678615
0.15512005895227135
-0.0007585126093485051
-0.025840376545150243
-0.16034066573403843
0.06650759938019805
-0.18271813079649246
0.22304151529260696
-0.358793072540802
0.07015689733686606
-0.14131333880332808
-0.22180185073672745
0.31538981716692677
0.2230553290391485
0.061079255205091915
-0.025753701650703044
0.11667261137490721
-0.2007032519818348
-0.15249814544825666
-0.1973620198772361
-0.4111886929658832
0.10795167930079787
0.2335662507097787
0.23929189163210182
-0.3319689112161097
-0.6430917552431917
-0.06135005582269884
-0.27522536801832614
-0.449254852129936
0.04953176955315031
-0.30703510966062914
-0.33366228751779337
-0.0858298378339891
-0.2762951166846936
0.18973576038298107
-0.22006393934651575
-0.39361020194141216
0.36740795262247933
0.43866278788379914
0.05168385889200086
0.06948433068782078
-0.058983384626007496
-0.07948108729678702
0.006007748587187764
-0.4468117990122736
0.3025147869893861
0.06925239000595614
0.12306756122270017
-0.214403858170551
-0.20906085161452673
-0.03370780769361535
0.05433199507265518
0.1376736920305069
0.07449670532517803
