-48.23254025553133
-5.243065034164167
-9.856237788002714
9.516448597027777
1.7840458291105443
-2.7254490192001244
-0.7145824161081926
-0.44502589349702815
-0.904907021618736
-0.13697192694045998
0.494543190808816
-2.0634892775510902
-0.5389819777753242
-0.9950528347509352
-1.2802235519520577
-1.3885735371820596
1.0189507116809717
0.08348492938529978
-0.7476332000655871
0.7576231935685331
-0.25824528874865815
-0.7998193852000993
0.15870939156464825
-0.7020338495496168
-0.6615903355236872
0.2117247055540688
0.15418365426531208
0.22581045384403448
-0.6682199456371553
0.1410276611750565
-0.5458488392347541
-0.26342795416261944
0.5125984901656503
-0.08673944692957104
0.10762106384773112
0.3726419108682052
0.3103724343929805
0.3627490941210174
0.090772095339158
-0.0034095837934580986
0.35016973234092974
0.6312028509663412
-0.24932495714763034
0.14707091575688108
0.14985983954215912
-0.2503209901277943
0.22336639285760854
0.11905515557065255
-0.27743021308997007
0.12554773296973604
-0.40419448942750524
-0.31154417267139967
-0.01352857446409822
0.21136747247451051
0.07056947470389661
-0.07265762275023369
0.049150503997897846
0.386658100917949
-0.013237988695957686
0.23183806523845718
0.2549354469099208
-0.20389836505637454
-0.2661612655483004
-0.1600432381195461
-0.21290968108000985
0.041400461973264774
0.23535746268853103
0.499897137277556
0.035950432035853325
0.3172257783559984
0.5294710483454649
0.20386763349383713
0.2649772653215059
-0.18117788136787427
0.11574341675665091
-0.06803957649668518
-0.2825114648264964
-0.15946491948968572
0.14694704384051605
0.36432617259352446
-0.3630563350946345
-0.19292441005599148
0.08389264614858778
-0.43996010982085454
0.013263627717193232
-0.035134488234973
0.08877388074052514
-0.05431978905486315
-0.03413615297693248
-0.41321947541228166
0.0005593075023283683
-0.05614046888508786
-0.3523231675526183
0.16839000833747797
0.2871296711136862
-0.03754551116818729
-0.05888377200960379
0.4693239044614589
0.21643934910232193
0.1158141886817577
0.12426764753364161
-0.1645633679372884
0.18087893801122135
0.12985848793219856
0.08218981488296881
-0.003090100576480591
0.19533237971069856
0.2590774558223878
-0.10789023585935294
0.056530580900716706
-0.15057517630922385
0.12759862965605376
0.07847482341285494
-0.05135290312679278
0.03906407824673172
0.15377936492593203
0.14177789779688632
0.16322375122646277
-0.20651954345282203
-0.0658794946199574
0.3469692423999472
0.10256417463283656
-0.19913741094106924
0.19252088864099362
-0.16049162840425824
0.16691504756460573
-0.03754721957639756
-0.18366540689799934
