-17.96581419253297
87.19074121482662
9.619500002972542
5.164094934619746
3.550818756759238
-3.139376376730401
-4.191306363674309
3.7100546384943125
-1.5927099140838799
-1.4687746149064398
-0.4430615767088999
-0.7281525306416519
2.754961819809922
1.1681275519465164
-3.0926974326437504
0.5257986308501784
1.1659412284195723
3.0825343608629225
-0.795842768481022
3.1979805658613834
-2.7148780410478484
-2.7051316596827717
0.8034228097882486
0.31564286699131944
-1.055615266718511
0.2579151881339831
-1.734055112563363
0.6905049927439183
1.9620902346556168
0.40530566834367554
-1.1055911819795425
-0.38528005845511637
-1.2612456551729119
-0.9559359679461544
-1.0478685081660455
5.077536574160198
-0.35263503830420695
-0.8131987128229605
-0.7599060594216134
1.2510536993801284
2.246254893414422
-1.4604311846342708
-0.44215780620091033
0.1787921575700316
-0.7808544122041621
2.5539213940072214
-0.9144138674867431
1.3214560152791286
-2.90855547927929
0.5871781936423914
0.8013770161751811
-0.006040259285559291
2.722240618333642
-0.6953637565691125
2.195732721356328
2.2351841235261376
-2.76550592221077
-2.8759339179090695
0.853744769257763
0.2216376313451111
3.641700504694781
0.267211912057268
-2.945770883741673
-2.6235888072307816
-0.8123699604630734
3.201780677266532
1.3707453412160602
1.3753698040620612
-1.9820889538738913
1.0184524033434796
2.8424827750284702
0.045963306102675475
-0.7527400278864421
-1.9845339584417112
0.1181216118647461
2.0807349316713832
3.2233604534691427
-0.36719563096194163
-1.2517435399274526
-1.4300820443118938
0.9860758376115009
3.8493425751913133
-2.5556775526741737
-0.33970528141742484
-0.9890975625120286
-4.1902933240619555
0.9118084828166294
2.830934930082733
-3.1991537287876675
2.2227614763514816
-3.007929255545234
-2.789630687101692
1.999054218776446
2.0812730877363923
-0.11941006090725582
-1.2870370224265641
-2.08379589145285
0.8632206458810503
1.7614786857171016
2.2046060970211596
3.1052714296029653
0.807012059908328
-0.8649688939129316
-0.6390058229154592
0.7261847927352484
-1.2661954700630493
0.8176939006626956
0.7202435903853519
1.1715029198778135
0.19107055621848998
-0.20197411117436534
0.0279454780407938
-1.2750823762765473
-0.2531303453226028
-0.9017643674132385
-1.5525677698291926
0.5524585714748571
-0.012411175889984416
0.2595724807493328
1.4610427791944431
-2.012069192877332
0.6021680351724216
0.8401482126945486
1.8899179912079165
-2.9824580275481893
-2.4871946204657345
0.9923706632271294
1.5079918505427952
