72.23464485959293
60.271669438250065
27.83613380024931
14.98911320114592
-4.033688269472712
6.802481942929534
0.6161154327071552
-1.2085629858348104
0.813561662856482
2.4817574028329767
-0.3492648845191034
-4.439064739167496
2.3381940372795835
-3.388208667802211
4.724538333573108
-1.601422394430334
-1.883457869130134
-0.9098957253074978
-5.280763369398713
-2.139902525973506
-5.21791542214224
-0.7436230920561678
-1.8944112717099522
0.6637936729906943
-0.1945619452087669
-1.9303818983182446
-0.4186873460028
-1.2726955582711434
1.4410634409857024
-1.7133834420073
0.23159000271518648
-0.22055152069851547
0.3490296161929724
-0.7434332954000855
-0.22723427238116048
0.20766448685979993
-1.944448886105922
1.9088503021839205
-0.09667009265886213
1.4968960296487068
-1.0866888469117795
1.3910505311751509
-0.604715086380069
-2.0770358612687225
-0.7124619384330672
-1.3456991828219418
0.34357253517689423
0.3233526446116495
-0.23509843140161055
1.3835952452696263
-2.5149090004143417
0.9637732615839408
0.33585109967540266
0.40854869361821783
2.3516870778625787
-0.06953745870177075
-1.0104239919613325
0.9527949701950159
-0.6215032085444324
-1.918895168984175
0.11217796775155425
-0.22080901572314096
1.5662520624231873
1.4200152384663358
0.8981390348274934
-0.17426930216128178
0.050879111904714336
-1.2961009611851269
-0.46834888191810115
-0.6110395276926552
-0.6709651630878827
0.010725718261833495
-0.10410159200311474
0.3061300121209982
-1.5210098166859911
0.5092748680632895
-0.4349584011340888
-1.038773918009703
1.0343038050953601
0.1437974708825
-1.7876558437868308
-0.2265464659056346
0.10153755115463058
2.2486735051642075
0.6550631722351653
-1.2730325801514497
1.6020860970833015
0.8850810062086867
-0.10511533693490208
0.5065716338895387
0.8199917029215512
-1.1489463408640925
0.647181531264641
0.06541452953023238
0.5521184025278423
0.3829733413522118
-0.5867649835910348
-1.5604342086291625
-1.1602214245867275
-0.10993402103025618
-0.16187956469414339
-0.8458855329325841
-0.045987546947129365
-0.7482179634140081
-1.2113092544761328
-0.3330402156503165
-0.8384963082195787
0.05303937323202319
-0.658623829040712
-0.36334914523119355
-0.5021682026525705
-0.8168635147291222
0.5598480825248903
-0.2546534816359836
0.13444233019044013
0.6465377628554604
2.073516572624375
0.005755596383398488
0.11478716211430758
0.18719766358838294
1.30292025331118
-0.004287497288793574
-1.1247339561605356
-1.4279122850312918
-0.9893361529082589
0.47214095818728685
-0.42188914388496224
0.7540266278530475
