109.11056093220012
24.920981662721424
28.50431320049019
16.76953703313049
0.9866353849269169
8.952642704483862
-2.5963972860770985
-3.489756206211787
-1.0584103059492898
-0.1471426422101602
1.4250094908437874
1.3765720218356374
1.5393621774612831
-1.1825749713182052
-3.3529002162088712
-0.3581541249633294
-0.6863840174576303
-1.2514130559322418
-0.4491073781910886
-1.4283975200821133
2.1655725660689193
-1.644968895532753
-0.4915344351120027
-1.9349873565590414
2.604891515356198
-1.5523980851527297
-2.183465512012673
-1.8056423677907882
2.647386379240076
-0.45032513841640376
-1.0965613202231874
2.083966400759343
0.7231292569763086
0.7902116244279442
1.3678400958756096
1.7105629502732773
0.6855687840899909
-0.27159165787844775
-1.1901587243605793
-0.21031520077143828
0.06862791577979734
0.14026498870984155
-0.8878233326717078
3.5567141069850727
0.5056788187401906
1.1731644185129344
-0.1061461059833617
-1.7684772943435074
0.4608841463552412
-0.8223360523435358
-0.11279505576049732
0.2688087479388937
-1.751568456616214
0.6462186988220882
-0.8541430636243723
-0.30947840248684466
0.4954047550042761
-1.2975520301001409
0.5557968434815614
0.27335127524004066
0.29723704928102623
-1.1035285978037768
-0.6436379249143988
0.9060379634321198
0.9807520307845794
0.40964205250984365
0.8510708777427464
0.4578110123256926
1.1882847546328883
-0.8978704384885384
0.6249268896678751
1.1703669642258336
0.8263205025789971
-0.6592234798822336
1.0344549484816086
-0.6902847457258715
0.16681151281186418
0.03815662738961157
-0.13806408792281483
-0.4021203809520704
-0.16583789157448336
0.39208307896545125
-0.41962759881134226
-1.7783601974742156
1.6041793359192802
0.7465707348033452
-1.2334735543171313
0.25793813440242636
-0.6757600504379002
-1.0202173662027028
0.050721840356134834
-0.27322106614964037
0.9636430624797185
-0.543877446863323
0.8176818095511614
1.1233241801508562
0.3595217116027892
0.10537693653230933
0.029584200182572462
2.417105748829235
1.175351518746403
0.5803048541150722
0.30800948525933564
-0.9419342831511637
1.3775215296982581
-0.03933339491757526
-0.7304514988059166
0.16957215827512215
-0.2361627297888057
-0.5997711813168092
0.45565654777886627
0.14056517032595917
0.3433254687493104
-0.008812420378775096
-1.2445405163072376
-1.4604586783988978
-1.197000817777534
-0.941447169123578
-0.5206902499439833
-0.7519746494218742
0.5030396773420917
-1.605805378054413
-0.8716795425738
1.0227671760819925
1.8911012048645652
-1.1278793588517628
-1.1387291477003305
1.0507193098849026
