50.17038129836278
-44.59334923084636
-3.765092064107208
10.693947771621422
-6.71974355383381
-0.3649107147038239
-5.055592793084015
-1.775882605500779
-8.350771190949564
1.2733712554344478
-3.546515577071449
-1.5143366300934815
0.06231042068177922
-2.531056816449304
5.3474954667412975
-1.4489408564025374
0.27894945114455727
-3.688679492196241
-3.5477370192949125
-3.1208233502944136
4.687021341124574
-4.011453311712813
3.612366389922021
1.9701557301132695
-2.875439362994636
0.48342719585441557
2.480353662980139
-8.672963437848201
4.444271070808397
4.645920208904251
2.6774240054080956
-4.043040122985237
5.189796468919136
-7.39252293619165
-6.774234377369901
-0.3209673206095933
-0.08935259313147004
3.4999853123476545
-1.996589047624861
-3.5001147348058175
-0.7583708579260033
-0.6426898415041072
-3.499162061102873
0.3593341631117821
-1.627109807244032
7.792607352272196
-4.21314028466645
-0.03249773586996593
7.302430303491476
-0.8365587323961728
-1.6946619060708792
4.428953276958779
-2.1035856146566556
-1.5342677210605753
5.418796081291831
3.704930849239316
-1.508548698824721
2.8391894103849
-5.402497878921909
-0.8962191345492441
-2.7982392701804057
3.3745444029063
-3.823725080576086
2.242000897579519
2.3440584945461524
2.176859288401964
-3.1099559157502576
-3.812868147898261
-1.7865094432625155
0.9469587098795329
-0.7097766531925028
3.220274245950246
-4.710511793017545
-0.1373872026235416
3.48300963996441
0.34119062625572616
-0.2919936259498203
-3.0720896942651352
3.195306941723596
1.6441433983243674
-2.221898098932195
-4.216504832580268
0.4675569451088502
-4.218409102585193
-2.8954513363799936
2.27110905657974
-2.216076817180885
1.908815662724195
0.5364149621898174
-1.1871512756560785
3.130845040815501
-1.0670856703558615
1.666865183482151
0.28507452591645943
-1.387939865654161
0.27623062699171325
-1.8178149195932436
1.226081896293202
2.402539776265322
-2.1264455548664563
0.48301925791366074
-0.45047464120773206
-0.6596398115483163
1.3786053938349123
-3.8076462383414436
-0.671009677804862
-0.7971595938445324
0.4849163351291222
-0.7361764311666791
-0.2945208935122448
-1.1640721140222592
-0.16257608762697573
2.371746102380331
0.8834416182076548
-0.5010614080670435
-2.340963804945707
-2.763486849903674
-0.19945739721931033
0.8821858493196273
2.8293510968405817
2.7691118236999785
-3.2272544939544483
0.5624696402881406
0.19106937619208617
1.220026225043974
-3.934693543112924
-0.9504909384712328
-3.2617853889625046
