-48.6518857242322
-4.704136688411639
-9.651993457244686
-9.118659236552242
0.8963919342588317
-2.4872730876342795
-0.14866941668098677
-0.4274662572419757
-0.5357254772696213
-0.726355353048153
1.7194091573815373
-0.00754848907646255
0.29349815604930796
-2.4520831814066772
1.1484535344787277
-0.43441319321348293
0.5219227803833933
0.3626019065098491
-0.6675939261214823
-0.28632764902727326
-0.09772955187621543
-0.628147846603067
-0.2822417368079958
-1.0519132190101586
-0.30847578851407903
-0.4433159866506051
0.4305760020451833
-0.3484623027872332
-0.45275434227331424
-0.0005993356160016311
-0.11325942723046128
-0.02349997004374768
-0.1073688557166031
-0.031457212534209106
0.29254914030791135
0.20522272602571603
0.025765758722318163
0.014207034724666966
-0.023102554849531026
-0.2365349503830049
0.15235597417028648
-0.04639732388524567
-0.42550457727066726
-0.8140152004168781
0.2329516530252977
-0.15044063672113947
-0.029089257977054687
-0.06723509463044697
0.35159096346218444
0.07536934942455092
0.21784983135683145
0.09641078297007688
0.1514066938938211
-0.4971772455905958
0.1304624993371914
0.4003093939896065
-0.07499436351115507
0.18103917798594266
0.5511791182259225
0.2702634959909029
0.4368407213588054
0.5517278531673168
0.10913737650373116
-0.09639157208365495
-0.14787114882386238
-0.1760622945213337
-0.4100185318031653
-0.37219374992955884
0.039657859877583496
-0.0754487275035358
-0.07418593319503253
-0.05596641117056737
0.421610814035611
-0.2686570679869355
0.5887448346343517
-0.16767996160683457
-0.2689760158493668
0.13482253027231275
-0.3249874336267568
-0.01003962315269663
0.2280593060744605
0.3380850814523325
0.15780419276516144
-0.05506240465282735
-0.5609437946925834
-0.054346299320448904
0.05370955126068623
-0.10407524112405109
0.25484019493940396
0.30813174715305314
0.06456419963783605
-0.3088339773001749
0.0515508653395631
0.03987272609968635
-0.058289130050598145
0.06746866791359798
0.3283531795688781
-0.11069238322090769
-0.19669160408439268
-0.24120641168215834
-0.45380139573224987
-0.18653291528595603
-0.037950347251092
0.30966655494199896
-0.09675230798826176
-0.011673744400287064
0.013316783231086517
-0.1151183807659912
0.06423300574206052
0.11440972442686365
0.22039760536168485
-0.1368556377235488
-0.1513339099660489
-0.19080564618796117
-0.2931710980562937
0.5824043086910844
-0.2406955898864723
-0.2260637388004385
0.4023346272276198
-0.08902399195701924
-0.20827962488100427
0.2704132407484712
0.21466853671695302
-0.023071439194424545
0.07734388202960091
0.026330207532892197
0.04341791053249139
-0.37326460289391883
