-68.09656763395408
-1.094814353159383
-7.421934750046536
13.019007669187006
0.5555115992132458
10.776719956452489
1.470501097953031
-2.9924736005573376
-4.95730678189847
1.7851262863084143
-3.110467478754244
-3.83200518292297
-4.01417258712475
4.604137486567774
-2.235864832880834
0.3044639248192824
-0.9809052176549439
-0.3201885685897612
-0.2848304607537543
1.6123913817196298
-0.24345989691290026
0.0990887435127579
-2.2617153327800272
-0.3372002352118709
-0.2724447330665406
0.17327212350860102
-0.6082681242807415
0.09892521010317287
0.7917016046001285
-0.18799849102358976
0.13371053439456335
-1.178359837542692
-0.36022860334683
2.3245786768826266
0.17858769700693483
-0.7862141190121527
-0.017798848171472106
-0.7770780159777843
0.12594254654072817
0.3804443014964252
0.8506017236266068
0.7685701061206653
1.0521092590078494
0.7783440147817249
1.1640874647880515
-1.9138779001866908
1.637546629334582
0.15991855011483408
-0.5575874725759965
0.4074229403984686
1.028168504082137
1.59577251726831
0.9440820217956132
-0.2612527073491369
0.6000018027472591
0.27125032994747805
0.7102745975214728
-0.20178041652300688
0.6513499618252904
1.3870502998344518
-1.1084278592367156
0.3361965036022527
0.16981992367185517
0.6415485615790641
-1.148928405147971
-1.1747300876685418
-1.0393467805503835
-0.27894251738770015
-0.8459713990017516
1.1109369834326512
0.3145063407516795
0.04818319772874555
-0.7492856735447205
1.4975387535343225
-0.16308631817069397
-0.3334544682991204
0.4013521492538261
0.14489493062016484
-0.8967574654221582
-0.06582600360387326
0.4103268359130765
-1.4320232107391595
0.9684354932649486
-0.2337842802978018
0.4918597988594484
-1.5956150136279528
1.493930770806449
-1.3489952292582514
-0.3186707036802947
-0.2872457319719748
0.49734906079615526
-1.3898902736896699
-0.28322832627864675
-0.18266667857240554
0.57531561650643
0.2676176885823453
-0.4211042683558198
1.6111891252223
0.10162001461747211
-0.2858131756964515
-0.6959016074549955
1.197703578449148
0.36008764180671693
0.6350898860468479
0.6603746681188363
-0.2873887731896489
0.41321163026622193
0.4479363004223803
0.47376053642277616
-0.05425151040141116
0.867154616525723
-0.6356628695735724
0.23428511809384966
-1.1226970430826457
1.3720265271257504
0.2571710364640335
-0.15040829324258365
-0.2988979922112043
-0.2302584876031604
0.88278421941808
0.485854134130294
-1.241808452626405
-0.031863870007174624
0.011125845892195008
-0.9150803150091096
0.7672573203288349
-1.4219637396829128
0.7178406094022121
