33.57007593640955
-37.96654591506044
39.54035577085843
5.5649557705725625
1.8817812823440083
4.562140114739941
5.773243673702645
-0.36272592293827044
-0.9308082531928078
0.008787050309549793
2.4918940326598773
0.04336284373825966
5.397404584499012
-4.407319292005038
0.08499026472847028
-3.027217623694359
-0.22039657050540534
-0.44593271078436925
-4.970043135894601
-3.974041892470519
0.6431813360416347
-1.4569658301409554
9.390454455830106
-6.637814263360003
1.1525705575994065
3.4655092083006167
1.8078596235394995
-4.436756910951479
3.1270130728144623
-3.7895411657797977
2.2832783248300084
-1.7823946135480664
-1.6676284766919955
-0.3007678982481417
-0.1983882937993518
1.8469272772690135
-4.087005256310139
2.9534172663350846
1.6483871810939559
-3.580151845724496
4.35222764167724
2.085507811511301
-3.6475344263521374
-2.3107146184819847
-1.0931637812325077
-0.422674995342871
0.5503083447083751
-1.7591404781284936
-4.296130888992764
1.309187875504143
-4.688400677365999
3.9129429082474787
-0.9420518649606519
-4.460220298965629
2.2074578231701287
-2.7392701008819635
-2.248638481136414
0.038546551334004045
0.280880437161635
0.6358450976995225
4.426900492812594
-0.31883988426909454
-1.2761617122292814
5.204227661095537
-0.28587616570138696
-1.0762340950905227
-0.7878303204504841
1.8217410014870317
-1.149699920175712
0.13718187516968783
0.6448318411374795
-2.730900260063238
-1.6898705989421159
1.782829641879296
-2.7498793549999894
-1.7712103017453305
-1.6220049789170667
-1.3650759617268768
2.441839361859298
-3.7448571991008675
-0.9381478199728628
-0.013187451087615903
-3.960018502404266
-1.8156979145053656
-1.5665194983357544
2.0804820368603747
-2.2648362840658747
-1.2877838609709678
0.8033857627643346
2.1738330908053127
-0.736808796082534
1.1909694114769032
1.3441105564948042
-3.4002321431767117
-2.785857896104
-3.282075799087473
1.7906475917289144
-2.2357524826809847
0.1532601373513221
3.0826546358922453
1.6920306990021878
1.766566326186462
-1.165853766138133
-3.808464373656491
0.335812849540505
1.1812989526770505
-0.5644887493623897
1.3520187619573125
0.13128720825038542
0.37911469798493086
1.1746909005675894
-1.9198737371839327
0.7914658356531337
1.0895276385490946
-0.9587007682571528
-0.12505954196787628
-1.1718779510886765
-0.16283034802343604
-0.4465474964745009
0.7111939743804112
-0.8637449103229017
-2.3606019820158086
0.856843207919515
2.3259909935313434
0.5911745537798945
0.7925098204144623
-0.4076166987874642
1.3062936793439066
