28.668443835522474
80.88627195491242
42.23906090555694
-7.428684259588318
8.513224194946359
-1.4777433096044321
1.2568794528596585
0.48667081388261213
1.7406236506784318
2.367573220930385
2.3384104427925365
-5.548121200730184
-0.3635864553138606
1.0637031458004786
5.471036192971386
1.1418002582761662
1.3082527447967758
-2.9069038342750586
0.09588612778069348
1.1957634167829376
1.6532034193441467
-0.6568109675130942
4.254284057766365
-1.758721373516462
2.9999333475822714
-1.4093565055615698
-1.1219081471045675
0.9420442309364904
0.39891739425343437
0.4498728873743796
-0.38211443919619725
4.18012576155928
-1.3081069849014195
-0.7397352697417141
-0.5634504141374875
2.1058056476989555
-1.5012150417275163
1.124639896118616
3.2092007795286364
2.0660666078604084
1.3317493783162866
-0.12712995927477938
-0.8940281913376885
-2.256594722806982
0.024533824893472722
-0.48158188953213754
1.0878957567718321
-0.2389034267285777
2.5577531011458
0.17246545060303148
-1.3192840774662933
-0.612919231397414
-1.9542128890221042
1.7974467020861193
2.0747871969659006
1.0818914054668705
1.9063684928012614
-1.3555059494896071
0.9892598926217515
3.2640859659967156
-0.9874818308033252
3.706205076320469
-3.7359649352494553
0.035437744328369006
-0.8567480972134603
0.9070878297573308
-2.925369948862003
1.6627867893598163
2.113599278547959
4.929790302554993
-0.23394443314117017
-0.2185883384799003
-1.3867915488121287
-2.699091905559141
-1.7068278526001028
-0.6871314334822626
0.5282599527319931
-3.4661627831492012
-1.9364382223185004
1.3211271276375613
-1.1594008388941042
-3.3139265260607904
3.956848030084057
0.25050473953498603
0.26028768063793145
-1.3075534085386054
-1.169213163189917
-0.44765607258741436
-2.580786799057235
1.6574799539127238
-0.2334154647587997
-0.5659531767191445
1.9427606962673747
-0.7832023637544709
-0.5442503408620152
-2.4995351326042843
1.4239602253751984
-0.761612147608808
-0.9937642303895285
0.007211343735775422
-1.3353216716089602
0.01359679639498007
-1.0753980908151473
0.9905166841820379
3.052317087822608
-1.0889630852011207
0.19240477598251074
-0.38523828685541195
0.34806804400282076
0.8601966062567867
0.22780919495542326
0.9116497230133012
2.070258942976366
2.981914235323098
-1.7388550383009598
0.09111535721593023
-0.6766673359649
-0.8486748412230607
1.1710337322482756
1.2761109706061982
0.8497331324136734
-0.1472112536379926
0.3024460385090167
0.16193130089265081
0.8765512666661993
0.1395377598054155
-1.4957717158543897
0.03545060837407814
