-40.15800503016055
-1.1358148658497698
-2.5274590944531212
-15.523776533596395
10.352980518030362
-0.9042146361532188
-0.4015149236234965
-0.8609908887083736
-0.6660930388673494
-0.04923742141711643
-0.029172432484729713
0.3168594376028611
0.5320971059650719
-0.015964331072259433
0.2878092195628833
-0.043183109300167895
-0.19061798705701505
0.14732439354975727
-0.08581786306428305
-0.09011329644444874
0.09229657691730137
-0.1573307445706108
-0.0068029103960119686
-0.03854143906131717
-0.40634036430134096
-0.4010594909137748
-0.154440178399401
-0.46384915901898977
0.0720841453801374
0.3276137103703186
-0.2481851397882201
-0.41073568421219553
0.5217911956789102
0.3026648385687248
-0.1847503618768802
-0.05576240356506844
0.4715554072534196
-0.1548997603999332
-0.637631701683788
-0.12137763566485665
0.832582239651829
-0.4831277184525952
-0.4691506578287524
-0.24035503296166522
0.15644459504653424
-0.42860967650214443
0.44241120669603473
-0.04977126669881243
-0.06701365543081417
0.304188310617178
0.06434325471423744
0.20717563010922085
0.36511236687301113
-0.26115098786277613
0.10351189214765698
-0.12723537466763257
-0.39563139788653023
0.42358778234169514
-0.11451161169936039
0.37537753798507384
-0.15556623848112028
0.1866338129744302
-0.06957099911096604
-0.16418879121500304
-0.5728099647239439
0.019549515025872197
-0.2148619954394144
-0.9116082457859235
0.5863013354626553
0.08594779280765401
0.5944678408004842
-0.18775652695147785
-0.14979465473380987
-0.5104871383860992
0.22762439512808041
0.13321128666842202
0.08366867127982366
-0.5733871469161369
-0.3457370723177972
0.0032566843241225232
0.19002099104389267
-0.19670219623199076
-0.09103591066876397
-0.16066476468391677
0.6269983735324816
-0.38667631544681597
-0.10013509423140247
0.6480494704047453
0.11086536362928281
0.44447357648069363
0.09856941152965035
-0.1753937706158447
0.33753380090422347
0.2304608776680734
-0.1235375368856876
0.08292693576321197
-0.22674744162525287
-0.07879869163710365
0.32740919564007326
-0.20002851797291357
-0.30293473339599386
-0.013210467546591914
-0.42842694494348726
-0.49955055094227874
0.20410300770053788
-0.02294707730351786
0.32555182472657374
-0.059381670873909366
0.6871951285762781
0.2953593782267715
-0.22719761493527518
0.05052094268245552
0.09197643172235137
-0.5059651720040443
-0.2395867750138079
-0.11054629179255905
0.1285997228596975
0.046968060868115794
0.11731550497377215
-0.18233497351512765
0.13461260339121692
-0.2971924164417558
0.149151165451606
0.15621361563634
0.06082306376886802
-0.03196421811342748
0.04477452055978094
0.22862695833177976
