-44.88336218374201
-0.6590434766535808
-8.073799606221884
-13.049894930195775
-6.915226297510435
0.10438946356593377
-1.5003324808226544
-0.3760229606090135
-0.6884392856542213
-0.052352106134535475
-0.2925867601150462
0.11850237407356576
0.19422796002063136
-0.28492214834469115
-0.37063133303528084
0.4149730442821127
0.1939974811930235
-0.05409942290424481
-0.4100996936867438
-0.4630516372059895
0.0355198886512687
0.10678687640544851
-0.11289862093824023
0.1510299476465346
0.13246330998423644
0.05346087696819741
0.2078912147564529
-0.19970898546286883
0.072943750075789
-0.12437842903946578
0.23154582210159386
0.09843387583056024
0.1171878972867642
0.005672855306561898
-0.045281335284498514
0.0675787506896513
-0.0894227801552624
-0.22785340396859674
0.21060599709123765
0.06422981926401847
0.21850898559113122
0.11059273911935738
0.16938393144434763
0.3502711967849262
0.33895585428327524
0.050300482248212895
0.11552818674707434
0.19540983156197061
0.13542839163659615
-0.15682190228893678
0.1376438685804014
0.1755207045813797
0.0931511374233145
0.06365588871641514
0.28945708102442735
-0.13719192008042042
-0.04954414156105497
0.21536204243497492
-0.19521343915846845
0.15209115307948082
-0.12537324863920776
-0.1530885488836172
0.21902290431936658
-0.19922632922415578
0.16682193886237995
0.08321842320992692
0.2684233501094917
0.052335364575817445
-0.02495183580631877
-0.23196043597935267
0.23555397416448332
0.18892521464914183
-0.08448505919938268
0.1946687381701635
0.1446544061470717
0.10761146300771285
-0.33746437729496465
0.1398197293294275
-0.23045063088337286
0.04920966906619685
0.1654050422084401
0.058673704842054517
-0.042253086739938335
-0.040326353600779574
0.14103069228040502
-0.0011643945634120523
-0.08641924279735685
-0.27401987758704954
-0.09489535548751248
-0.2915570215156734
0.09709343716283651
0.22896342740252357
-0.031300543753776285
-0.09084057277561486
0.24714526071942672
-0.04093926809201501
0.02109125999267937
-0.09316220621156604
0.09455128042643701
0.15446216902106724
0.2978871036442027
-0.26163363082570745
0.19430372932678655
-0.11225718857829414
-0.24864013581188152
-0.019075220632604507
0.09069975162773208
-0.31476230769508223
-0.30836802616228204
0.1388632723572091
-0.09463387971992893
0.5124448758875867
0.07653795952245923
-0.17963764554709166
0.14028756395966263
0.07116370609196854
-0.03495155770241445
-0.27497765213952324
-0.24013985458006054
0.08879229381515544
-0.09286234928753759
-0.008154473454309447
-0.014358030591027289
-0.05472004186902647
-0.11080548606334399
0.07936677828283599
-0.13758620657165274
-0.2825223281643355
