48.8323287166863
-48.52775935867359
-3.684731536310211
-2.6422187612120935
3.789325789540767
1.9127212113330643
-0.7130165308491747
-2.7308023657359097
4.3453735556985915
-4.860695152263845
5.518658584210716
5.214931430430391
-4.102651863407722
1.1446463832421339
-0.23632108957785194
1.7823725630834506
-5.276723501784651
0.8543233577370073
1.2839029634876666
-0.916834517638935
2.492516879901074
3.914009786463366
4.935141593916175
1.164266011057278
-1.0659752865238532
2.3284372987407096
-0.7389601137863646
-2.2190041902547746
4.28680632343986
-1.8627583824217475
0.41157491988760087
2.426813700144606
-0.3597114378461359
-3.501197792117217
-6.52011169909413
4.231215969003868
4.23523263796535
0.14588145250861106
-5.623791805839565
-3.3934869867334383
-3.6939199597168213
0.2905652183535577
1.1876788607206163
-2.9487772152525586
0.3124662790015744
-3.905642576173607
3.565835664145805
0.9953864982352721
0.09817443061694042
5.780773224785714
-0.42167194159449073
-2.6767247127407146
5.167133211052957
2.201559544708238
-0.935838213986987
0.42190194706044376
-1.6971309523139988
-0.6802471349287527
0.15713535545549268
1.3878611663733946
0.7359781544449542
-3.4811727502045726
3.2138075022750447
-0.5380063093468251
-0.20619364628164893
0.7590652226676177
-1.2955879970276833
-3.4380282599019414
-4.335562190364649
-0.49554201685465743
-2.791308211597863
-1.918246375272723
0.5288716941809366
2.67971493436667
0.961213713313998
-2.764322662656638
-1.2762381534972798
-1.0859136426910878
-3.4426714856803753
4.7320341078791825
-1.427740888979531
0.9788698509259905
0.304461129082045
3.0070571025744712
-3.9771469236161705
-0.5535199219957943
0.8245971448449896
1.593462809634744
2.512463141021416
-1.4539284106688963
2.9966221005107045
3.2179501717888903
0.6905962833872697
-0.264595890998242
-1.7076713353988304
-3.0814469878786817
0.6630935043727019
1.8717277042542138
-1.658922889176733
-0.1923819120200014
-0.8105928311248436
-0.9087562573501071
1.3563668532014441
3.5597785578554078
-0.8742113199945528
-1.8402319335042767
0.30688040895435054
0.5656326034860767
-0.7515601141523186
2.198852769365435
1.1565160538587962
-2.7545014316024066
-1.9217906621064156
2.1287503299366706
1.178223063693792
-1.1912156574335826
3.2034363817302363
-0.25886714252485055
-1.8730583332885373
-0.5992254366593778
-0.33727275443476584
-1.3422616324245362
0.559489581832177
-2.2157391361606242
-0.6839377411333655
3.528533602559214
-1.3939368676371242
0.48622408451388677
