-64.62472783999642
-3.174340791356762
-4.991100063117814
-8.487800232688809
-5.641513004033281
-1.5613703730946575
7.8243062929038185
1.4410470230511907
7.992925638185719
11.380482086157732
-4.175265435335931
-0.2986353213465388
4.689133042290544
3.918002250371755
-0.3228200467520319
7.942022841663493
3.4908695309237734
5.182003028955276
1.8671248460617362
-1.415375873407974
6.193687856416121
5.0811617545321806
-4.149450427576227
-6.18562116387279
-1.880811548599298
-1.5358174768904667
-0.07293447452873181
0.8430319833192529
-2.9493938299238294
-2.1515981802308737
5.47940019030153
0.38461762739019684
-1.206428316410234
3.568534509915691
0.38922235141124834
0.681974569745459
-3.8439663415590997
1.5112094138007752
1.063939556911568
2.993694862362634
1.053232290268837
5.489038580269841
0.46355360735788576
-0.8860074780937238
5.094103430743471
2.3457540073972285
-2.5068197883740067
-3.329242285284233
-0.8427048149839549
0.6535561382649397
3.519770607123275
1.1683320210352863
0.7994633116781995
0.8788300319253155
0.09304276824347302
-2.098976700336402
0.18943391815685093
0.7085178068170574
-0.21979130720138962
2.0313040497261015
-1.5726049156988071
-1.5252920213366201
0.3949936976549273
1.0664517393261048
-2.711146187807837
3.051267135471519
3.485812120549677
3.8620319474488594
1.8086565821619214
1.0861099442627382
-1.31695429815223
-4.852187135691011
-2.22548587393393
2.2996809162740046
1.9735577785475253
0.8300796537360069
-0.6623043290009478
-1.1734383397315056
0.9741871907761801
0.2959696332998212
0.012652514402661992
-4.032688006030044
3.2038988693160584
2.8457073588565867
-0.7356150923076945
3.4338970841211442
-1.3711457304479269
1.8002639595432266
-1.8114123921540226
-0.6236220037967244
-3.155697672833462
-3.280328877432536
1.230672854047595
0.8404294455234183
-0.83849548672501
0.9530172763336705
-2.3506825824506814
-1.0992232569759541
2.534665133540725
-1.558481774855824
1.8650988785150637
0.3369914540896236
0.750330806392978
0.34396007089031183
3.5089098320490892
0.008826010118222483
-0.45160484831110076
-2.245162887001357
1.6793986169735589
0.607666622506124
-0.7541385699507722
0.629968798306937
2.5487382548409845
0.5007550382508228
2.4424227832578724
1.2197961737191243
-2.594790828884035
-0.9011333984264992
-1.9200957488137598
-2.632127085792101
-0.007838303579346867
2.3386911493306473
-0.23979709686173561
-1.62578450582865
3.0305368906646035
0.5079613311630287
0.5337009099336056
1.4220206039428565
