-40.37880433525882
-0.8874772868600946
-2.468517445675687
-15.378973240369339
9.97697985747097
-0.8394274517681168
-0.39341667103360256
-0.7595049613312694
-0.529633867127481
0.044283936858575415
-0.16506837098114477
0.26230909632930727
0.4831595145797353
-0.028518232268452796
-0.01645181893489861
-0.05977623304366368
-0.0891220184859754
0.1163415915181576
-0.1353619806332432
0.17792686448118233
0.035606527229394086
0.05831430067117964
-0.20636944672957425
0.036989777537779364
-0.38120084149227107
-0.13608065224511517
-0.2682910616885729
-0.5018336187815848
0.2606496901376638
0.07078258327742973
-0.048872435495323316
-0.44564639475019285
0.5528833505903337
0.22260398038165596
-0.028650760851036877
-0.17903089181739962
0.5494645118768172
-0.060317072471288806
-0.5339868902075907
-0.1447390862253235
0.38950200858250644
-0.2126286243301518
-0.34229449569257026
-0.4388581418142506
0.3654752348418049
-0.36084429252289635
0.23282832321324615
-0.12209023500061797
-0.03763427707900488
0.05363982233916552
0.0737007219258928
0.2266500936152231
0.1365787993987381
-0.13923666942873744
0.10033338849581151
-0.2459354903997566
-0.27002314703036157
0.07783561267067425
-0.22285884219127094
0.179485681604382
0.09324329736186274
0.05098695501270061
-0.3685980606066157
-0.15100586302708596
-0.3404631965344756
0.19984280439775806
-0.17684719942432287
-0.5645381645071095
0.5920784644784558
-0.39837727125058436
0.15219008988824828
-0.17433990006892697
-0.16285987137753888
-0.2874890141026436
0.09725342562249935
-0.05778253708298831
-0.3980805019336149
-0.10497818750933015
-0.16051500891136694
0.023164282012987675
-0.14719379369969218
-0.04931280520070357
-0.3230155006519292
-0.10156848708256598
0.3151027207466826
0.3675983983403833
-0.2569801119207153
0.26931390684852696
0.2700687614843098
-0.1866709867487116
0.04876465579814265
-0.08832932662810482
0.07901530060410535
0.15515910510300063
0.07285721463412756
0.4024384160526647
-0.07040390998425819
-0.03937480967754772
-0.05096045235214829
0.18811492109181463
0.1289092162541859
-0.27067690661107424
-0.22641731439491597
-0.1553900475325286
0.052448796067481936
-0.017751479679360777
0.026236730151737428
-0.05163558315744885
0.377763614783205
0.45207957146517025
0.1789089330351482
0.13028203713957995
-0.1126912684176981
0.20434277414294896
-0.330851437253853
0.3633242168443692
0.09493636921019154
0.04992420329311504
-0.21524162642534114
-0.1842255260125015
-0.03473604684087285
-0.013657102906688368
0.2670874165717849
-0.5367178398078224
0.45431512442018346
-0.43587520650509476
0.04777759709831307
-0.016997124911218978
