-67.3485549178713
-3.387896432632036
-4.770118115413761
-8.635822785409308
-5.126858043369344
-1.0440683562980808
-0.44932905510520094
6.186649052005909
3.245137893655094
-2.0811889086792106
-4.238858367201095
3.111363413453117
3.306620517897372
3.9721037115449978
-0.09642627213575189
-2.7368142910508046
-1.1943941805931098
1.6078786066661208
4.2406572142940036
1.7294399576946902
0.3643468618880125
3.083408437712443
-0.4209429048219784
2.0018455776874493
0.27148988820184017
1.0054333771598207
3.8876380255039424
0.12349666193972683
0.5075563952994473
-1.8496712760254599
-3.0700433375585314
-1.364641300749741
-1.1286250192957832
0.7079539780876646
0.7633001606064732
1.734780927625954
0.3086430011463607
-0.7766422689997641
-1.1608409322084035
0.3080866074073687
-0.43038190722024805
-0.7824847484155286
0.49280897077034297
-0.5123931685684059
-0.7879751843116037
0.0031610125236909703
1.0117306351930317
1.4887221751393191
1.5648542272153823
-0.49890574146010036
-0.14777535392568752
-1.5791707257198566
-0.7393215715995975
-0.5513598412619529
-1.050737822367759
1.5068736814345172
0.4730569433185645
2.027151041860574
2.39632765701314
0.776982635740471
-1.2368848405587531
1.606181776856298
2.35483868689335
1.2405790825988932
-1.3985416601907412
-0.9335581134162403
-0.6073196392984191
2.2288033759604473
0.6874590916597934
1.644910389258821
0.21655248906050262
-0.5686122074777293
-2.1357414650334725
0.34949845157442816
-0.7743806628662201
1.325272604397437
0.7840622853538645
-1.3535724098671986
1.5074930156153479
-0.07610836228714213
-0.5120359922109865
1.3963892475100776
-1.657957442143371
-0.6249214934850309
-0.155049284294146
0.26097551089736076
-2.5145653727447295
0.6329936686577635
-0.9372721625288858
-0.5406255311944108
0.4137570889057127
1.6517152041944547
-1.7134038282214075
-0.5618944558913692
0.6358214217049672
-0.261875553303452
-1.0094463868855241
0.899146959182408
0.7755778655898835
-1.99584307187735
-0.41071613601687595
-1.4408953535675197
0.642447538371326
-1.8934587461570433
-2.6829935751183784
-0.06961953586410269
-1.9699526902324531
3.0488342858491317
0.6891434615093387
-0.6528664442893551
1.9298431527719555
-0.11599791418341988
-1.3639354051280812
1.7769832939752979
1.466231988297614
1.3851899332366402
0.23188710105218854
-0.43189866720794473
1.51862111633999
-2.211530836976959
-1.4118017778935334
-1.5271383488772803
-2.0720095395176115
3.056066178508078
-3.133451688901634
1.823997933492738
1.1122227608023123
2.857556930000789
