-40.35507069957073
-1.0495457428778217
-2.5152435779734876
-15.249031569367588
9.71741696074768
-0.8842883400392331
-0.16116131214881257
-0.8368914831854193
-0.4460621815268454
0.009572037518333715
0.3672429552006372
0.15841707704683186
0.347683376556829
-0.17183674988166248
0.22677502569842958
0.30490484899292675
-0.3490110240978358
0.629939061635975
0.027625649387268192
0.08992892258433019
0.14714239849297217
-0.46726820950993925
0.05379317121992587
0.5991744282906746
0.1038573695113311
0.1404666078715556
0.0730662838541649
-0.21843958250212944
-0.17982224621679527
-0.32215772524045794
0.09079076521937413
-0.3384762507479552
0.5943321460492274
-0.3118020573139031
-0.199860723550748
0.16976807698338156
0.21419088452135518
0.1270989064205555
0.15138042889733305
0.05427204046813796
0.04390239037039873
0.31667562499319035
-0.31170129525187484
-0.23287463102220052
0.010089512581667771
-0.2742461796452469
0.07426614169765335
0.37023108666549026
-0.22147902571159184
-0.11068938431982597
0.12929413897113076
0.09139950147789301
-0.16647248771266943
-0.2371773661855889
-0.13584669054460397
-0.1592003111187253
-0.11235546309178004
-0.21137916010415753
0.3242948416930776
-0.2337379524245602
0.16934098647443332
0.2712494559071575
-0.10137004698393053
0.03670368513354095
0.1375215879410204
0.06241771852646356
0.0070980614322772445
-0.20178570079258012
0.07600552792801121
-0.16456163496194717
-0.5143833174608027
0.08987778505124887
-0.03566875076489188
0.10080175338798004
0.11884192396671778
-0.09154542579029731
-0.022520831637195295
0.29085144321482925
0.4266251048738259
-0.3435350244650707
0.01997453827198118
0.1465498018987722
0.21613760120234615
-0.24518532310789531
0.13120846721272236
0.2502617055396457
-0.4428324148502085
0.3301726267107623
-0.13410045422825653
-0.607416863070985
-0.2555592406226609
-0.13985102610012473
0.5870968380558274
-0.0018385127324385964
0.20521330339549823
0.16218903852425337
0.1427480725296818
0.1961826867552865
0.03431654553430198
-0.03687299006191337
0.07065013812837125
-0.28058976627765536
-0.5729671812309781
0.38409947856788845
-0.3405825154672516
-0.11516134728847904
0.016559199177697145
0.005469014509162852
0.15417652826232814
-0.43235313109678664
0.4562050185834859
-0.03604794334814421
-0.29671516878420584
0.20887354312274087
-0.05492278512853667
-0.1646119654558727
0.33171198547135905
-0.18986684635250897
-0.024373963689495706
-0.4063016365474272
0.06035041812550558
-0.2358059379586021
0.07987069211958069
-0.2822047918613252
-0.2697003527626172
-0.045692596579232914
-0.1260874517454398
0.16475042683124985
