-33.85094476239424
13.674456763034772
56.88646196887576
-11.26578406159818
0.6787894757508615
-2.932058801334897
0.8731760427885705
0.12988742820950838
-1.6789401049986346
-1.771715340186588
-0.9511369115506864
-0.29409855586412464
1.2395766190727793
-3.260455666154392
0.5596199361386158
2.268280386132283
-0.8444421123612498
0.2088198097236566
1.0808411400630231
-0.5392267991959716
2.6634397216618586
0.47738897370976685
-0.8425604125732665
-0.411367675841758
0.24433782829021697
-1.0851200524331102
2.096495255498923
-1.1460746298633944
-0.021871924179920343
1.2514206757109
-0.8362778889132388
-0.4145752483237796
-0.7860595411536042
0.7629837871597067
-1.3677352959430291
-0.2134368118084364
1.4859490807594993
-0.8231647568992329
-0.7231119833208954
-0.015516893166056256
-0.5117354561316659
0.4248381267062986
0.08297140901781225
-1.1031799416560413
-0.5063303788783702
-0.8231297667964264
-0.22788183031534687
-0.11393449912561003
-1.13545501199359
-0.474234937586186
1.6096702021385556
-1.3478038362807716
-0.7756628901957798
-1.0605336230589955
-0.8528237046905425
0.7409866210853503
-1.1567461435667048
0.5849221824681538
0.8270399341974197
0.2487145415778702
-1.559993751378431
-1.0008681777939488
2.1363740401180564
0.4246593779701903
-0.09964675948236318
0.8432270749666004
0.43104048728427935
0.7423223578357976
-1.1429402152447854
-1.2578973709315746
-0.6459791587154864
0.05277254963987685
-0.5112908586415215
-0.6018105540899594
0.3524349347064478
1.0154783582982423
-1.1427673988607956
-1.3814970363719885
0.5906872074607966
-0.7293249525512492
-1.9331009951611462
0.15374020176938943
-0.7634258992580031
0.046544698564243724
-0.16956124169422285
0.6579158647317995
0.2568687072815079
-0.134512765009245
-0.2998585824904029
1.3223723364050979
-0.36963274656784995
0.279171329653965
-1.4999003156795627
-1.084181767339967
1.6315066192635568
-0.8203988130078725
0.46360066213259515
0.38114292145227824
0.029134283517712148
0.013633565001377052
-1.1753824279221132
0.7640388608091797
-1.368026521053999
0.934841633189317
0.41955764478437607
-0.4165641706069641
0.10466441313112249
0.30233069197380863
1.7975450488721245
-0.10404651558001615
-0.3514649807050643
-0.2643162556980067
0.20465969983472726
-0.7635744844061857
-0.38978599938473474
0.42091839767258876
-0.4953881578674061
-0.4700101421868819
-1.4415692502892643
0.5152482308560786
0.7539653631820058
0.9085821589503214
-0.05944700392091162
-1.0315127177401748
1.5155515029529516
0.14188779411531716
-0.004183608496176092
-0.9972728822719716
