-37.66444516307461
-4.085474352686969
-6.456007645971398
14.737946503470425
1.217604709705474
9.368405460163645
12.355146978253526
2.027480305245497
3.8391695254072804
-1.2683820816563678
0.5053881930083828
-1.2845487903300536
0.43492489714773913
1.5907172131944707
-0.5962655016423376
-2.343909546108997
1.6611035035533837
-1.7045187193312605
-0.7245239019783631
0.04919379891266021
-2.1080761592329567
0.5510573538601968
-0.8238053163527687
-0.14276367092624082
-0.022950738903175644
1.8418136624836792
-0.44808432009582655
0.9747730982324224
-0.8200756358924506
0.4935434561262065
-2.1209612805317803
0.4763991148071844
1.1672196195258053
0.7956798353839016
-1.6713030735678795
-0.1729261082796677
-0.5035000035344579
-0.9625441374062116
2.044795069911811
-0.5883580508958841
1.6332819811042014
1.041823938422782
0.7813152668775544
-0.959890751694854
0.3756970041303713
-0.46103292441506466
-0.4123825534114093
0.16436997182613153
-1.0802818692059815
-0.29399908836661925
0.5312796383538412
-0.26541117444042184
1.4675615736938767
-1.0513390294381553
-0.836119661058923
0.567979124967489
0.6793470826617892
0.46397345633906584
0.6353340412108451
-1.1683952499678996
1.0291099918446749
-0.4253849431211282
-0.12173219288532466
0.4366360441193474
-0.6517269016755538
-0.4112356629787982
0.1618825755949721
0.39190022567585553
-0.8891998130715766
-0.3002027546665942
-1.7014204636617702
0.9027856540907222
-0.40537046929726167
0.8398975984663201
0.47472062165970363
-0.4167549157469538
0.08891770755682973
0.9913557402320504
-2.5444049061805645
0.2732869489170356
-0.03544612514890719
1.1201509686710391
-0.4750308846604894
0.1848389062611948
-0.06586856988585355
-0.44616373173288304
-0.1774883660621953
-0.49165371694643323
0.20099594859460537
0.887118299457787
0.3530377538645747
-0.3589667223360726
1.1972836580851665
0.8128402675174365
-0.9297534155508581
-0.7700306770024451
-1.7240691000039832
-0.0012097395703947744
0.6914211034230667
0.4566226287731912
1.092090998018069
2.7926866276228637
0.5574973881198068
-0.6836979774749556
-0.8399640494409061
0.5834636202530973
-0.2649680708401394
0.7851920500738474
-0.1959887449599875
1.4989354982391232
1.5346138826018412
0.009793391589369094
-0.019680321803984963
-0.6303733091138444
-0.16250806863652256
-0.3029785409101302
0.6581346586378571
-0.2833596248770185
-0.8651913650837708
1.321433643516182
-0.1375009362008264
-0.5748066114352373
0.5056386405606351
0.43040784394311715
0.29330993151196927
-1.420351195218536
-0.02985796141827071
0.3630788761644431
