-40.885302279833354
1.1202411561171532
-7.307672277968081
10.729183352433049
-1.4565947212163852
-6.484847114021846
7.6352669817373595
3.812162229900272
9.420941720595401
2.619035977905376
-5.919645414456247
-2.1204595337819807
-1.8156360793320587
-4.179926066280404
0.8011284787303237
-1.058574853317187
5.353786361920644
-8.435079622020915
-4.5285367003193855
3.078085489132479
1.3164342471406854
0.2632851899813621
-3.618094381954998
-0.5360582837690792
2.2156663906596363
2.5920692534694596
2.4831945881639466
0.9207984761153776
1.0586322705426
3.1732888520166296
2.9653152098058992
1.418731694626841
-3.2752156614117824
-2.1258056995011048
1.8808139984551708
-1.4059035739263526
-1.0785098700893847
-0.21971186385065122
3.5679589976470067
-0.6652397011003336
-0.20569315807710195
4.174286506571928
-0.4691276502463762
3.1251439944861974
-5.062183653435707
3.8499330441904753
-2.225446870001395
-0.4658246597629315
0.7916439335980973
0.5313950951551243
0.18147934712681424
2.4165280975160544
3.0193970105675096
-0.2830699545279517
-1.0926111591725984
0.6462437042509102
-1.2452390172361372
2.6839916892200364
-0.24818647340074274
-0.5670216900700001
1.9264935537427021
5.305649277752098
-3.8807896012525744
-1.2519197182628583
-1.4760484260593114
-2.514566693666877
2.249946651193844
-3.4324283324510305
-1.5403222209528584
3.010293538894265
-1.140431984628981
-0.1815062605622116
2.7631848537685784
-0.18451595812276222
-1.981475766332476
4.168130606154513
-1.0722263832369248
-1.6646181431805687
4.306980107100994
1.525057821810319
2.3379945772227413
2.183722876930557
0.42430585059507975
-2.465139212897493
-2.3933308044487793
3.147316854483357
0.7656878800190061
-1.7320630566240216
0.01982707795161919
-1.7498856432073735
-0.12552895899953773
0.5144263919097394
-0.03423672485207183
-2.828875933704753
-2.464945712615164
0.4040279283965257
-2.3240268078649406
1.869690976321189
0.9200376833767621
-0.21835090953244576
-0.5289472769024574
1.1208401640067316
2.0609667576781114
-1.08909081848142
1.5993613548470476
1.004714630248511
-0.5693647649135131
0.5095324263627392
4.368442948385757
-0.02804229611230412
0.3995606492134246
1.0229102596916313
-2.938491083690242
-0.4927051632974446
-1.391348692506539
1.3669020357737593
0.7925430564442318
2.0135266700862244
1.4438467639380639
-0.986239622446762
-0.44028055334291694
-0.9297113293666156
1.5289762541617535
-2.2075180197380257
1.3171039141704735
-0.8071788460648137
0.27414235644119384
1.710584029125185
