-27.21172125274636
1.3152019177702046
56.399466069867515
12.688973192565365
-0.3553184093927455
-8.97076212849512
-2.8432690491333545
0.8385977790517124
-0.13828396679602897
0.8147604026586552
0.5908850207321611
0.4856153816943224
-0.1271953298768766
2.748961109149293
-0.25481448380418753
-0.6124125126479112
-0.2988654623153533
0.39012952479151763
-0.2688561309753677
-0.059733264518680024
0.3954658994149446
-0.44766699583534164
0.018610567048385512
-0.8433113407019506
-0.16692791729932938
-0.3987085359708716
-0.49257801655061484
-0.44948253028840307
0.30335677355129786
0.6561366351460884
-0.4115559493370017
-0.6093876234753729
0.09600976390292604
-0.5571871559685236
0.49058050691375865
-0.34455855016498727
-0.17803068980852788
0.06774187982900809
0.2856646901420402
-1.014271242240876
0.09112125147509066
-0.16765163697149074
0.25688897111753606
-0.6262087724835138
-0.979154330218372
0.7326978727377687
-0.20099781523536153
-0.7227153326607006
1.0625681812825563
-0.3496094601478167
-0.27498976013633925
-0.6131856168247088
1.0550564220394179
0.3857794343387981
-0.227022998709896
-0.12269421750681582
0.5458322058508751
-0.14657612013578425
0.15186659348593357
-0.578858959093737
-0.0072065979893613154
0.16687072844874776
-0.21269054252058062
-0.19239349659858213
0.37395803613024914
0.2611631170096338
-0.32201092354905175
0.39577953674394845
-0.6197442365735748
0.03190253712898938
-0.060582736053002295
-0.21036324920148064
-0.4302447425934964
0.07360498583388263
0.493187786401499
0.36074533092640043
-0.17334747446698923
-0.20565877160469026
-0.5747699982447529
-0.6558192686727226
-0.628816035472527
-0.5525747516328182
-0.2364852884229913
0.006017325860090371
0.3588627844470087
0.46349455259275096
-0.46350429370268587
0.20463371071257086
1.067348682547473
-0.3111423580172724
0.5976875305841314
0.009289515180465852
-0.6485972321293222
0.022201465800665558
-0.14449007692228633
0.09125748204367626
0.5277290597675748
-0.5707739737625211
0.47955741652757367
-0.1841700847405591
0.8890425026679144
-0.14622139186772648
0.12292562707432354
0.7951325473058013
0.5998011835570095
0.42850114588657173
-0.09933892943136202
-0.19852144417068499
-0.17405350452740714
-0.3543347792750987
-0.08013348826563318
-0.3271019524436738
-0.5210461314366708
0.154512031580838
0.10199868616584452
0.2377220607710015
-0.0719804025452945
-0.18648774052722786
0.3146252932240062
-0.5088321591289416
-0.8763774896156176
0.01904064996254297
0.3952129847721664
0.06582137854322448
0.08802157882353168
-0.34504452019279813
-1.004952383826901
-0.4702401220872901
