107.47731385497835
11.179048964120728
22.300616808666106
-8.967765766237017
6.5211098113242
-0.9767327263084175
3.0907954337233434
-3.9638595785631323
-3.7349267604389986
-7.026313645697555
-5.337380309037638
0.37517200737082335
-2.652882767646043
0.9398234345380505
-2.090361522012688
0.5024617531562493
2.7646180766703474
0.5427897306097219
-5.737478815566332
3.7973617178990335
-3.163937531852725
-0.30892013912986177
-4.708907891431435
2.984039675183898
-4.950825331889989
-1.9282034955690601
-4.39712585707105
-3.0609721434951043
-2.762128921945358
-4.093315873023138
0.19168280526293624
0.16171237273781758
-1.593351418094386
2.2169274544066404
1.710738293009941
-1.3553275179177238
1.134125375380504
0.02158079779012887
1.6029348391208937
-3.577950172211431
-2.3756643332702074
3.0452675470935735
1.8451165391126407
-0.5144970601319371
-2.1428640338930043
-1.3919367745833624
0.5844891221998131
3.3104788857383927
-1.3378257205083897
0.3593849811843409
-1.2014416383548878
1.9694918120000422
2.495830335174992
-0.13176162929566115
1.7586326659524751
1.7562613601361512
1.602902873720651
3.7586248888451643
-0.3687118365996455
0.5023073408591309
1.17040938647937
-4.418194379943029
2.3043778311732632
-0.7361681681930881
-0.6523239889699789
2.163914812604519
1.3606767527097376
-3.3390863720090618
-0.9404665215789232
1.9874813448200894
-1.4652955332590318
-1.5319307562640074
-2.5773272491085897
-2.5014439671977704
1.5397758394950514
0.2756108719770733
1.9944648781456602
1.5086104959126507
-1.2941849333057054
0.896241438998065
3.086868124767326
0.24061139060632733
-0.6903650050180736
0.571631510713667
3.4889802080942727
-1.8842790953114434
1.0786424228404883
-0.4676762716084841
-0.06970891935789007
1.5433797484258074
-0.1894212666564183
-2.079303363672086
0.9311610924756063
1.1287970039505189
-1.749437771215792
1.431121036180759
-1.396547206488889
-4.102101340947329
-2.2491775761458253
-1.8314134820973258
-1.4139934667690435
1.8888807429204557
0.21774433128288082
-1.5113650790458513
-0.3672692302890882
-1.7988210192393383
-2.6368548127472615
-0.9766818520575633
0.16772120235938623
-0.7283598189356192
-1.4109266593067094
1.8292608929854037
-1.080078061674375
-1.720555616824707
-1.1631701384399382
0.5911032447826865
1.7905948949904829
0.25057158887409176
-0.9766522984032981
-0.7449741214149554
-2.2044694754472514
0.043829960393455714
0.3927540448752087
-2.3793937156201865
-1.9747020147096426
1.6730805987741573
-0.028556136695813916
-2.213997293129394
