90.96819441798162
8.622635401053698
-43.19657069527868
-8.264379636171462
5.681804527967374
-1.1117845494558192
2.7033313213394887
5.941694289333097
-3.3656998946405055
-2.7071165958819567
1.27557914761862
-3.5393618223050876
2.6568106609941715
3.732220308860522
-0.46949954626382395
4.184797156332962
0.46437657852747094
2.27615903360656
0.17552836775142527
-2.236256466190562
-1.6579961640721108
3.9265101342302295
1.164971508881629
-1.566267276609194
1.2974060335430473
2.5722767765169796
5.155947402899474
-1.4270758963121652
-1.4559782300359365
0.29291262226781484
0.1757877369511503
-0.9888651376727732
-1.0505289997312275
2.505417151846952
-2.0787558900231016
-0.3636568874484474
4.192474541115413
5.345821776116304
0.8609817538777491
-1.201075801335359
2.211735913346779
-1.6432180442925122
-2.0185517315927317
1.6396950662747176
2.917798974318529
-2.035559666444325
-4.18846758392413
1.372949434696912
2.4254255335641237
3.7309251172792974
-4.89684819137507
0.04831612620642478
-1.7775337548229624
0.051283651502689945
-3.7482993877695336
-1.6687826527610727
-1.5479267392848786
0.7218320839873045
0.4845909580130551
1.1864877821473399
-0.6932275164188855
-1.8831334014206917
-0.4940997478322359
-1.6219202899326566
-2.324003574030492
1.1710121891065777
-2.1916501301561895
-0.39791987376820503
0.9141899950667334
-0.43219605208634193
-0.101744695200498
-3.1876234243364663
-1.7501053604749433
0.20746513272164507
-0.11115821590896631
2.7700302531621084
-4.889915369913541
2.539529222042713
-2.2303313839184105
2.577793000207218
-3.5734652265055695
0.06069026093183996
-0.6997390455609938
1.6536311967844937
-0.6371911287041052
-3.9663659916493494
3.9077928601715923
-3.0804629479789085
2.5932288661948038
-2.9289945793734056
-0.27082672148909803
0.6812272998085358
1.0566606879261904
-2.5913866965742165
1.499267425153031
-0.3442289082788203
-2.5863673858694867
-1.6594769686053124
1.3644590391095908
-0.9979795714174036
4.2908307795269325
2.4417090082801804
0.3435006827190236
-0.7350993685696394
2.061040091972081
0.046771214100805
0.4933042325281676
0.39959742557006656
-2.5363678592124965
-0.34644469924924276
1.1148825626228644
-3.094382716598959
-0.6620255047634895
-0.950262913630536
1.5893063852026452
0.44587031592263093
-0.27958158364749214
2.8213366356254332
1.2873381856982722
-0.8833353755915109
-0.9179005508093031
-0.1691595235336706
-0.48173124890836916
0.37853161131264623
-1.6182712325520865
0.6413853286442689
-1.1693110819198824
-1.2415975408263797
