110.28917285260658
22.536755439620787
27.49065691762468
17.040407789565663
0.7262245372006036
8.470679081535774
-1.0747624894599597
-1.7458255242254885
-0.41329007441267196
4.160562343864073
0.7172600586421931
-3.275174165880931
-1.480304061533259
-1.3772881893845357
-2.447163196864388
2.4312233089476267
0.5594367766645452
-2.382700122213153
3.1784008004232707
0.49840527573713567
0.9476112783382562
1.0069819955892632
1.708113210848265
-2.873391598999843
0.6005143311976264
-1.3351125677665154
1.622288483322021
-1.5794277484786048
-2.426191976997365
-0.4740102575095332
-0.1056459784750998
-0.5927586241368163
0.9759874288498103
1.3083502763980634
1.9817887832815968
-0.8098342611904773
-0.3009692317987098
-1.3703679248734102
0.11501296940336457
0.3986609799097398
1.3208066520638098
1.8961913326490827
1.1176174164464168
-1.4997476694808285
0.8806203353922459
-0.6396404820370843
0.36655190935335624
1.0718904930317459
-2.6931562677867054
-1.9563752761224533
1.9149504016357135
1.3479179416514369
0.23149606571844905
-0.9029943285551074
0.40988582289491393
-0.13950723649901803
-1.058226549794038
-1.6222921780731698
-1.8391245695734333
2.087863690822489
-1.1874621945526578
0.8884485439823426
1.5385051174198976
0.7343163780807251
0.6077861433105628
4.0834028530336175
-0.5803439623865234
0.19921356000481905
-0.12958263541306897
0.0924680989067876
-0.9099619746589331
0.8018365528780895
0.651771842609667
1.2223096720854432
-1.4953030569749057
-2.8400847450304485
1.0332213778944048
0.5357132490006471
-3.202045836430404
1.8761186690884541
3.1600640800160624
-0.778815917154242
2.9209167045626194
-0.8601620295984758
1.930786415371871
2.39016698724747
-0.6919556881150194
0.8671589903129484
0.12969912471540834
1.3016581292251606
0.07102497735583053
-1.7630170424181202
-2.1279122110392663
0.16853386683748206
-0.4934341036325086
-0.03107887863624087
-0.1755488251963895
-0.44148212013291993
0.28661163836348613
-1.353157377183495
-1.5700476146191988
0.6322619035829338
1.099302140755806
-0.42958830507144274
-1.2480352840033138
0.8990240008782411
2.4443890973407956
-2.406385363207425
1.5172730850600147
-1.9903800692390852
1.0675745836466533
-0.9347144721935424
-0.3578066607104268
-1.125646248345686
-2.2884379411391786
-0.7503223384690183
-2.748478415091456
1.8227742757199876
0.6740209268276492
-1.6768773342491317
-1.274742357154611
-0.28872686684618387
-1.125926762095878
-2.832231294671058
-1.02903506273167
0.9045058974770951
-0.5308809645388288
0.7566277009325502
