71.79143255001856
63.64561189578045
23.84789559736522
-3.834652187445038
1.962099527110623
-2.379382889904313
-2.550164890937949
-0.5494118423381356
1.2911557790702985
-1.126590146123778
0.36478536374800397
-1.2438399827793847
0.5662195533556222
0.05804301122140365
-2.0115884489408966
1.4210913833652044
-0.6281346569022811
-2.6449759845121688
3.535657593005711
-2.0054328332139435
0.9497750805293221
-2.9460480299381038
1.9916063133050999
3.19845381047192
1.7600411875653357
-1.509549692649277
0.791293147931895
-0.1077320385029743
2.0524342284273795
1.193110658479231
1.4738062679900605
-2.7304100147339154
-0.6604954046989845
1.4973359994683704
-5.497470990204551
-0.2108797809418111
0.14977226938996152
-0.30067596211630354
-0.40187698396986127
4.171562245282498
-0.17184421229026764
-3.9851126858640944
-0.4068054303747556
0.6774938771466644
-2.999817390663515
1.8812837508313485
0.8046097724009956
-5.276792797951927
-4.738152023109569
-1.84325509367005
0.4626910250370189
-2.6164437892519916
5.181432272992986
-0.5408156591989759
-0.01617765776281334
1.9530241228534195
-0.7842675519350345
-1.3172747089531984
3.1967619580644855
2.4416735302066543
2.931637553058641
4.724308487116898
-0.3967775724498342
-0.08767828570841504
1.4940185936722634
3.1151602041010307
-2.1054847621816943
-6.189355151095258
1.9696206341903792
2.408740475627284
-5.2336830607274845
2.873620271715197
2.8933865955522577
3.5562625882820025
-1.1149129221552134
-2.514592846711285
3.842720487258291
0.8027200922522999
-2.462321621898192
-5.148425960316432
-0.01813993840589089
1.6559590037665597
0.3034949597184284
1.0758642039253818
-0.6457397363674837
1.3306465515019694
1.7109887573028983
3.8319754629404925
-2.5630065464245195
-4.9342793724862455
-0.17859943313288057
4.483210071971789
-0.9602170666758872
2.975210356069476
-3.192286585995145
1.492261622326334
2.2574713990756194
-1.4680926432872305
2.418670735460025
-0.7515762879255485
1.2409271900858998
1.3391997138547855
1.7443463156394983
-2.9073833882854467
-0.6343937115522114
-1.601877738630475
-1.3070415335473973
-1.1128423016467102
1.607452869747846
-0.2950440925886063
2.1364127326943896
-0.033106086504066906
1.1057482385101265
0.6393681185702286
-0.31910847623279914
-1.092500180702844
0.22091363685521187
0.16495274760373374
-1.6776236358590495
2.6865855175662863
-2.2232591873016414
-0.15917108152077303
0.09246326674584712
0.2577725341627414
2.8871953125417855
2.3261078330868408
-0.6142554757092911
0.9475983289248658
