-43.869875371757374
-0.0020435594921822953
-7.138927296378192
-13.462193022200072
9.253778965842884
-0.18985551757171076
-0.9060266755602118
-0.41123337243925573
-2.722777272618763
2.1451397144798916
0.39887242156308594
-1.26137443540326
-3.2448748774570384
0.7412414140721472
0.950729513735046
1.4687513264951468
0.3701873136853117
-1.1518292888646424
-1.035651797438456
-0.8991093518582856
-0.795702282494191
-0.2680394983047365
0.07588836450470351
-1.101574330643567
-0.3891861597386615
0.614748733075076
-0.5934917895578213
-0.05533660973951926
-0.957583518736492
-0.29993226177711163
0.7519762547210838
0.49115226679827156
-0.16039425918392186
0.5374428814874016
0.31455636424804156
-0.6383788443208829
0.07936904592151717
1.3789486140922116
-0.8665300103220573
0.5576096597012223
0.8885216369176029
-0.33936893504222687
0.03947147210446024
-0.49417314246668825
1.5573815187920845
-0.26046764489969076
-0.4539661303152044
-0.5746232603081227
-0.931401567923857
0.6984474460105241
0.8339907936424962
0.6878734013035726
-0.39768834933657776
0.22244971746177697
-1.411008462132922
0.40004466929995597
0.31761296679754153
-0.9186917751223699
-0.2293382221585301
-0.2842408037803006
1.0799121981006614
0.7602548352417609
-0.24920153501202605
-1.176654959955137
-0.003849577094396761
-0.6252842709151372
-0.4331119549996739
-0.24582153872982915
0.17386362225570062
0.83879289123165
0.7851186495793675
-0.05389308921929622
-0.4512085641218815
0.11864863947453888
1.094590787422064
-0.31323288556848716
0.2923595969629458
-0.036395475814829645
0.11626642956670946
-0.1998264302084647
0.045338962611873895
0.341169050323478
-0.02741508560379787
0.16622925312233544
-0.4426596025417958
-0.6375844498345716
-0.008060650666392211
-0.6831373983057113
0.21057084050079827
-0.07338787355566587
-0.3382433934550755
-0.2342082130687515
0.2002550846025627
0.7694108630179519
-0.18484193146405054
-0.3641319010270293
0.8763229962103285
-0.6475469319675656
0.06777855882696251
0.2871792383660553
-0.5247600511409843
-0.4182844777211383
0.34663182928353786
0.48347055440118575
0.04289222348785806
-0.22757576553632858
0.7786258250608107
-0.21061700949115295
0.5201445668535384
0.43027048311319027
0.00041212066762245925
-0.09517932979926605
-0.29079916329482336
0.6934934896328739
0.2742920851077224
0.0988408473091984
-0.3548738679494841
-0.10313871452863094
-0.21310646332170516
-0.0035215202138427354
0.18315887584148907
0.31756670340736354
0.4978107345709449
0.42732641122252885
0.7399046389701178
-0.6039985359011412
0.16368207359924056
-0.24035825784570236
