-44.92287850777633
-0.7115949775704513
-8.39675663149778
12.516956007164135
0.22861013710778755
7.723231384094395
-1.995665757995717
-0.45696564691260294
-0.08507432844233433
-0.5240416732746799
-0.2097448361005501
0.20355618795904645
-0.021724043758300893
-0.03147327033795855
-0.41260933446693265
0.10344857524258004
-0.1964575391750819
0.05736301566232222
-0.22180874096481432
0.4262358375330758
-0.41746244615172545
0.1710421835531356
-0.47900429077260676
0.33063278919527406
-0.13969230406092992
-0.07246203729449543
0.16210998131860174
0.04176857810464525
-0.3185260307209844
-0.4565922726970695
-0.3492467203012295
0.17981004049192936
0.32086739670831155
0.0048876414720841685
-0.05556494007474694
-0.3486927980551129
0.23158900575152833
0.06519400968191028
-0.3738347547290443
-0.2811073455371154
-0.26916572603253947
-0.21321523491346803
-0.34808807521268637
0.27212587871359667
-0.14560199701577758
0.17946889522621962
0.18274119597131033
0.2547512219413492
-0.02332310393160513
0.023310719843893463
0.20052656294842364
0.1016612579047633
0.09115892208285845
-0.131244830476684
-0.12097546447247619
-0.19668645309227417
0.05063238825237082
-0.17459638490924892
0.03232831907171675
0.14539171853723626
0.09641156594824618
0.11623274475607627
-0.3098610822088093
-0.1774418923202827
-0.011298688933377168
-0.06622415971317779
0.198776164475932
-0.056355012236815265
-0.1358973660575208
0.1773519823750594
0.15722817352737117
0.10543208841380784
-0.21822206687037632
-0.1468818994292731
0.21709258604182735
-0.14678911100932537
0.4006454301974621
-0.03876621930452803
-0.11158356132588856
0.436347408785332
-0.012365185295081245
0.07165810039262308
0.09479400246904345
0.492301592705912
0.1914640386437536
0.08559047846928981
-0.20909354527267807
-0.06307642508018016
-0.15540216293680323
-0.08354725596652171
-0.19743824572481186
0.020497448324334214
0.0692719046197109
-0.03017668325472008
0.09231855355596033
0.3599678407696294
0.07556145096053371
0.12698789657918358
0.07542340913054119
0.2770577262319703
-0.15069193828170957
0.11643338253924795
-0.10976703172493057
0.06644593611939971
0.15080082322476673
0.10771448320504445
0.026057366666189706
-0.11017596530656777
-0.1362081924447696
-0.333266473932407
-0.2387503066370875
0.006457811854834267
0.11443932630623432
0.04570657722185327
-0.30510279469347906
-0.010839235839383007
-0.06148643145588102
0.33718758058978
-0.15667929849362505
0.04285925599768532
-0.08370360327759095
-0.13306458473990457
-0.031648626126707394
-0.14177586230563158
-0.20342254588494396
0.3910759707413295
-0.16965642643005718
0.023633520577308616
