74.70555410694789
65.42569051997098
23.437266527021382
-7.97954677576776
-11.147476625928013
2.390206433517362
5.332546473211021
-1.507891253921684
2.974037007915176
-0.710163549971931
-1.7335614915382467
3.1099553414230185
2.672008964691436
1.2385605665964374
-1.1647704260256824
-1.6092674820326085
-0.398289652866617
1.2633840006674641
0.34148740352529583
0.06423435091210333
-0.7173222994730128
1.133806447772005
-2.124146394365915
-0.5407501030737683
-0.12055300028909971
0.037750927540612544
-0.7180688681117615
0.9836899174687608
-0.7953174412866396
1.0413764913823997
0.8084547327364138
-0.7324149004328088
0.4098831627110535
-0.45398273214614276
-0.2981210059116122
-1.0229986734692136
-1.3674189830435435
-0.8700065437308913
-0.43309913759919594
1.8231679800056135
-0.7093434993887501
-0.62024140416172
0.4228145684057296
0.1238212019219318
0.406197140164132
-1.7486946851262382
1.9340691228922626
0.6576678360505616
0.38163588425989964
0.5915150022674682
-1.143067796413579
-0.07391705193227865
-1.9055763099404535
0.5932109341967005
0.8197140335655491
-0.34004025368904356
0.8581245875441368
0.5196035540976002
-1.2806882406006812
0.9194329528102504
-1.034622217928327
0.0765298421629945
-0.6411093059417845
-0.3422300711060432
0.46227949316857164
1.1950961532590636
-0.162453746491753
-0.5211490934116261
0.6327845290740002
-0.32854721823225247
-1.1459070482774125
0.3013451354083053
-1.4954980573587675
-1.0680704783971797
0.09606296353687888
-1.1426350228869855
-0.9216586811490003
-0.3643455104632559
0.5069323926480995
1.0326303285005536
-0.24657739675236423
0.4043541193436036
-0.2583918907990612
0.14695990440831322
0.5890592855328259
-2.1180215365591852
0.4278216607209242
-1.1613167808442593
-0.2953031086921686
0.5072935382716636
-0.5131686885738191
-0.6973351855714645
0.08701284668726841
-0.6814864050777106
0.12818700366594432
0.5755377640156352
0.47655622118956786
0.12386413217670755
-0.16655627118162125
-1.0116215121759038
-0.10960939559364206
-0.007340987748213276
-0.4389589356845905
-0.1970160988516789
-0.5036143963547595
0.608992865144865
0.38191020114283697
-0.19999396493971308
-0.5483840570367908
-0.24177434924891283
-0.4591573676594361
0.04457727664482737
0.41938366412887185
0.13304007180778177
0.23313183690371383
0.20147761143948262
-0.35159458791058745
0.12392784245422758
-0.7597802420432264
0.2552477309716213
1.2276991879097925
-0.204394546906201
-0.14927961199549677
0.4652136789783414
0.7532032439972532
-0.20693507314110535
-0.26763406054488076
0.519321322202804
