-44.825455028716874
-0.7897759744786745
-8.247968891112823
-12.28888395142643
8.151257035215483
-0.09192338238089741
-1.4767407788346463
0.0338744785365237
-0.12090788824017577
0.21916844074316072
-0.1255985799616272
-0.020388898813300416
0.25007415589089665
0.3116452192904353
-0.6616990492359467
-0.16398404448658657
0.16348189028530472
-0.08244084990420578
-0.13960243336437364
-0.38476773464644143
0.5893218111730184
0.25491379769743483
-0.14942821096967968
0.2837060121107885
-0.31665460746605206
0.11412086000989512
0.35230954055242786
0.055741550711703704
0.2947131113213054
-0.4344044086795473
0.3211349575669472
0.12946717797043503
0.2513350400333292
-0.018497138102047322
0.20835856400050928
-0.008104140639716012
-0.07281087953341668
-0.39361366254909297
0.11617504767657669
0.24526415013657177
-0.128674640071689
-0.10652690865516223
-0.11063694482782022
-0.03401966737814134
0.3686467817382702
-0.015038686019975538
-0.05820856902792704
0.3518661128126341
-0.10705101134763406
-0.41216524618602546
0.10639999634861194
-0.1935299766818649
-0.6451289845078562
-0.19335002469408546
-0.10946986998162142
-0.00047850606962372005
0.009743843507455233
0.09961735098130124
0.06976044906538165
-0.037069584937900996
0.10835346387702094
-0.17031409936814026
-0.03917098480787731
0.22241220328927747
-0.3975734600965323
0.38308250732234794
0.1365542100596186
-0.11970466009064032
-0.001974562755832507
0.11699441829084625
-0.20292845669836962
0.3216690153386278
0.15826391276762852
-0.06406952942959468
-0.41218998213615804
0.21481852701407225
0.2719469922972141
-0.1092451606234936
0.012631565317747714
-0.037689645438677005
-0.363685066667817
-0.002448565850567533
-0.36620837759904146
-0.2822111095773412
-0.08338802769759784
0.55547366747898
-0.33158441691685114
0.926561550151601
-0.35413002214705286
0.15402636818966414
-0.02118997587537414
-0.0023823512899879794
-0.14848732306645715
-0.12694049559076703
0.030966061038571177
0.05456521833015434
0.00013527624709963604
0.3803224558860394
0.0025242013172367085
-0.32876678004041204
0.4356607991242115
0.14386433570897447
-0.29261393501979494
0.14519586069934637
0.16667227144044974
0.2607193501198935
-0.30747732363734875
-0.20420290276919367
-0.2122779474752211
0.25013280996503345
-0.03162983464445535
-0.10497655232222153
0.1981633317057638
-0.14510861899543404
0.013447879650461667
0.04078457241685292
-0.2898638591461827
-0.3329040931962737
0.26662081156157125
-0.2199818258915504
-0.0800233638391489
-0.11123514623093937
0.08181101168796784
-0.15210800230436616
-0.22845166140485232
0.1946986508051846
0.13847631342941755
0.3853929777534586
