-42.422636220310366
1.5368549437360757
-6.544945713098364
10.322369176571275
0.005710511881173164
-4.839311693382421
8.758706789616909
5.38951897256899
1.57995367094269
-1.1137543659090456
-1.2423736437090271
5.812512102943442
2.2078701635822657
-2.7137813339964643
-4.887033961267058
3.1818581749275774
0.027424053359144097
2.067136337216286
0.6598446098693127
0.9217086449552243
-0.956598718005454
-3.455472726554099
4.127554711139048
1.751086491880571
1.2316092142163129
3.4335293310193657
-2.8286362082657135
2.5975066254645247
0.50920111911411
-0.11651757758957215
2.300385662628556
-0.37066519953367427
1.3497850813111902
-1.8144851127423498
-0.5865246655664211
-1.538002410565383
-3.3888249057644595
0.4264652892758912
-1.7465351584571014
-0.19020973175022415
3.065254741601379
0.610310296725033
1.9121168356479197
-0.8302996202340394
0.07955126258087863
1.8691298704287087
-1.6366143872943506
-0.6424616834874811
0.06869408321505913
4.167403744776399
1.0915553425330078
-3.4547686193561438
-2.209237959887596
-1.3212081101273783
1.4987374931416035
-0.5519778532211567
2.4379312176097745
-0.5058982596321839
1.611848944784615
1.4706122669732684
0.892799978819931
0.9320198140581992
-0.4494895925692212
0.5127306076029576
-1.299438216275214
1.5351796967458067
0.928045479560516
0.6933575035136663
-0.9483101945453751
-3.404396018562077
-2.608500144588218
-0.4669161240350697
1.9380353740809697
-1.0543310298133841
0.7583266224413394
2.518558761090817
1.609372880861654
-1.0236138113868727
1.134946397538684
1.5413201242521417
0.7647969414803379
-0.5776577649729455
-2.134445300253396
-1.652863440588475
1.5008425845516438
-0.46562395161917114
1.7982832200435763
0.17621108422032888
-0.8143783450331783
-2.415787393260945
2.189388786177642
-1.9936127205122824
-0.5552684230098885
0.10201671091806183
1.1431560576984
1.0264558847442005
-1.439363411651147
2.5532583161517497
1.9579836214437303
0.12343956935474895
2.4358295463589013
0.19073692588507152
1.0289138194311451
-1.8667761483574956
0.8323049318476121
0.7640706543233797
-0.052940519004090705
-1.4171223712149195
1.6462074078896112
1.7475831672672624
-1.1298349152143004
-1.64797185984556
-0.9805775355293881
0.10454970602067466
1.6880827772783538
-3.5413545379613947
-0.46181599563858067
0.08265610746634994
-0.8368883058394907
1.3573800657171842
-1.743417624343644
2.1961221001892914
1.262077127464243
-1.1407594279278381
-0.8090135054209041
-0.4254350803286867
-0.3624352538763912
-1.0269229872301442
