78.06657345910733
42.46349272158123
6.996279927124537
-7.3479987451782485
8.982689885268377
0.19209908755962157
1.7617844528462374
6.400550640179385
-1.1591810232660897
-2.563947430481454
2.7650297289425425
-5.820995124736078
2.91207102745775
3.800106763011529
3.458558268587616
2.389854237641879
2.354243694540377
-1.3555121294749897
3.391618397458026
1.6668554642802629
1.6469683765438412
2.614965812883625
-0.19943707156625132
-0.6809763372325004
-1.3011714453481715
0.3918276416442375
2.6813766903431713
-0.4202025484113077
-0.5443420598763296
-0.4807035976283399
0.7209465681352207
1.05554303997976
-0.8073635566679649
2.8183521890954544
-3.222472355256352
0.7812348838612075
2.143875619603133
-0.1948257630192261
4.593931138621765
2.4542153755694476
2.7105097999940257
-1.738597914858229
-1.0797528436410575
2.91425546369744
3.6403957094937764
1.537298225973811
-4.7878023996391414
-0.7127678102381098
0.8062334136575634
0.2558656869371595
-0.35477740569173005
-1.6478005863285778
-0.5607862334699951
-1.6777168146446877
-1.9201631940436885
-2.1822157166975944
-0.1398595744991262
-0.2724612914789543
-0.5666718190548503
-1.4721078896155098
1.4275924059191283
-1.5727067994189285
0.7919888647624802
0.29885403896104046
-0.13985949689339972
-0.4599655078499998
0.6675986276330066
0.8091557135238965
1.8242971404998192
4.056400199813279
1.202922032013281
-0.26123312360335743
2.696115662636606
-0.9766394418307182
-2.7722535300214215
0.1358029712598691
1.1559679997329788
-1.6758707563316142
-2.6631452899540746
0.7162428889443883
-1.0145480919033456
-2.841825079263784
-1.9551443321388526
0.8704554422325117
0.42344274409874993
1.310162267760161
-1.6301046891188125
0.3502859443924379
2.4660881721703523
1.63745659524422
-0.8456190404547226
-0.21677872697020795
-0.5060463428657231
0.9446887942187593
3.088585048181825
-0.3638983374064957
2.8558532960681022
-0.37882154979006244
-2.370407849193233
2.007940269090864
1.9658298925121735
0.6352825210659239
0.3358244333150817
-0.5387702785926258
1.5934822756130822
1.4484238018896833
-1.8447813824553891
-0.2229840168447801
-0.9811427435431432
-0.37274347386337664
0.4184453448793749
-1.8736561715592024
-1.4274953003912825
0.6483378973855523
2.3837479339542718
0.9540614162891876
0.4284404543680789
1.3929442445577407
-0.7337089038424391
-0.3600764734382268
0.13810265661237928
-0.19175180181056997
-0.8779710224025502
-0.6958920607591513
-0.301949587303788
1.7683039756863441
-1.1483214945903
-0.2673974004170123
