-36.88825357240195
-7.4718946576739205
-6.668964133456251
14.569128986000958
-0.2527685922711357
-8.42913128853261
12.683881371462109
2.257414591151847
4.849740961624084
-1.2727944521204628
0.5086616477224745
-1.3044582554631667
0.13141335208385452
2.1743661179437908
-0.5358716343049685
-2.1658954537816766
0.6347520324784515
-0.9595305608760205
-1.3353661901229168
-1.5733966142534646
0.23459404274833828
-0.2773533100967709
-0.8049433694694046
0.19254185483961986
0.4751536772627552
1.2306046158157942
-0.303369553223569
0.6088876353128314
0.597162335400515
-0.015949681597295762
-1.3721329995966312
1.3284005973726247
0.8984395753095707
0.6952210073424765
0.06548155600883104
0.577367084257362
0.35705131686645597
-0.47287267910513076
0.40182794091922786
-0.6169208592982321
0.17912919538248498
-0.7931148021489308
0.5600320168034763
-0.7514511257855836
-0.6140172445753211
-1.3224999399001944
0.009081125838911464
-0.3688992321846457
0.6616049928564529
0.7696108560806837
0.46524274251555736
0.23990924380368078
0.8267177378222053
-0.33903092054429085
-0.5291207559223896
-0.6599869373936844
0.226187111889549
0.8821148564794955
0.539176810467992
0.03952165915651895
0.8765695223274947
-1.228250373295033
1.1552610886144976
-0.04541341841843388
-0.07983135650819495
-0.6280544157244096
0.7340893788098308
0.6141701311160421
0.3231310707064131
0.42468572159210205
-0.35106654112293595
1.0498633476747332
0.5628554564565793
1.3672954516112499
-0.23617451391515443
-0.985485988489479
-0.7550925184914011
0.06026398069824096
-3.0899735093493454
0.26481307284662303
1.1530620463621357
0.842071020875187
0.4712989234037913
-1.0634825719851568
0.18944152345369838
-0.9460593211035008
0.5716634844181523
0.6196825563153018
0.04463406436364714
1.1174115827041569
2.0846862473026833
0.13503188807042857
1.2917074672995956
-0.6020658643510686
-1.0636496264716173
0.9864594641313145
0.5267020428310899
0.007270881952376268
0.2684685290439701
-1.3435091346902772
-0.33859662236814203
2.009173075996419
0.4135169630454346
-1.44169725551608
-2.006431256276089
1.0669402274717839
-0.33279652008966676
-0.192178654513391
1.4728660703623333
-0.32956259095659335
1.2929217740106014
0.8159448680784831
-1.1686412990532284
-0.5240266315675869
-0.1756041457220286
0.12823429256745547
-0.7036037035682352
-0.4232847349223647
-0.21067177904307166
0.6786240593133939
0.2205898340125155
-1.12690340447395
-0.4701247052372417
-1.3902397324822404
-0.6786784142476718
0.4252544980371991
-0.1687893090362302
-0.1899450002144453
