-71.41096313368345
0.843027769640253
-4.999214596488467
11.510575013732703
-2.5567182410344467
-10.468057910928659
-1.6750844485928054
-0.9244241512507041
0.1729356070968174
-0.7610037719605613
-0.29751085605043737
-0.1827755609790302
0.4639673829919525
-0.2875813803330469
0.05847513680558322
-0.07354408979690633
0.15385862354628269
0.12006303152774755
-0.2093333942074973
0.18809146369531404
-0.41293312125988657
0.03954024417965541
0.059555799808409464
0.27309608894024984
-0.10649288441635757
-0.17633257032185304
0.2938283027670081
0.685755544561909
-0.16366414229994597
-0.3097435080150197
0.1700406708856512
-0.3424856801714463
0.12159768236347143
0.2750947214105622
-0.4772953061168549
-0.5728862143875775
-0.44079066547110657
-0.13191659369261455
0.17923108506595048
0.11752443609505117
0.29732059897073654
-0.06697664438867587
0.23881113208704485
-0.38258749215386867
-0.06195517597387187
0.2624502705312775
0.33846291046083216
-0.18604862732265492
0.21995114575410218
0.19144648291639232
-0.005397494463817043
-0.38136029836567675
-0.15869083870840345
-0.2518777392315837
-0.019197071569223845
0.07731766311199632
0.0232054057000946
-0.16198874614011033
0.1080037418057125
0.2380866773570129
-0.07478821264513141
-0.8369954932033924
0.05477950458577319
0.0954112502198185
0.5092476657449732
-0.24601075567630662
0.3420947463607707
0.6546429490317833
-0.34702570878548766
-0.5027680555230305
0.11411031894901084
-0.3095968055732457
0.27330243504654556
0.04264297295967026
0.13600670086591773
-0.27148334927192463
2.831818358134397e-05
-0.018432363493726234
-0.06018175208848237
0.09610926135955195
0.22697674355547154
-0.0756970023974406
-0.01475727737909234
-0.1746419046388774
0.21537717484346863
0.14685598025587085
-0.06744936772411181
0.043461900585890445
-0.40973145698213476
-0.556246609584469
-0.010901935185306601
0.2814777080516933
-0.3371373638670597
0.3666547392448838
-0.0720167583157924
-0.15011655772686988
-0.3812921667074156
-0.3542957460889851
0.3569275040048494
0.32223027642468804
-0.12130954869829552
0.2757110975016557
-0.3398571999335245
-0.08467745203343582
0.32927662704302796
0.21120377061482787
0.1815796850470044
0.15846921540481432
-0.016950777379287976
0.25975057162554294
-0.012639049341705053
0.14576480240990594
0.2652333970079692
-0.21651072009965633
0.017475729918799254
-0.023402579256365005
0.43561533541397424
-0.05328886834767171
-0.1089018040141248
-0.2067781381515127
0.044334403600587394
-0.21762481542112866
0.15494317781674544
0.3702377929168284
0.14868439557908514
0.12116504373269188
0.026221005461245433
-0.056089707965560176
