-48.416562747181985
-5.432691855975453
-10.362709134954141
-8.988829292904088
0.9877580550115609
-2.6530710460915623
-0.01932164091666877
-0.8218086785936456
0.0449766649849592
-0.8371851205432002
0.8885650956777568
-0.19002709248383115
-1.753001777280892
2.228706704553237
-1.151029817293375
-1.1144511023031496
0.19578923604178938
-0.38986130560881
-0.5400284676977104
0.5426746523606981
-0.5105802526229826
-0.4642985129748565
0.11246789794193879
-0.2737514639262997
-0.48885564786592856
0.07897826878324163
-0.1262942047839435
-0.005564709125729025
-0.3998467554268802
-0.2857907294554117
0.3041699244876969
0.3987384374706988
-0.29378606031907756
0.04483528799255221
0.19855955629756583
-0.3395908062417814
0.020090819130729548
-0.2680977127117546
-0.15862892174105653
0.21895734556007068
0.05373028592723175
-0.06192396358041857
-0.1390415792408231
0.027243532976548662
-0.027836205885833496
0.36761981517939296
0.25371032478047584
-0.16772253518268354
0.17655570013564081
-0.20041636947652544
0.2242335594737733
0.036090726821521646
-0.11821239755156371
0.2105549715205864
0.027729003784154563
0.3667651509571488
-0.19655932151096403
0.056740400624623585
0.29631808118498293
0.05057577913071841
-0.4059258094327192
0.2952468381217928
-0.200661399156776
0.08865298554102483
-0.10480311803704946
0.017987138412058762
-0.19240238815585567
-0.21137569145810894
0.09192318068802392
0.08815850528076491
-0.7642620262193727
0.23066004459024989
-0.37386339196922624
-0.08001877192041526
0.3240461360243255
-0.37378479552765037
0.3618397109728282
0.21346660588205557
-0.4887124062205903
0.11997254885983796
0.056717175807902795
0.3032964087103047
-0.024600650811489218
0.24684788490473744
0.14271545684449347
-0.19663954188146623
-0.04140248920269955
0.32372222953346896
-0.31969611285951816
-0.08525167176910986
-0.09297963245684132
-0.13966639624174002
-0.06176762535079364
0.35550707034119644
0.1871530014659544
0.25880644257047497
-0.27843542429714635
-0.27145894687433825
-0.26949345871165115
-0.25056040354003284
0.13644253725517508
0.2091455682470323
0.24816516617537943
0.05832135817686686
-0.302813580459638
0.2983872984390091
0.20143281653028028
0.55701428123182
-0.13011207956713558
-0.18816108715142804
-0.34307440405997297
0.02402998827076362
0.003913574006303322
0.23285062964861056
-0.20177334519458573
-0.2057212079424384
0.16364437795210196
0.2533796781083909
0.20489532208268482
-0.17843022345606913
-0.05342981473667072
-0.15281733258164928
-0.08497471830904692
-0.29215889792076133
0.3609489611538158
-0.2115349736058198
-0.11172277266662788
0.07889839891372415
