-21.799460742379537
-1.8402280419022587
60.085465544627574
-9.93227980909005
-7.415104554043202
1.988543349481494
-1.6093361191782436
2.9627397521008527
-0.7549090721839133
-2.702213645022514
4.982449185628286
-0.9155508379675241
3.298835545190315
3.163454812835749
1.9733312552588593
0.7653831993629083
-2.953630523570856
2.10654554058573
-1.5093623770443827
-1.365557246533008
1.073168645197973
-1.7231908689539601
0.8081142378158823
2.278640310161182
-2.2592393267644573
5.491503044890218
5.5863241034753655
0.4634496439184829
-0.017886380031946925
1.1917929846345285
-0.3094245343275709
0.6008520624822181
-0.9615625052967326
1.3761141652058217
0.16023374840025212
1.8133693636317811
-0.07544598693876181
-4.031472563424972
-1.3308643565939098
-0.23232259082129522
-0.5448964079531438
-0.6320026744823593
-0.5868169740429926
-0.24184637208158677
4.110517224904287
-2.2849101510336967
-1.6449263077624383
2.1930767472167374
-0.9888942124138616
1.2703946561425308
2.8615643563658457
-0.4027577459434562
-2.895969523584545
-2.483412019347929
1.3808470284426808
1.4912740700782716
-0.17803991903646765
-1.532942357903611
1.0942354605145186
1.9642322593923291
-2.116013615956738
-1.4618100848926112
2.635097184913095
1.2416406115909648
-0.3898822213234955
1.7714395268661929
-0.6301564543208571
-3.441676260170021
-0.5332121245638041
-1.9614306582730574
1.8171843195024073
-1.1830031798058027
-0.02267946850524566
-0.041982792768544275
-3.580057384189808
2.0707763080092536
1.414750094862692
-0.4886613437801254
1.8419210053783122
4.773448015655038
0.8091136661475824
0.053399514825036354
-0.09154295606103588
0.1727922774611751
0.7508661366207912
-1.0478509863088536
-1.4878651833426542
0.7095477963378551
2.2194444161973585
-1.3190039368293693
1.7680391072524004
2.82688308724829
-0.4285449625487923
-1.078885099779317
1.416582516870271
-1.4115953561141998
0.13940311468059072
0.4341954978240571
3.107840351782252
-1.7552447814358416
-0.22353620196944282
1.2975581503211984
1.0517312035239457
-1.390367745184623
-0.40303762361281886
-0.07778952981826971
0.4196808977397562
0.13834083356002858
-2.319708025244082
0.42980309786201465
-0.5495566512488375
0.9967155844361588
0.26164958209722666
0.7277699441174603
1.4525687155399825
-0.14087701478824768
0.7611922876168213
1.1876416825110416
-0.5181890892002905
2.5371647385981846
-0.1269364110966707
1.039445238446524
0.42119799938771013
-0.07951454870903216
0.06932819853694672
-1.5823587994456616
-1.4320853660677317
-0.7566556187131868
