108.71353333928894
25.80813164470581
29.407430078653707
-4.410148288064542
7.395496922968581
0.4555902403854436
5.280889582932511
-3.753898592491849
-1.5756898490453994
-1.20560599660797
-0.46348686766074126
-1.1662902217997222
-4.834198456741421
-0.3483420874628204
6.785331332699613
0.23419445643384335
-1.3572422084646891
0.4655689134094164
-2.4900079865797458
-3.309294127450275
-2.1637552741607387
-3.9496770628595854
-0.1760194036251103
0.9255769834870397
0.6363948857499089
3.1576394534009187
0.2674910888197005
4.045910158697667
0.674252779880678
-3.8892828149844396
3.862464287131115
2.709160194589078
-5.498760840407242
-0.9454359952006925
-0.4665523271251601
-1.6179930865333743
0.5202401439986556
3.686894332182365
2.362447776256443
-2.7666699829440353
0.2818726910592007
1.895649740179613
-2.2815609865448843
1.0895326522352073
-1.2261642356115208
-0.25159818917161003
-3.8387551643953666
1.7787573963647452
2.5779340749359423
-2.354947844258148
-3.309051075682342
-1.9375187792139403
2.6317296534005554
1.7492641321075248
-1.0539753132772909
2.2016474290469565
-2.2331776614615513
-2.657719098430215
2.137182642738407
0.2451384727727403
2.8740960765956935
2.4718465667567426
2.7980315609698097
2.3274919060670394
1.6732776662265547
3.2831114901903105
-1.2543142322019936
2.620628065790605
0.3575938202158069
0.4888257653302529
-1.6974496167832576
1.868470536779479
1.3220811163224582
-0.3058769101305772
-1.9655955339505984
1.3406431389771678
3.219334382130883
-0.6390758533691276
3.2744267737746737
-1.0233540022671843
3.6733160750909946
0.42895254378471714
-1.5134195479802823
-3.71477983338872
-0.17785243883528856
-1.5420745038065649
2.0635241517204106
2.40629425550764
2.7481865408900985
1.4298060316310421
-1.7637403121723698
-1.3937058946408858
-1.0947398569902218
1.0621021199674727
-0.7839064131984943
-0.07894868220875983
-0.17260439876657435
-0.7672266467897241
0.12619781619301362
-1.9053575656264996
-0.17997333979474356
-0.8090637076073346
-0.616940040040324
-0.5173469909914273
-1.3818302887098013
-0.29198872072270327
2.3408343594391825
1.427974878078464
-2.16878751697429
0.546271562913349
-0.41438081618418354
-0.6209452175395677
0.4590839742659443
-0.7761550113217283
-1.401318248793708
0.9945211491246208
2.2687118258634396
0.8158126471134439
-1.2045239304072013
-2.105712212084311
0.8153208710930601
-0.048617728353076095
-0.7749682156262798
0.7053983363488636
0.9116754634159747
-1.3543227123026345
-0.4540636000767394
-0.41546240425640973
