-43.512712529940934
-3.9367399739166267
-9.524375203262792
-8.07055615184263
-3.1640891678704253
7.412284659007193
3.340791094186479
5.422327834677888
-3.0839105920928587
-3.2249476877251304
-0.07050126870863827
0.4524661638743377
1.386730156859231
-4.545030494183058
4.272947709833942
-0.0034376654799480877
1.6995546619851243
-5.1455447696947285
-3.8476234809416896
1.155602522268381
-0.12312444252376789
1.0717299334312642
-1.700198924263365
-0.8117262565446061
-3.8701287989524946
2.6791049516094514
-0.908976559929157
-2.4482505598715707
0.60584708161619
2.288672335144833
1.0359997367047113
1.5202339957217648
-0.9311282913324763
-0.46739417001724887
0.3239718275311063
-1.747535572960062
0.6038729633152324
-2.6554453569029954
1.7493596214236449
-2.812909071933514
-0.3553130850232378
1.7773573629809722
-0.31262900328805776
0.5149752385030649
1.0483542623356923
0.5320438791957295
-2.966223524818872
2.4021353521450117
-3.753414636058765
0.151895679512588
0.3664894694903272
-0.2758269102639085
-1.4661487005736287
3.084108281066536
-2.609399051841367
0.50456682765763
-1.9032265740088161
3.385820123546324
2.622265548447855
2.693683201918232
-2.695536373780305
-3.2720449126524676
-0.5524343236002947
-3.0797174334831556
0.14424157789636907
-1.6944068004751558
1.7339710017523244
-1.9932904987056916
3.1145028200313987
-4.33034830243148
-1.2618333517958855
0.7937058919672036
-1.5967344746298848
-1.7124778802051115
-4.5793330169724245
0.4479889941543456
1.4799848360928818
2.1291473158416907
-2.4682726682798144
-0.9537609063420618
1.5559844475590638
-2.9447788012978733
-1.641537949435687
-1.9295685969177336
-1.5036589684583155
2.2137833294135136
-0.2648078995807338
3.774304240917618
1.458783451638735
3.622637793030971
0.13415909953996474
-3.268127112327549
-1.0210705666890758
1.5564261278396436
3.5539985037006163
1.2761304883502966
-1.4194742330099763
-1.7222669082920081
2.854790361879527
4.716454408702124
1.0901062824580172
-0.4833231007781545
0.19792469688192363
-1.2813455943740584
-1.61368351315703
-1.992342918786028
-1.3402789746039256
-1.207330702665663
-1.7291626986305928
2.123435899457218
1.7374044861600872
-0.06392669100937352
-0.43641322512004516
-0.16985590271311155
1.4937979971707678
0.3855545616778543
-2.642970731462195
3.3172261840806314
0.23288936733732057
0.9748262101477255
0.7373598619416182
-1.858148692695491
-0.5319112743252731
-1.5407722089654021
-1.7158893462997138
-0.40896515905135306
2.6406500449387655
-0.3330529039050414
