-44.670180157724246
-25.36358058593673
-18.98440045907674
-6.766331862007266
2.9793869050620576
2.7090902458624644
-7.731238369949792
-6.8497227299051255
-1.8122299344941684
-0.5088880183038507
1.40647238264859
2.96616214561528
0.4322860091217015
1.4491734966433432
1.4883186646250317
-1.5358388413163921
-1.862652689260792
2.1973493538077165
1.1568344141110911
-1.7478416309281917
0.30841045732911226
1.4795044455343802
-0.06900578745224807
0.19779860060569365
-0.48398005940021593
-1.711817360388789
0.37391942852829313
0.5250985350366686
-1.3372711575667193
0.10521958511174752
-0.6073511335960848
-2.552933189199438
1.736143537082138
-2.2433604603459214
0.5088176298665384
0.45757894778941094
2.7563185551508433
0.7222564978096797
-1.7963775819555838
2.791325244356245
3.2928162801119307
-1.1613207491906887
0.9099961793303015
-0.4847299307198384
1.2987984407171842
1.239900855038615
-0.5179143284309407
-1.1492395884685493
1.441398187930195
2.3371828703442707
-2.6830637201526746
0.7222764080762715
0.9252415662554911
-3.065859798485993
-1.3939779214189125
0.025996193456639505
0.6115752307622179
-0.1085822300688757
-3.2372694060181835
-0.09987205544186935
-0.7360206059874169
-1.2349088052531636
0.8254850333273118
1.4655118008498422
2.9196786827598227
-1.6395259363393155
1.546713079693513
3.0005303290166325
-2.7902035752910406
0.91498170701576
1.0128715298770516
1.3587532854910214
3.440652379378752
1.5796947343488796
-0.10657363313388515
-0.9772273086549673
-1.3765952158375696
0.255788283967442
0.5469790714123357
-0.8267346308859695
-1.6009636185950475
-0.14889145512355514
-0.481850645029266
-2.1055675796086155
0.8565245639587937
0.10695663651593959
-0.6615887609053914
-2.315386881878007
1.1344368454140756
0.6070213767314534
-0.2636910848365872
1.7351847896018255
2.4433408474831233
-0.24625843662564859
0.9542168866246614
-0.09424454793297855
-3.1177865303941554
-0.14513000092605904
1.1616800903249591
-0.4711285416661595
0.6082410251978515
-1.7944618022862169
1.1467002190963624
0.12564097053690484
-0.6964188592625976
0.5552867372601397
-0.6055054314255927
0.16083810421978623
-0.3883907246404651
-2.3128820863515283
1.3925487866497113
-1.0140741404994496
0.5764466039449759
1.6051700798339257
-1.7569143785766128
0.9443522183055718
0.21254776049913987
1.0791387534200978
3.9470572319479187
-1.9870289073444536
0.6224470385072614
1.4025749829316667
0.6931234539060295
4.410245112875805
0.9025346641020481
-2.564665792306023
-0.8484439968216354
-0.963595904751532
