76.51295150658058
42.96153603258134
10.767066327976107
9.103817296399697
-1.1445817405198218
-4.385715462108291
2.5434366940161337
0.7193613985562365
-1.161011489462144
-3.193568057743358
4.859748212360494
-3.501066613283443
1.5619487520217608
5.694597638047117
-6.098640772200802
-2.100408856091174
2.830995887469008
-1.6220300270322332
1.185741205604425
-0.32201627554117707
3.7316801881467994
1.079507773215145
-0.6064737709044048
-3.322332459591373
-0.7439661403131267
5.0587609103367415
-5.013741224062006
0.9293732707231382
-1.64479879625455
-2.4659105264757413
-0.03428267960490344
-1.1085334428251135
1.2891332318597402
2.747376941769402
-2.9723821187719954
-2.279410533299187
-1.073950029820757
1.303501923582936
-1.2809962226965916
-1.6968222718198036
-1.0038339471758495
-1.302878419798447
0.029909647613415635
-0.3392132923324384
-0.10991657371389732
0.6918971545173129
-1.1361562359801367
0.20879724270741773
-1.2634795562680377
4.152837774833427
2.341488255738276
-2.3437714721204324
-2.7314541730528505
-0.6242182441433025
0.8941500286838122
-1.3438046188730342
-3.5465423589762386
-0.9117511786558633
-4.062207399864636
0.2677475995830856
0.7331633368592899
-1.0302740165006692
-3.2418909616207094
-0.5948814820161372
-2.3039672638600033
1.1365555217725591
-1.6314137740842776
0.5200956775426734
1.2248991926713075
1.1071533302220402
-1.2850321411582142
1.7351499036216953
-1.3153644138160854
0.4755014224262222
-0.9898387429493969
2.4949937828916045
2.8456309895101306
0.4381238197072393
1.9412436695505526
0.8038880045257979
1.1361609938812798
-0.717010565013638
1.7830849922348473
-2.1693102763579555
3.7976509870126085
-1.8327900542822815
-0.4208673228243092
1.1410279046232323
3.220210080334735
-0.6478091775020645
2.1733381874021074
-1.2666328713413177
0.5921086382393073
-0.19393500809016975
1.2080613276887004
-2.1458317714344366
-0.37434182428686824
5.224921209620985
1.2449581080715664
-0.920608278287877
-2.0697084237467713
3.642758994897969
-2.216748856222333
0.8828864690783185
-3.2566510917977745
4.366293699437945
1.5840064334136816
-1.0832537502468778
1.0420707547388273
-1.4448984992654181
-1.4856256812423176
0.806431124694965
-0.34185726318544885
0.9240528684321344
-0.6626741899500337
3.1815151788096823
-2.152556771807441
-0.48145472322483357
-0.6265552928759553
0.9546525936858539
0.21001700757188582
1.8125731068217672
-0.18053408524448372
-0.21257903260850095
-1.2294741601969408
0.13876552735176612
-1.3038308134464647
1.1283660912693336
