-47.24810577826546
-0.8733442376645636
-8.537840381798521
5.154855084016839
-0.010690295276584938
-0.9444424631175277
-6.6825591255952075
-3.9820670355882126
-0.4248090052453528
0.2704360601772611
0.3591397768835679
0.6827927110813496
3.878693488388584
2.6530117115233125
3.7768327282127983
-0.8358233828909651
-3.5102198357794103
-0.3346996763522271
0.46174819858103733
1.9892940763270213
0.6307378007325145
-0.1495594487417068
-1.4480305130445439
1.1867530693759396
-0.5706668540857287
-1.842761696385748
-0.961744881806627
1.1038273410807131
2.493916495243006
-1.1846552414954625
-1.4702195851390343
1.8128766101057552
0.6987171773886811
-0.4437521535674621
-1.4321354066216678
1.7766965342147243
0.6066473199506314
-0.4909180322324422
-1.298422561860642
1.2362668582455036
1.228573572355416
-0.39462583806404705
1.425346444803971
-0.48747512053151193
-0.5313307781251206
3.2158935196417904
-2.0835189738748037
-0.17812917431825556
0.2802507281105083
0.28353270423034077
-0.9012027763822048
-1.6934626152093135
-1.984064429797653
1.7603888303521291
-1.7901050854074059
-1.016591603422322
-3.1646487280355
2.291668310194648
0.8060247012370296
-1.3486686676723987
-0.8807245462896351
2.908056361072971
2.315691919497639
0.2872945200922828
1.1771669335316537
-0.854125620858789
0.47007846496655437
1.3232940067322925
0.5581226890823344
-2.871858692364564
0.78426603572207
0.750600171584214
1.3643011866514732
1.2047210156242372
-0.4896367477704024
0.14636912216194964
0.7480817587510354
-0.18758250815616437
-1.8063224667528124
0.6223341215949102
-2.1377884536813028
0.21437027407269937
0.42661555515135824
1.8571206438314425
-0.26086277755323745
-0.11530493340500284
-1.149948728872008
-0.8245343723295261
-0.6299721505475397
0.11728322630024884
-0.2051106449171871
-0.7517102020789392
-0.7198715379250333
1.809054844949494
-2.4207224819256967
0.3003428411569292
2.276155010835439
0.5971475015314431
-2.1229738789245127
0.14834778472331464
0.354644813055694
0.9690558574405327
-1.2351236150975433
0.7216964135793901
1.1964260682662387
0.5926749959544643
-1.752387817812666
2.04624437477888
-1.0699260769659686
-0.030148729158655012
1.6452984108843889
-0.48363298729888604
-0.14700579580629486
2.1392067426690837
0.4494878913050835
0.537799516833638
4.017991693226621
1.542822776576232
-0.12990397740973528
1.2243909700614677
0.6199426417665649
0.35693350083440195
0.5744621837448737
0.6110348591192376
0.7491904092855748
-0.3537091769379537
-0.18194960185735204
1.4659373062955792
