36.21891598536957
75.85747080821587
36.51370416121203
10.986930342252254
-0.3668555200299779
8.237532508903305
-1.5102555561650939
-3.009238145644259
1.468783089561391
-3.8804637560792377
0.46584244680805115
-2.7810231118596778
3.2779787819767368
0.030479184453841977
-3.8406122813449888
4.742778626260876
-1.6389955005998655
3.827065737518144
0.2500106789683615
-1.527913427200423
3.100608589267754
-1.8377794107475653
-1.1729098340426611
-0.9556747577776237
-1.3544138055491326
-1.2848315875242773
-1.1012067955280411
0.8182962366841948
-1.2120964613436813
3.0130739153655486
-1.5055718044443418
-0.7955947540598697
0.76757170708681
1.607848587958108
-0.003248928160171305
0.004140884155080238
-1.6053554959265894
1.2861580723414763
-2.121136011729358
-2.1525271014117937
-0.22256158395829648
2.6443446202025083
-0.22347153721384777
-2.120456349916098
0.33579334033214187
2.07538287695457
2.0223428648352795
-1.168601473982148
-1.5719524951154693
1.0606797662485703
-1.2406652147419577
-0.4587317021310567
-2.812774258954133
0.9928082813728065
-2.5415104157136006
1.712446624162145
-2.7106871953736595
0.4737606072548979
0.5801112255882819
0.8240122488248853
0.798535479240585
1.1991747994933006
2.1581398538421235
2.0566733754417132
0.6875270675120596
0.8167712936699503
1.793940408915262
-0.9892270855606758
1.2054902097844387
2.433064686166589
-2.8483004120300834
-1.2891696020106076
2.374106300393388
0.5309411779559894
0.005055980031152845
0.5550035966597087
-2.8426403390818367
0.351306000887323
1.9821821999042044
0.51122816578331
-0.281388915925562
-0.003036842772843676
-0.025641559396053726
0.5981379051526653
0.08394392740275436
-1.076604387709134
1.0426595810803905
0.33012573310383025
-1.2726002296968155
-0.7852079469246808
0.6289225445644575
1.8000313398878922
-0.38225183179051087
0.18025791639374933
-0.16312705438263356
-2.7398123505775027
1.701070295329416
1.4618042153015676
1.0583565663671581
0.2719333587249313
-0.8266834862111287
-1.7012697530927938
-0.9032587880411933
-0.9058722531933718
0.6379186292792846
1.790660509873426
-1.2562660598191335
0.787045045894897
-0.5180292562726558
0.5991876546024416
-0.3093000123598877
1.0330228990178694
-0.010759775506069214
0.039558783047051634
1.037448032935206
0.19870007716033214
0.5585597436142956
-1.02611890960642
-0.18611243330047167
2.6624804522695737
1.801104644118323
-0.27034960068684394
-0.9945967797721404
0.9755521840448635
0.8908072286306031
-3.2483576737122775
-0.6717324158728673
-0.05549905673075646
