-19.426270543642243
83.7484577827813
11.988722644460658
11.506157148300083
4.633030372064886
2.7357617800762126
2.612598945883854
-1.6337187335234693
2.4337899942779733
1.625385934657978
2.9793366131488597
-2.3827255308406508
-4.503028165270115
-5.4716439859259065
-3.674359509432849
-6.576741567824056
1.855057991768055
-4.296943396715229
2.104824309256211
3.054597818488112
-1.7022300368850996
1.1695725080244366
-0.5016953011829091
0.45094885072450946
-3.1595765056421627
2.9229502456849197
0.13714361223137864
2.173304823000554
3.1703662105618604
1.114367557689216
0.8216424611387365
-0.7576887000388401
3.004765192847758
2.2030309624895956
0.5274507862085935
-0.4888160979675261
-0.35400128497203476
0.9421168858820025
0.6792604310084079
3.2245520576442943
4.07041156057489
-0.6233399918457151
2.899090816989418
-0.9666859519177801
-0.14550798949306049
0.6961385772385712
1.1292606937901286
-0.3371811585808703
2.1218942429709764
-1.5283155119519023
4.3075870205160145
0.27323570301065114
1.3316783394715825
0.2007041813968834
-0.8970112088885951
-1.1893988766653374
-2.91379999537191
-0.8034345639178825
-0.7332596172573802
-0.33755705911878064
-0.40940887695022526
0.6328348718299589
-1.8293084521997856
-0.1603822123959442
-2.088180931131232
-0.6810417308063996
1.9443555063409095
-1.2790756894381987
2.9014356055023307
2.150398883006136
0.17906575838693783
-2.6867682511931523
-0.21841467177353832
-0.3204450785560082
1.6869050671925079
-1.3091115400266449
3.041446181729245
-0.09300586935027848
0.4375763503437249
1.334116081728768
-0.019483844299064246
-0.0327324408662264
-1.2909616042241219
-2.772987964638979
-0.8529120653531783
0.0931390061795849
0.5245163681251077
-0.21576801129080475
1.8520369196299595
1.5098401903639282
0.932978061155359
0.7516137615288204
0.5391295131269891
-0.026392368769670327
1.8704104727456121
2.9580639181061508
-1.9915363206067733
1.705080597603323
-0.6483615860069243
-0.3601368553471391
0.2052241620823554
-0.7748108461502272
0.28421330693866265
1.5045066426992486
2.7046501713428777
-1.590559895470453
-1.003176376489647
-0.4613763980968607
2.282920358729895
2.962713444494981
-0.5644155676352539
-0.2055394700929691
1.0153890477320404
0.1954465238879937
1.0878346372963121
-0.6096589213819815
-0.9863222415350922
3.019715286507954
0.2239968421238674
0.4920796637952482
0.9537823547568152
-0.5513512296382304
-1.3981144593840442
1.5630658738703602
-0.3508324997321439
1.8655508682518147
0.952958810219116
1.2707012382744296
