55.35465526812532
27.708263335626313
-54.35567313412719
10.286088050456035
-0.24440838924973524
10.337873015907043
0.4682046584059274
-1.4186691999210668
1.5694440335967348
0.7989771517034392
-8.333221745185568
0.15493252941190871
-6.606816551020662
0.3124460788958855
-0.9433458654131737
-2.876350580968878
-2.3515537083926943
3.9498010288830914
-0.09779270142332241
-0.6627347160211304
1.3832464541164935
-0.6747514450390231
-3.7935574610117078
-1.6805028353315947
-0.5591498005994149
0.8436318983400221
-1.1934288072590185
-3.8625384923144894
-0.29964262637020816
1.0490380336059335
0.9911794883306763
3.1516813369305616
4.2056841635783275
-2.798169314103337
-3.0898574124808595
-1.7434609316600895
3.2396519771653933
-0.8973532349906552
0.8526673288392668
-0.2510270288119955
2.610027141050109
-0.8407478506970898
-1.5458835888829112
1.036447852587456
0.7294041790568793
0.7757292441575194
1.64673665734295
1.8844638217289371
-0.5719590584429481
-0.9121010508753661
-3.213268621195932
0.25288969146932744
1.2006606783596985
-0.7978236137046586
1.0224350183612068
-0.4793229992405557
-2.4034225685359347
-1.579169647104881
-2.385238927135866
0.6033617967422638
1.3513080084397873
2.2364004976423497
0.71988779806472
2.0611664594949755
1.6004815739939307
-2.9283724220112073
-0.07505901062906216
-2.4842246545814195
0.6950203483103095
3.162905288457861
-0.07046474476377593
-0.2886830273470363
-1.9105827400902662
2.5276362905187533
-0.16376649708162516
-0.5031374934464743
-0.8145438824439356
1.106873908581406
0.9732521186914378
-0.15534066395147877
0.43587800383786063
-1.5740834144305837
-0.12362924046567589
-1.1943154064014776
-0.41021546922220004
-0.9116197709241236
-3.1249213910919433
3.1408552310009585
-1.8243063862394056
3.5365098541428948
1.72247297082278
-1.3568608553175385
-0.09860140417665686
-0.6303069433367059
-0.07184910698319069
-1.685153243835315
-1.568319990186591
-0.6666954926098637
2.7321585622860165
-0.024602637404360958
0.34483868764621944
-0.9212874305365546
-2.983031537224164
-0.9043204391155046
-0.8784020839384887
0.5510650671308434
-0.9067208232012023
0.7008098082694241
-4.435456099857127
-2.2473702277725285
0.1253477396579863
-2.7101158591966406
1.655895337879865
-2.143802631194457
0.7903767058162121
0.391961199865286
1.0456163874315156
-1.3190781197483907
-0.4965715368028152
-1.829111068430539
-2.1159388424925067
0.5032493292078006
-1.79440316013621
-0.1879070417458211
1.5322090615633461
-0.6530721371140188
2.0989134331996704
0.9046597977575271
