-40.71821638504733
-1.4489342121388438
-3.2152276490155813
15.543234422855093
-0.7102221902542595
-9.030302745616902
-0.021442571946924033
-1.1202674167217461
-0.2335817387572888
-0.1315592769309719
-0.09771069318466571
-0.06342295255083581
-0.08270120505264691
-0.33870567490540004
0.27539863485312005
0.7529207210435823
-0.166298493024712
0.05368572834884671
-0.02648315740496207
-0.24237240953488995
-0.36985072192237667
0.4941942205918031
0.506057214843068
0.20585551827080462
-0.07226513260066184
0.02763470120084148
-0.47074107126335485
0.12881982799243422
-0.13834303809881207
-0.06186962012012084
0.3502411105693045
0.5936674108007863
0.09493530930814466
-0.22191898009476724
0.22685702741955172
0.9550084887405725
0.2806422281793288
-0.006473016295276676
-0.3439298313832544
-0.12152152512491773
0.20394632718311742
0.04327898005665842
-0.07271593124138324
0.07942253791022136
-0.024890618484976437
-0.09571540977328127
0.2749773765840362
-0.7876419384654032
0.0356531697073651
0.6000082750814278
0.7155122969481477
0.14680083861828086
0.16777047260242886
-0.32006118645386644
0.4318288103937618
0.19809741537731176
0.39770965914447987
-0.07501829173110747
-0.17510910884163602
0.30568612881285123
0.3131587861102383
-0.11748894407698965
0.41017049112550075
-0.02333062207030018
0.30766623988142094
0.19122592099212327
-0.15973742148603695
0.5019588057446752
0.038169352587534344
0.27006366039753543
-0.07790897462505429
0.0008847617443234757
0.20501467875841772
0.2584149063742006
0.13996065120324916
0.8723928603511419
-0.2640853992428669
-0.10390592356930613
-0.1452632754891659
0.7441168939745568
-0.43786366077884487
-0.28999797229867913
0.2024951729019359
0.012202618802760114
0.11180881455343772
0.3494928610529603
0.5231616628406209
-0.3282960726536588
0.7528263365662281
0.05050242923947819
0.09565656649621224
-0.3984130249534842
0.23843361850471567
0.054835350806929514
-0.4433705959246351
0.15349477703899375
-0.10649691283479287
-0.24170590183887558
-0.20514187668508418
-0.5706815792415687
0.09086793363876222
0.1160987698083263
-0.11981972671807646
-0.10458213590227176
0.12459033019993307
0.13577971427921923
-0.3403040198827694
0.042276883344059435
-0.21483314376963694
-0.4271803492641363
-0.35260421764683514
-0.4381749791491389
-0.595120354864655
0.4676556878988148
0.4611440599028307
0.31871405342371595
0.4385659004878049
-0.0687727117241202
0.6314299488941294
-0.006219108852077937
0.12857097336316642
-0.19883757015251569
0.03571892560687536
-0.08046362765618603
-0.09910876857259854
0.8663818087046922
-0.5541140162745795
0.14796257033304627
