39.14228697975852
-56.354086876886235
-8.321883101994091
5.642629800200241
9.37679398527344
2.9593554456741993
1.8092268467091275
3.8841312185809223
-0.6493853926586374
3.393456947618907
3.2239042581323174
-1.306928585239935
-2.594482851426986
-2.3002434299759247
0.39059574491212984
-6.56689127841172
-3.884488142313357
0.5003386262125102
5.450028374354411
2.8211112952823436
-0.3861754837813206
2.1658845775539293
-2.2306438167327984
4.529683723345264
-0.7965696539339683
1.1981780314120254
-1.7747767429429653
0.04564245072067169
2.1435853379241
-1.819162514260594
-0.6950782879747945
-3.283439902196498
3.093395367528301
3.0554714079741876
-2.07167587484875
2.229512579070131
-2.007951964514863
0.36810043265532133
-0.4814771088433736
-0.7512137817502913
1.5710358251627223
-3.2132093581257846
-1.414822552815087
-0.1713308240675637
-3.0928563421930693
0.39375975653627454
1.129065279173179
-0.12211081173770685
-1.4229540191409091
1.0731693500932598
0.6866356700523505
-0.8261438813234616
-0.4910582915731041
1.2309127814740104
0.2264789273207084
-1.9248500747052022
-0.6149440596348471
-0.16421482520148364
-2.4941580221166655
-0.8714361455756972
2.2938503463767805
-0.2562388713609264
-1.698770061005171
-3.009443526945617
0.7551123947975306
-0.28584099207794006
-0.8330663125350836
-1.1763365490873283
1.5135943123397284
1.2796892752611093
0.6389370053246513
-0.0853168060498667
0.05727126534351629
0.638287317137145
-1.5208722101947956
-1.9159264707372725
-1.7880949137622073
-0.4707976849449784
-0.6976774596032501
-0.7409027941712296
-0.5282351044386233
0.08120704918150488
0.19493963604923994
0.41880407306207534
0.0639400592109265
0.3954984291655075
0.5637058087965469
-3.333790227043868
-0.48841282766427824
-0.74838074602613
0.5186694232495466
0.21029696620992233
0.37357634997315614
-1.3571115174978468
-1.4145874318696119
-0.09209017731803795
-0.4392587454728732
-1.5238133457227454
-1.090366245666851
1.254386013542812
-2.603803448235273
1.3061699466861332
-0.5565975906921445
-0.47783241033741125
0.139356357263056
0.8365996352462162
0.9681321332041994
0.31876291620725644
0.16624191003596367
0.2188310819535288
0.6076650311626324
1.4958836010513106
-1.364406041142233
-1.0924235720084288
-0.4647557758021514
0.6655553239254861
-0.31027127863475523
-0.3221823223518404
-0.1655469570715442
1.536271671815426
0.027899979721622288
-1.8359150039217176
0.41631721630809043
-0.1668983197029967
-0.16107947530312872
-0.8732301701737082
1.183160348306775
1.3060289143359132
