92.14987513645859
12.527312957576294
-41.308450279774824
-10.699213199585689
7.241497635074856
-0.3924069472649223
2.301656062343852
-0.039527478863805254
-3.2078749919475227
-7.817563422418588
-4.48170751087473
4.545097241682563
-1.0027931856762864
-0.19479295381543618
-3.7133693292178274
-0.7060903914454966
-0.21814339112020653
1.8226713777649926
-4.127289309545863
2.5578219749550266
-0.5979846202031163
2.4221352080543603
3.0943043586614087
-0.9474365729539935
-2.2825735245290786
-1.6764728329084473
-2.307716796872386
1.2281305399910727
0.5445445549198679
2.4162470868030526
1.9603200277511506
0.6645169945943397
-0.23375653480334285
-0.8317321923387425
1.7201826407452732
-0.3395947162324953
-0.6717904853206363
2.5832578531577406
-1.2829947362363308
-1.9892416215583737
-2.5221095315337534
-0.364149957213218
0.5459753231165866
-0.5896449723327282
1.2598063899167593
-0.8648815281340685
-0.9451894693235298
-0.25801066954560126
-1.1176106891385804
-2.790051103547666
1.3926622883513813
-0.5554506594191909
-0.5561738559360023
-0.05241975759536921
-0.8316649429036886
1.7501165515672963
-0.7924000841772638
-0.20347072012191483
-1.3868649720354098
-1.6105939249486718
-2.0535595194409333
0.12232993115363874
-1.0709440159528592
0.5131815460377712
-0.17353632389951926
0.03460489753790058
-0.028241876588336934
-1.7321560996705996
-2.140301257443657
2.280322457149448
-1.3834009938987584
1.1129443103309866
-1.8677192560486522
-2.0129305220647344
0.9144874232855141
0.4646399074042633
-0.9194333178143602
1.16405921668795
3.063989589418665
0.9087370280756535
1.1763364136306307
-2.0594759584544216
-1.476376555032433
-1.2979458261031191
1.2418252640741039
-0.3558744708310804
-1.1176517358944928
0.12808050978101318
-0.7874006932535768
-1.7278679542799762
1.4119174553483043
-0.8244723342304313
-0.9547401946538994
1.3352004663757286
1.636554669473398
0.9647473040798631
2.595463181476819
-0.8400273164258016
-0.34116919708073346
1.2887615386506677
0.8897096305819809
0.10084967184523842
0.3402666421865085
0.8418893603683798
-1.1528675185896167
1.0797871698455503
-0.07654103707327012
-0.14967710476898127
-0.2505878624040966
-0.32693708071520156
-3.4478003678951437
-1.864197037255802
-0.7030865785387883
-1.5068662300444058
0.9661199867115193
0.9450777737272649
-0.9896107834190969
-1.4997098717758433
1.2737866557671707
1.2060860898309533
-0.34761458798536016
-0.9664459194328769
1.4413776016139326
0.4860249848997903
2.361032023504682
0.4183561743547491
2.010472591570864
-1.0467707896494969
