78.32613174160747
35.61651316017207
-36.63070408745135
5.603643852362296
4.542521343697417
3.0375210467207046
2.446951558380013
-5.0238924428830645
1.1897470040733003
-0.8846045514186865
6.535680619426203
1.8696102568090978
1.767411063983306
1.0113365056964427
2.5920495116809743
-2.551941323997459
2.044991782191016
-1.089520245817704
0.8762825343417359
-1.87244433279825
0.6232718944445115
0.2974515696951835
1.3272130518397802
1.5892028259332422
0.4415820472780187
3.0362186489911487
-1.6772693952498232
-0.6221966682907011
-4.802063396164963
-1.5226182368844772
1.9086293135223937
-0.2984457013332785
-1.1989853934761896
-1.9715852338251387
-0.06263640424902502
0.05895423193218165
0.02771878815117998
-0.7591667691160215
1.5909600208057428
-0.2873245953693261
-1.8027755805814603
-0.4220695134080646
1.911467587452588
-1.2971363747385918
0.8958184253286787
0.23095178937289762
1.7530775139365151
-0.14775089698353627
1.515506899970314
-0.20056679894257798
-0.9440054070681297
2.737101517343225
-0.37782138301192664
2.739170670725518
-0.9460691758231198
2.5978201056923225
0.1333265823234279
-1.4288035614201915
1.7940498639656162
-1.7954334933573204
-1.4168912021905256
-1.4009694231534848
3.6070799521180326
-1.51820269089985
-1.5110158658121176
-0.8503660910167149
-0.07238029595701943
-2.0659823768580696
0.25607854167688304
-1.5140215638067567
0.05505073584729142
-0.9456865028949037
-0.05655024654200232
1.5251665825493832
1.2187031189895439
-1.1426285872451971
1.7919301984771145
0.24067000218566595
2.134220114043486
-1.5432679801323235
-0.3713999552421488
0.41070270034774414
-1.0516225479365517
-0.009512709706113329
-0.052473066202847835
0.16738235299533272
-0.25054112364906567
-1.809000106206944
1.7304030455765134
0.28257478403603686
-0.05018058686966917
-2.9139253640457548
1.9283030630630829
-1.2451562317396008
0.7402370375183378
0.6029499929905859
-0.7278336554977928
0.5150476785642206
2.0481837229124737
-0.7618963938701122
-1.8458300657062958
-2.3114228752747668
0.7129991872435065
-0.5295695394975558
0.181346219960037
0.15400570342034006
1.3096662394599217
-0.20333172142458927
-0.2173595597729983
0.0775879026293336
2.05647182918113
-1.4897856255846031
0.931192886366286
0.8330477322243288
-2.3176396758336066
-3.519256662808489
1.5974097476529086
1.2672272950581511
-1.8360412932995902
-2.2164333684945685
-2.7140117025721087
0.32164539091154043
-1.0592376712619287
1.9000120570452417
0.1470624484787309
-1.1008315057668365
0.8374129841536417
-2.008739486283641
