42.22767586615515
-58.64990576291122
-20.389495112576252
-10.052877599211156
6.327486547898508
0.6063989961334998
-3.414090752377946
3.8298166858119926
6.365467009624655
5.925167816751223
3.707476176831028
-1.4750297699983632
-7.307931974578207
-0.1477235861121738
0.36035511797110675
3.504702648933545
2.182588680362818
-3.9261628499172825
-2.7000633435353976
3.8579478849847137
0.8878140111918631
3.9113698324655983
1.8998688418477565
3.6648691430227758
1.661520627494904
3.373543146821853
1.136277436196931
-2.923997487620221
-2.11830778159003
-1.167983455737136
-2.104201237834487
3.4049915669816535
2.232135061357142
0.47424460233123
-2.415012642810053
-4.864511388122483
1.6799900192440749
2.156884739942887
-3.248481127353342
0.970536875687444
1.9467645414372843
-3.9546302466279672
-2.2895817702423833
-1.3154510627561655
-0.7026642880218231
-0.7877410124175679
-4.516533576650341
2.4217357672575583
1.9172198937750917
-0.5799807270643615
0.8003640588258818
-2.231862469075279
-0.8576829858007601
2.5541005221861655
0.6142499860758243
-0.6409543872945623
-0.7584799867704105
-5.226587827880874
0.49990766172005774
-0.683572373094963
0.796719977568271
-2.317218237981989
1.696615596679467
0.4805478382915459
4.510618381810395
-3.496632221384953
-1.392933146887262
1.3120901747056304
1.5397128780737122
-3.223574106541836
1.1094250518462618
0.13555554641527057
0.9288120754921025
-0.7870807202704971
0.48104481014085143
1.9609266029037749
-4.209555421686519
1.5790450108710494
-0.9972251038658779
2.1276007859843182
-1.6893260962353986
2.0636087891815604
1.4626575789865792
1.7606008184907773
-2.0904604202206043
2.6215277267821495
2.465523045663747
-0.21595309080323008
0.457462600879093
-0.9738774282251035
0.8654173852482279
0.3012449485428463
1.6351083160962365
2.385333031606543
-0.9401524837603882
-1.3064866181446433
3.2979769888022648
0.4523975447191448
0.5526275696611036
0.9195831896489078
0.04880197359370214
1.091858424215334
-2.9073974176768815
-0.3828216456697858
1.493121172616893
-1.4744644781706018
1.3740670777958655
0.6061620613517968
2.5194459541321974
-1.7938380140190127
1.1905172457380984
-1.7362146745844096
1.5972061446433
-0.1164597496018514
0.7167548607424539
-0.42487347263220754
-0.017539660258472298
1.6056429496300244
0.06747286032084082
-0.5408858624615352
0.26546202445631634
-0.07375241998282721
0.1899001997334463
-0.3293102598646288
-0.17585044945873143
1.7229515873649859
0.8455175473090621
-0.745345994051917
