-40.53392035535898
-1.775438699068209
-3.3376604370717566
15.73916347666789
-0.8517251437678733
-9.900311249719147
-0.05136399688261134
-1.1338550309708633
-0.19657863111574347
0.07332069311860737
-0.14260060998271848
-0.25329014661261995
0.014092566852238336
-0.5401192118891992
0.2612920535982952
0.6255354144685247
0.014161521469218286
0.1609422633903484
-0.27589202384475553
-0.3647909609646345
-0.9248451335505437
0.6151212164917239
0.45705947158115867
0.1033222861801402
-0.10776815091310374
0.03993668296844459
-0.6324689658533869
0.28714370708707176
-0.2304701680311108
-0.19044240915547092
0.3292540980491022
0.7178114950396841
0.11533448955707716
-0.18620888493973256
0.7362574933746987
0.9977431035490948
0.5691937983419003
0.5300108107054233
-0.19691589371780405
-0.5069998515076054
0.2044381003942343
-0.18434362641884744
-0.145874835171466
-0.18963370465274187
-0.05056262026685889
0.2154374410321232
0.29571695326155484
-0.8458052720074783
-0.03898663148520209
0.749967207966559
0.4855145483397287
-0.10427395128857438
0.1651685400070947
-0.4114869380622736
0.2654409371452886
-0.31056470305832407
0.1925155825654411
0.0489190271815335
-0.6245900654755512
0.1849387252550538
0.2960730334884738
-0.3446529954293779
0.46529111335852225
0.31496266594918937
0.06674143803844054
0.15091081009856033
-0.04884410335821891
0.36530930934407096
0.13820211956013473
0.1194404643884302
-0.03956099141358376
0.0849981277193706
0.041064374044910604
-0.06707655148313942
0.07346591859171164
0.597473956699761
0.010546177970997835
-0.04165928075367873
0.10026351511541501
0.16976512133825825
-0.08550898797982302
-0.12252849596560576
-0.2902953278202518
0.26631387547015856
0.04675202734593436
0.3012473778408701
0.2284402251842534
-0.21005580531900786
0.6666547648750613
-0.1412018859909278
0.5390583847657016
-0.649913127459132
0.4380825728646467
-0.20942442242916529
-0.224685279385179
0.19859435174001316
0.05055225378872215
0.04880867200209685
-0.1833866890391009
-0.05249916226319318
0.00870314757839233
0.08946482295222338
-0.09718779637094724
0.08033832693614427
-0.49681577091438667
-0.11845348525090765
-0.21739438665685998
-0.3572908760244771
0.6092467869473865
-0.025871906199435673
-0.05489372678450759
0.2949751527275637
-0.07362362765329633
0.13703530674180822
0.008112119742806942
0.25146983951768836
-0.36143852826713785
0.06471024490588895
-0.43351836586941755
0.25063753586288523
0.017240832253680505
-0.045208525841040896
0.3330857319828935
-0.14590312167891492
0.006793060954918967
0.1884971509164973
-0.3408101040189885
-0.05065349997176529
