-71.92254340644156
1.787355142889033
-4.542886714288021
-9.143740482346033
10.740717038759541
-2.5650825956437293
-1.348175093634264
-1.112419907368471
0.20336955956413044
-0.6501520342705333
-0.4793360316070109
-0.4797901316693852
0.6901671405380332
0.3015109027540445
-0.005190664689924046
0.31445145730256197
0.04471073543594578
-0.5907829054728343
0.42552890528054116
-0.04734776533232325
-0.4405778658092956
-0.77147011782067
0.15565667802043406
0.0009605328420176315
0.3609694165495323
0.027766398589637392
0.29101040572241865
-0.6791240913759307
-0.03843507260766662
-0.1069384659112329
-0.06017744499510477
0.530311197178854
0.4130256796072516
-0.02881246597921526
-0.1793671665646951
0.3956067204073645
-0.043492810065855286
0.08647386004820276
0.23456313021663483
0.1752676049771424
0.09338116650362539
0.05174292787677043
0.02566864223572806
0.24965544081323868
0.03258287780959197
-0.47716551667158286
-0.20099328172376896
0.31586674608899357
0.10958761333383099
-0.1287400033750202
-0.21798168499574652
-0.09649640064343398
-0.2005353917498402
0.12221703294761677
-0.07901574962780873
-0.14879085099247982
-0.3841458408978034
-0.20028129525716593
0.17089113629133107
-0.04610791762703142
-0.23605305701259469
-0.12210629540596715
0.04581254123006634
-0.5665357805561401
-0.24774152655284037
-0.032464839622173086
-0.16560403858791067
-0.5356676428897915
-0.08481088754449627
-0.022336913121208654
-0.5422813486624891
0.4739656046049937
-0.009481041940383515
0.3136325145378769
-0.10048615389869447
-0.1758819487263771
-0.04288392527352991
0.2732064950145697
0.0027616398927765226
-0.05816850191742578
-0.5275656674915887
-0.08929316133988868
0.0027919329966623
0.13368451676098297
-0.15434132683148039
0.18692268667511003
-0.18975489041353377
0.2621533932993018
-0.182649191317168
-0.08002188081186995
-0.2914677864607216
-0.28594798298340707
0.16991705659945713
-0.12988347786105991
-0.2526121183383625
-0.1655231377990066
-0.3173588351858707
-0.057123492568807
0.05769689005269001
-0.1233571314039395
-0.2912105168379468
-0.09773309648682195
-0.002165066477995456
-0.31164668014952995
-0.18004959484692343
0.094702410290356
-0.020984801575450657
-0.24679921660161905
0.3296413412872317
0.33143461407626096
0.2202416440325063
0.22761608744026146
-0.13687376312233188
0.14975558822782828
0.3304690996737276
-0.1584049840270232
0.29363751933751525
-0.153476354386609
-0.31723045992986326
0.34268051097553603
0.1267751881049923
0.015081866762360039
0.05284464742926557
0.22635462422410935
-0.011925522617943544
-0.06451827174808866
0.4863661280529783
-0.10459373773184263
