-40.50768287549705
-1.6771369146663335
-3.34832806365637
15.895052354598343
-0.7314247913710101
-8.929086269871082
-0.15508550120802544
-1.1106383818160626
-0.3206030966520593
-0.047513031864038435
0.001805907877010092
-0.023187614531137303
-0.11502572580471307
-0.3380256822517413
0.22257276714991364
0.48677943991597716
-0.24758785664283695
-0.10818788523862954
0.07918492276126692
0.3342385630676238
0.10881606408418121
-0.04812438129248069
0.19360796831577887
0.31617224511771674
0.01504559198058747
-0.13134131763788362
0.027829111381741392
0.02693600634663381
0.18759240123862803
0.12897307610535472
0.11851372589705472
0.15581413322810317
0.1400250951850438
0.04518652173449833
-0.28572164300764036
0.31770686801165565
-0.16654475022388904
-0.04975002859499241
-0.2348357281008258
0.168161956750477
-0.009191130717814647
0.39283359961529574
-0.26653891734421475
0.012298147201295802
0.24275819883369593
0.03802698109421704
0.42329346664514367
-0.0922846327910868
-0.004278345624292754
0.24791551890611513
0.6608842184660412
0.06194746456559404
0.10969226639918161
-0.2810319004629032
0.3931839714701893
0.18888811386742882
0.08601158785252043
-0.15386569697258345
0.06242254333184886
0.425034117247945
0.2199394075231823
0.2769184621831767
-0.05023767521923133
-0.23841861952569623
0.0801607425678394
0.05458788142799355
-0.16263897382940706
0.4284206009271332
0.11839913434297328
-0.41323034356599664
-0.1952263575181281
0.7136800060412867
0.49455919029018436
0.0962247011781614
0.031538488669805825
0.39766608188195035
0.028010581521852818
0.24185659112665495
0.033594853724330735
0.8930001851349948
-0.4898687894252854
0.031377558442854975
-0.17151581086128964
-0.16862348787678538
-0.11212816467409946
-0.22556248100466736
0.3423764219972571
-0.2880961371758276
0.2282952442269069
0.34519239186537204
0.1298817346105493
-0.11311981039010721
-0.2135584929186606
0.2995043260337793
-0.37960197919641975
-0.6109438442484623
-0.3849279761254397
-0.07097788517480084
-0.22167086627490998
-0.47448747771929395
0.2476829427723526
-0.01730967423216498
-0.5229784970532415
-0.2729228317570232
0.8421568790814762
0.5392314982317247
-0.36273123688769127
0.4687560723626849
-0.5059513014136312
-0.3402295083876767
-0.788415396376768
-0.07990162576386858
-0.5636208558064657
0.25604863644040154
0.7666229903415978
0.7211024744973933
0.30548250525620235
0.10629851370350223
0.823619295453437
-0.10351591019047296
-0.016135726546261223
-0.05108864220623291
0.37759291198208317
-0.2702751092435933
-0.5629749265680256
0.5334237789807778
-0.6754334808870576
0.4696689676162625
