11.591219751360239
-53.07476696308774
-21.425304824255363
12.38642033006447
0.8532932024226406
11.467513681908953
-3.402982485533821
1.8859951938675126
1.0748363090935327
0.2268731719117708
-0.44472169592432276
0.11817062735301051
0.16373920357189775
1.73641581483438
-1.7423103168766492
-2.14267391149658
2.3147029517895943
0.9278037748909918
-1.4260762960831563
1.4357012488608136
1.4430388351338639
-0.7057246490010036
0.11166791910158574
-0.9038963451580166
-0.4738583823070298
-0.3964803750292284
-0.8316272729959691
-0.6850661900003853
0.47861356526602267
-0.2502945502564107
0.23319204424907258
-0.24973720539616462
-0.4124525878564228
-0.4347181519121497
0.8033389315297528
1.1080293881931529
-0.2589570360625346
-0.10552472361561549
-0.01747341937069237
0.6714954453875482
-0.03175610530148887
0.7083669385188874
0.9640989995600795
-0.11722850798034509
-0.4118868395180133
0.0898333781085298
-0.2285911095133888
0.8048308509859907
0.44652391903833305
0.34675904063502694
0.9947520569003214
-0.8808032320714541
1.2273182767550408
0.5389579890874651
-0.8250816212313357
1.2613588134447549
0.6707528191551103
-0.24683403088262001
-0.18437789446081423
-0.05572900610422615
0.6521091352404764
-0.3973967409207605
-0.0021950690614103985
0.6906969195414441
-0.23458682427397187
-0.33816857552641244
-0.7792946574324461
0.09860856036044635
0.634374262681773
-0.4401540635286717
0.656120734558263
0.28037103977735195
0.03645892146735634
0.3715024698095572
-0.3814946515511287
-0.5530760179938202
-0.38018280607818267
-1.0286621378267276
0.0663716279102031
0.2991686426464567
-0.5268760085878682
0.07790816808295713
0.00896868977294292
-0.015057685133350792
0.9990214274379698
-0.5206351978506459
-0.7094908995393324
-0.4678180436040394
-0.5162295935686232
0.2375752910747203
-0.09941267431634512
-0.4884781148813291
-0.25810213014854777
0.46459483574171245
0.45766626088281726
-0.8066065038588774
-0.3591622700169366
0.428449471740785
-0.7273839041849776
0.3411366595305011
-0.3049063713237533
0.5506641942015429
-0.8602430535943064
0.7031539587622483
0.6633300231739483
-0.22822523460583163
-0.3539904183876368
-0.4122958357135024
0.6974638952007813
0.15134524792019122
-0.35923739311847175
0.028818715933740496
-0.4412692113990809
-0.611528855241545
-0.37021334321012
0.38276156993495825
-0.058472790874014066
-0.266096530384914
0.5617826096372144
0.40171010023259157
-0.4425986999400684
-0.028778235972382327
0.18490752442578007
-0.18783539697314544
-0.3041731298947032
1.231245799157115
-0.23783214650854584
-0.11316343531783205
