20.12781013330335
71.93464728431199
-26.747251084655836
-11.63242265449927
-6.577932222817173
0.8832773188799159
4.968207000160628
0.7904703584723289
-1.8342844376022414
-5.862610961879002
-6.426137779818987
7.532217715903695
-0.4028597216050813
-2.2344200679507984
1.9478482874915033
1.132376156638911
-3.581932799469086
-0.8132268255656441
-0.6762007887304643
1.2454045967238594
-0.0640727013367926
-1.7059981700464373
4.020243056619885
1.1734436792149467
-1.2053296055851055
-2.0974246371102803
-2.003968922200393
-1.3434622367399738
-2.525369202362254
4.141360387490115
1.9598349081292108
2.8256318185865155
0.7894958830632299
-1.308838430332102
3.486404697624668
-0.029614021642982047
0.022581569194696366
-3.3563055317314405
-0.9535977113145262
-3.3690777730974966
0.020114968551671872
-1.2452405059772254
-1.8218243028916714
-2.4929943040564213
3.13268889329495
0.2014039419761229
0.7772933576815578
-1.8483580011807679
-1.4329066187855664
-0.6686287892667759
0.8951652467155153
-0.8213969318445106
0.5996347184795171
1.0197777825478416
0.9902075702365234
-1.295193449688123
3.1417564465021073
-0.0922825027897623
-1.7565247761557337
-1.0918002208304263
0.06152445155869009
-0.3541337359527681
0.9610636163735018
0.3390590776418749
-0.860692773302685
0.6428305862561443
1.852373462670734
2.3712547194362066
-1.4138782596182369
-2.6677270343488724
1.199592745043309
1.3149077001357414
1.8592385604492883
-0.07085824873722676
-0.6517108189995316
-0.582833142864092
-1.2083999156084817
-0.10523825337216965
0.572740639338008
0.7562279623567192
-0.043177735216470406
2.041850627482681
2.634922824756941
1.5294931190379069
-0.715726726452846
0.9285474655639082
-2.3502465905594994
-0.437915450546637
-2.02503265218126
-3.343466866560825
2.19504528204347
0.040364403459094665
-0.5748563208371167
-0.8603451642665315
0.7186946901513802
-0.3715859648689857
-0.042107789949739564
-0.36315949083407534
2.834987429613724
3.51608448103201
2.302822933730315
-0.5842096519366671
-1.4275742853147178
0.4694728772319667
-1.4096304943114686
-0.6812805650705683
-0.09840315020334482
1.4585519686888286
-0.366642901078471
-0.14921984143858968
0.59548849463453
1.068679955708362
-1.1065062554412846
-2.576303702057119
1.5946858693156691
2.221111060479169
0.8414571440221525
0.47321661386165836
0.6645376060120295
-2.6319531769864657
-3.282847301421899
-0.7438485192823197
-2.2124584881936995
1.0420044611783763
-1.296536108478274
0.32512468031768893
1.1351315123457126
0.134827555677609
