-40.445301726947385
-0.9479354073184143
-1.9359759807246002
-15.206054025809264
-8.99249107938487
0.624915198014466
-0.2291451829941301
-1.084495224358509
-0.1318417486441283
0.19504291599337847
-0.017801838615308346
-0.250525133999095
-0.18928960660834132
-0.2182854507664152
0.08889135366249648
-0.21884583228926516
-0.2649035929951979
0.0590428651103142
0.5544229169442132
0.08514367398403061
-0.17187258553232843
0.17425459964123613
-0.3572105387992945
-0.660021390106797
0.49394790643598024
-0.37992148222249306
-0.5890626744557401
0.03046946991347209
-0.06943014730492734
-0.013467490271974938
0.5068181126313462
-0.5944780589010098
0.32138050925149014
0.4429547883260858
0.011096655002881808
-0.43079712317257257
0.22421437139778472
0.1337491913374761
0.38665898841072455
0.69803458917323
0.4802593506761893
0.16379713729224143
-0.062178035564121006
-0.3580358780379723
0.05329138442905591
-0.5232741608087008
-0.08268482604192401
-0.08176490315213279
0.8456589354905507
-0.25827658191995534
-0.2454903639845588
-0.07924049213110151
-0.01756128635323137
0.23048297262776343
-0.12365539563758994
-0.2655263741967914
-0.0140632928218406
-0.19700475329250217
-0.07888076733373492
-0.1586562103546062
-0.06138234129511373
0.15420639537660646
0.26032441969831266
-0.03404125340445773
-0.21283401601011745
-0.19931442141305164
0.26994034043638687
0.09257671768921279
-0.09555109308444747
-0.24603964135444745
0.6290968690750128
0.16042829540221434
-0.2103911549817501
-0.1323105027597894
-0.18305704702335004
-0.09870294379479869
-0.16042652371884564
-0.22526714517491492
0.11957859755014458
-0.1466717373832283
0.27557150381137374
0.12707211674266083
-0.1849643938988153
-0.5177936378488441
0.02103713923735999
0.32248365765921794
0.1970839150072848
0.100798634111057
-0.06778922994331388
-0.1524431931742477
0.003937094083891521
0.3732255662365038
0.04823600760191824
-0.06845218539072724
-0.5981102306657364
0.3005908808857432
0.06159942642825084
-0.15877596707832212
0.3256120584891364
0.17541388295955992
-0.12979022610958096
0.01481853721889645
0.423389887189798
-0.14612200948371015
-0.1060482032922366
0.06034573820924035
0.17218348379696247
-0.15059385572403086
-0.31238930588792685
-0.0881269191605105
-0.13166372818402813
-0.263594600638326
-0.45743661164874505
0.2898119067471307
0.026674657365583
-0.15702984703722264
-0.10914756964390981
-0.035860205320186606
0.0258295157005843
0.13351962782569896
-0.4666144286332271
0.042263319487057006
0.1910127625636878
0.3063688213049613
0.0977586701554958
0.012696882994528296
0.2216259883977946
-0.3074115490058099
