-17.748624249958308
84.44836677585026
14.596634804650698
5.388461465351452
1.1171000485589924
0.8692054737697027
-0.34412277449426554
7.471887978148963
-1.6786808566874558
-2.828158715887603
7.517582028451192
-0.1278623516490871
-0.8727220471850944
-2.4674911304454703
3.869326456052606
-4.221251847637241
8.910810394257675
4.656093119714038
-0.6169407447294065
3.0516957462778276
-1.3639127297637614
5.559912129082661
-0.6241697719014728
-6.821455835859883
-0.6086416042316477
1.1296970339794237
-3.258590210169713
0.3497837037177653
1.4834746533182699
1.5934282932525532
1.7628785708126171
2.838158817134574
1.1380950432623569
-4.56274336493093
3.5749331537043028
-1.9777245732208053
4.132568551378369
3.349470794589493
-1.5492090389707003
-0.06334799127773147
0.04276775993925029
-2.159754332100472
-1.026337129119881
-0.10723913558040082
1.7330818880293732
-0.4568312299391115
-0.5228718961465739
-3.741445077552962
-0.5008798879056444
3.3578099987245404
-0.5873706538491116
4.948585919921281
1.010557894320177
2.32585398798082
-0.3108183554021859
2.1004815441041242
-0.4014554879349688
1.8652536223023874
4.319867696784912
-0.9496677868830523
1.834564657689599
0.48639960433626794
-0.5201415035556545
-0.7331337863823933
4.638503006963553
-3.130181290030571
-4.189384296339993
-2.486707163631106
1.1881033759922055
-2.6839898468935885
-1.9072346143316594
-0.6546476213700494
-0.9117857201355859
-0.9699162691564818
2.180863234189917
-2.2362193519358065
1.4386351734968608
-0.016713428203188302
1.819443259368495
-0.5529517618393567
-0.7095167391124345
-3.3043996430882636
1.4005535564532192
0.07723766719154074
-1.646237207315286
-3.9378258282956087
-2.015447220215817
-1.3678829631845013
-0.499658806834416
-2.2476394676601448
-2.4774199417762732
2.143907730169279
1.8395770557834872
-0.32920023406146326
2.904291046329035
-2.504205134601343
1.0755553441167056
1.4202891203678902
1.0572257711505686
2.223708128196357
-3.6248721347090926
1.3014931729201518
1.0751148473057597
0.10410419380364849
2.9694982107393315
-0.7060664408841103
0.17385918917221396
-1.2119714409092748
4.027915590699593
0.01427806081668695
-3.7386032608019506
4.417646203242788
0.4025454552132938
1.3413593748497619
-2.314452946111656
1.4415568416991225
-4.490000058087181
0.6523061074268559
1.1492525050714413
-0.4018933017129267
-0.2976462700617513
0.6419674759878153
-2.483397456428177
-1.3488257773577808
-2.35463541914684
0.937864273766575
-2.316873544784217
0.8544385832917228
