-40.55688996327347
-1.3609815182603162
-3.1918703732688916
15.903336346829857
-0.8644596122416636
-9.601369638272422
-0.00957391559566706
-1.1568412342606058
-0.22378738162567613
0.18269709052905947
-0.16623093209427225
-0.22570247300436022
-0.0763644226362454
0.002448467792429812
0.04580081717913109
0.3804604115838903
0.3939615145490984
-0.5445880365983494
-0.22361070077175427
0.008107762035912819
0.5260729477977388
-0.20379198718771968
-0.2923687172154215
0.0555323202354111
0.5006888135477618
-0.21781200157226582
0.36637095642704537
-0.49925077167160736
0.3133297801871057
0.08498450816093932
-0.2356476559451973
-0.5414525932127148
-0.026839105389183618
0.2873342822587503
-0.6194190744173299
-0.480527927984033
-0.5105256072224954
-0.2622642328301765
-0.1248475490395707
0.7302764104392888
-0.623805281534495
-0.5262571631770891
0.3585346026884418
0.18064634780204683
0.039748916318174336
-0.46450391907662325
-0.28797461660206075
0.409381686178307
0.08126529397969495
-0.24687965821068963
-0.6476521314831561
-0.3595554674434464
0.11221673608686535
0.14987062354412106
0.20879443106390166
0.39421340964161516
0.20004068822324939
-0.17918464387567698
-0.10413996409436148
-0.04584114753930213
-0.19813963940526033
-0.058830803638981674
-0.5779953038053934
0.16174903803954624
-0.3718635279560493
0.1907462810557843
0.3679155905737545
-0.0501518584306698
-0.013771092269609276
-0.10942741287938602
-0.18723678020824946
0.12158056520691432
-0.387256422363786
0.3510389399107469
0.20242643544969358
0.01836380261281933
-0.13884821335034997
-0.02031770553529228
-0.09866132448412543
-0.7816823614812184
0.5457637085454087
0.06036501879259735
-0.011193245068333926
0.14866700236844685
-0.287094162509328
-0.45790704282267575
0.2030609800451761
-0.3096116064179506
0.029464592759888556
-0.04236500100109593
-0.045372580817718555
-0.6341463978560776
-0.37289192341640665
-0.23350780833630536
0.3719939158992734
0.7414797339133953
-0.05567598702351677
0.30831906346441795
0.3273491289660943
-0.08331605639310646
-0.6645332665647359
-0.2014097619530434
0.095500925182308
0.545918744148258
-0.004468702412390682
0.426552696289264
0.2488043210717971
0.17820322028145658
0.6494864015392808
0.2900266129727691
0.04508471047171849
-0.08859081772285392
0.20458151453450477
-0.344797975845272
-0.2294997360074603
0.28124125766017155
-0.5336210327999997
0.07046559325992971
0.27795960092821925
0.17384532636907432
0.14483842506445807
0.4467723224389871
-0.03817054739059322
-0.6124333896990619
0.5756819233561178
0.031425102615430106
0.5519059745253693
-0.695695299086786
