31.758908607916567
-39.81907680886777
40.39924108150484
-14.606229395266087
-9.120635747097865
1.1906913584577594
-0.44463910444680244
-5.592951608175641
-5.7527845617295394
1.4559215977222058
-1.0720863804524445
-2.846350389623247
-3.1517376653262636
2.1436927902956877
-1.0103970286458124
1.2960501204519765
-0.2508050172397674
2.516375497270022
-0.7136192427997747
2.952457202693272
-3.2322172964483054
-1.1711113582970716
0.44637609240428455
0.7272717307696138
1.5480213485845586
2.109905851568771
-0.5859010728674947
-1.2022286668891258
1.725967311667442
-0.21050242907798417
0.6127100071285221
0.3078357012870672
-0.06000262868052583
0.9585996823337372
-0.3825651795408752
-0.03362388122960937
1.7149288812938415
1.3661003012800719
-0.07522510356181482
0.12581939233575948
0.3363276211328875
1.7559111170275712
-0.5426643354215578
1.3772241266181477
-0.22060791316922207
-1.2684992305315934
-0.3555160398573495
-0.25195809942901304
0.34161922205209644
0.521888661538294
-1.2491042095793328
0.20163466981415495
-1.9851701724083384
0.3306477566008028
1.6037430618815802
0.5613776449057455
0.7218463501886432
0.467765836618692
1.1305773714903053
0.8883715391669531
-0.773794915271592
0.8708329567805538
-0.6947505994667302
0.2805703108169971
-0.7556260789537718
1.612981914092826
-0.9671775756741716
-0.9600028556309311
1.6511090698251931
-0.8314256816040425
-0.17618287128237206
-0.6438971758533865
1.1330151477952495
-2.784196946202264
0.020113831081715675
1.3124822780230223
-0.33374225206570673
0.5556286178141638
-0.026306318431345427
1.001768885272891
0.9639966068306847
-1.0005756375205344
-0.3603163222794476
-0.9941632655627372
1.0551496195206416
-0.6240189933342568
-0.2922798638399625
0.4619713668802105
0.17451568796537179
1.271930154963956
-0.3682461575694981
0.6744854927382691
0.2404104894939009
0.35731453355473836
1.577397756525058
0.05988085583642837
-1.1274443322295642
-0.13047606146752927
0.022205309605063943
0.9198465079501725
0.263530008304243
0.8749880373717923
-0.28026349400918454
0.3310486080608228
1.1307721512019344
-0.6976317081812975
1.7043655100770496
0.1582497554634752
0.36179597554206483
-0.36150408111982485
0.46098613249606524
-0.23047578584410994
0.35453899572893693
-1.280467581795853
0.8580385804712632
0.3874556176676809
0.48751198117650685
0.5820595261453732
0.8778805341985254
-1.0392965217837078
-0.03424886706052632
0.8305967962511281
-0.17112640496216355
-0.5980963778087163
-1.8204395319579292
0.1607096116687687
-1.103243071795473
-1.1529718259223931
