-14.254335362266632
60.112704886763055
-48.196392301192034
-6.765760262432245
-1.2708486309216536
-5.4328074818986485
-2.3584223539244156
-4.7896836025946
9.511808014799408
-5.694474336905205
-3.888449690803598
-5.802528666775555
-1.384678358440225
-4.021365857964101
2.9131320186698195
-8.28862309049582
2.6046066920561204
11.199233199313756
3.6832932068078943
3.3564362656416646
-5.478097157174357
-5.450501141467909
-0.16329658082201026
8.052166914903596
8.836952407240556
7.850747085494462
1.6760145186394535
2.892051108598106
-0.6294692572073585
-4.227966544635486
2.6426351099032344
-0.4465654437511274
-0.09555670688973367
2.3602453595995865
-2.9418468169022685
7.774760300152804
-2.322684355317703
1.7272877841558176
-2.2740726080250213
-2.581278212938165
7.39059468980139
-1.890485675244062
2.058565394733896
2.0849488006673784
1.1885663436770257
-3.412541031467154
-3.5459979924155345
0.35230282120762846
2.433329863368998
-2.4559195952701267
-2.586565567239674
-1.7872285087741928
-4.484154178618246
2.8849407269583844
0.991744940127916
-0.4616499268413216
1.3992710397477097
-0.5293925982872703
2.710222199397612
-1.7570190039105404
-0.8871324764170685
-0.3937411513107042
-2.768192113663858
2.3724108514539384
2.1092171648905245
0.5237647543148884
-0.28213865598656696
-6.029907891668604
4.8432213190027165
-2.236421676891129
-3.7281944703740666
3.668098418884223
-2.2991414314518837
-1.7463982390862587
0.5830901904640237
1.8283430601179638
2.313370114519784
1.3834635079403819
1.5853468388456988
0.35384768680129186
-0.18932158922611808
-1.5652074827747224
-0.05572233963278633
-1.5313102767355673
0.03313669863986393
-1.7826089125542377
-1.4512176599803188
1.82720655459319
-0.18939265843625233
-1.0647124721369254
0.567103658486075
-0.4062019221761643
4.396361489988497
1.012152071834479
-1.708285304810702
-2.014999932495936
1.7467469642106943
0.23867239958544417
-1.4971041652507915
1.5343461603923583
-1.7222341134091461
0.8123169555945252
-1.0875318139846588
-1.1223143587223376
2.0770037591368156
2.7089233962087365
3.651441733871799
2.5373192415684667
2.376432583523972
-2.4885880952710058
2.3077689579252887
-3.455824839043483
-1.392210271826899
1.6978124679970525
0.8109868205918023
2.389172332258225
4.897842033825642
-0.9730477098595456
-2.5280388707504904
-0.7736611069688664
0.09193790889884705
-0.3913485852364958
0.2058843876014682
2.0109252552320243
-1.7804547795979095
0.3353545420188286
-0.5061610242492783
0.7446312388206313
