-22.172585435029756
0.2582145208953819
60.33114873627923
-12.897521312672662
-8.173115117625292
0.077239128532396
-2.2583288880967984
0.738543281688198
3.4690449412071502
0.4478791805164895
1.376746919724647
-0.6197867220662308
2.5793226004162957
-0.6177046240897244
-1.0017394097188477
-0.4601345344980261
-1.0292604303650912
3.1315975776204295
-0.8988162588941158
1.2984995644160113
0.9041101109283083
-0.5945174155176434
0.6146498242197678
-2.121264061474706
2.7049742174875133
0.8907278751858391
-1.0235147734002559
2.3264371832948765
-0.616826599245772
-0.6959829513640603
1.0655292275135784
-1.439932592616514
0.5946160530968267
0.45812147978676543
-0.22280614323237552
-0.88532002785601
0.21572327476918923
-0.8897704301913705
0.7696301277240865
0.6313729498805758
0.9206713394165549
0.0738266526183936
-1.3155297824647163
-1.4781398891858306
0.3330064193908643
-1.1942388635731933
-1.57349746138045
-2.49464687191843
1.8993577217523128
-0.05749117656686073
-0.9394166653647
0.8329576877779055
-0.07507054766739624
-0.03791460205389972
-0.9970205395020713
2.215403642012105
1.6479941821843822
2.112336703548312
1.1699202990381943
-0.6455863108741131
-2.886978361703205
-0.08754186580559542
2.2361822628954955
1.1969498074911888
0.19277533678295483
-0.4085010314010225
3.23191838699599
1.8766337449270825
0.14305973655460036
0.9832038072161341
0.3782775809448793
0.8932476226364279
1.2724257950675346
-0.19776275109797672
-1.1260518081811004
0.7834823628046088
2.5841571024435943
-0.32833869322770715
-0.26221511461026537
0.44937283902294095
-1.6975258703106058
-0.7407505242047415
-1.897437912399642
0.9775737967117655
1.1095949414832895
-1.5033436174866455
0.9007770039642735
1.08584596426964
-0.3610255561489698
-1.1174949411303932
0.6656961644148576
1.2937915039912449
0.2469862111374816
0.908774176506236
1.4955189561123334
0.7393579238096453
-0.19792189010045272
-1.143190154696
-1.244343885526194
-2.1352715243178566
-1.343345649099141
0.9569810981362927
-0.7870619661191469
-1.5471783358779234
1.7772875263028551
-0.8320058788975957
0.1049984348538832
0.3604431442820874
2.338940500051406
0.6853232217343864
1.0421558831422941
0.285064374558473
-1.4487927676342396
-2.032321182036279
-2.32682230734996
-3.130650374634132
-0.017536912913023034
1.6512558103655743
2.6337978756008695
-2.0834893424425753
1.5580149857620373
1.176194415649539
1.2224235433376962
1.3858850387807167
0.45796752640469807
2.164865143284678
0.06665823256972642
-0.34484760429962963
