95.33271842244629
22.195098960740225
-36.0451642101854
-12.60128726862666
7.499510422722305
-1.4730899710079257
-7.3224795471432955
0.29032874923768737
9.146462162898839
-1.6580945250897117
0.04634215598741187
-1.6683609281125893
1.7038767593062665
-0.4814823179290886
0.8341267248082178
-0.15945167805560523
-1.0777862545009484
-1.0637227052047382
-0.5550563347475681
0.8072061314448755
-2.359226277681108
-1.2733753032277353
-1.0865516044664572
-1.1822657817405928
0.4058867417928203
-0.014648723494838894
0.23270631396903285
0.17528969645214376
-0.07192645628572451
-1.9559668565808666
-0.2388077512778358
-1.9820524367850936
0.623206887815179
0.9352272852235446
-0.43122183342532
0.5861349937164273
-1.6504436998094079
0.4442253374981548
1.7313423536291412
-0.44380736837501134
-0.9582944589044251
0.02624150220423349
-0.6295371295125503
0.8460740953784863
-0.6987199332801945
0.6351764886882079
0.05915037622636832
-0.948508068882228
-1.5396606405619697
0.5491958956336397
0.4648978697830754
-0.14748349170008057
0.1492254625259448
-0.3235583652504035
0.40167438222262286
0.30706844612148904
2.769671180860879
1.4344923855034217
-1.012421452854504
-1.7225769894637146
0.5282314128157451
-0.6688163203833849
0.743186102454743
0.4527879331349718
-0.713983069424174
1.4643871352541584
-0.24137194023242392
0.04994115488303443
-0.81377693169701
-0.05979942354914153
1.0075489701684504
0.629320911624304
-1.103426189773479
-0.48553448929160126
-0.3383815840006899
-0.6907887017070725
0.1929665501148347
1.4471859445623754
0.8896444154454575
-1.1513918198949988
-0.2488143755938394
1.781341159335975
-0.305359843753739
0.2701292725229707
-0.09486122392226738
-2.161026972297212
0.27378022928288215
2.2039437350475115
0.2556241726388925
-0.1676555559354523
0.3186287915528356
1.1165219611092545
-0.20815817933686603
-0.018765514279198925
1.8562843147178938
0.07392662287425449
1.021838917205328
-0.30331432250303625
1.2340330660623144
0.44007268802501387
0.32133646592896553
-0.30659532063316824
0.1367328241609012
1.2222584019848486
-0.025047186618379777
-0.971803563370632
0.5690954808605004
-0.6895638151972561
-0.19930920981223066
-1.740891183783471
0.30007957984699485
0.0009859891058498216
-1.608509431001929
-1.6427054708144462
-1.5993093110264505
-0.004196038493798113
-0.5427769113730434
1.5758792339206589
1.7990987356778743
0.3798065494450559
1.0653192956246942
-0.3654482721621802
0.9449429022144546
-0.679964383017312
0.08547688994383876
0.7956554859831534
0.21159745311224376
-0.11334095483989104
