14.819455733647358
75.26341606567686
-20.60554835756836
11.685728969485965
-2.0657089526095525
-9.848551960009434
-6.150768797629899
0.4800460590098936
1.4329522879524843
-0.9884384405911347
-2.41841397497518
0.5316520843548186
-1.2118503324472254
2.9984790658788976
0.12562922118036113
0.23566788550515388
1.4910132124385937
2.8528906037297306
1.5561392630954796
1.037631253080865
2.4472069707420205
-3.7565090226610987
-6.006531062651833
-5.628457923921094
-2.6351795742024384
-0.8990301542174318
-2.6679143348142857
-3.648085517550721
-2.9128205680919885
-4.025748769708901
-0.4077678059552364
-6.048727465380164
-2.8473454091891104
-2.0759143555532273
-5.5708679576073905
-0.23415341666740666
0.3678496288100451
-3.203306350183982
3.8694537985729305
0.30450750691202444
-3.814082295743982
2.579819368832784
-2.2370370341996524
-0.2630701906383122
1.6653688074493453
-1.7536499516468105
-0.6407766610568728
-0.5278609652413376
1.2101944617228373
-0.19061490795156505
6.226443022133799
-3.1320174363161546
-1.8211171799534995
0.26294831535406127
1.2625850936121625
2.905198745014909
1.0238062937433485
-3.4968819505657014
-1.4715777052501038
-0.06986900942536625
0.41981465404626156
2.259766911148423
4.68752825436705
0.4621331650962792
1.9426215706974879
-1.713895114758119
-2.009549463336833
1.6975221909136813
3.284143434141469
1.6035263171986993
-0.7262868718017199
-1.0457091599193764
0.45878535947960175
-3.08243015951646
-0.707927018704366
-0.3762399927225501
-0.7626642600126654
3.6830976225480314
-3.058657596016338
-0.8901773104867052
2.281459777418317
-1.5772621658194652
-2.917461180047355
-1.8733183900288473
-1.1569794471713946
0.7524987027702589
-0.09792604094568107
0.41906870911188954
-0.4702698535539992
1.7207335717774963
1.516959831377423
1.9013934443347087
0.9791095756512681
1.1757133069409145
0.5431874422557095
-0.48454351004845553
0.26038587467054436
-0.3011206747676916
-0.425597690554879
-0.5277254651826925
2.3280441006532686
0.3839369626400374
2.58947337291406
0.1913793830526247
2.123974768550233
-1.0684747569784372
-0.01067426974595706
-0.40936193235086826
0.3716704271133953
0.5165013697566895
0.8274386502336712
0.6260372608354402
0.8546866360470313
-0.8026266267369103
1.5669692633360361
-0.48751667472949034
1.2440512899265794
-1.501318903871717
-1.079545390588007
0.1780402485088247
-0.04445376746756441
0.12443817271764655
-1.336583543269344
0.12726950096909656
-0.3141771078814965
0.9799659698916128
1.6711556085535906
-0.10051217515476377
