-42.46668478309686
0.07935748793024242
-9.43887693317058
12.937108729228425
-0.2190928054341445
6.730012578689508
1.821421259957348
11.895536014299694
4.474801517974624
-0.37648812124949116
-0.14453331891927668
-0.915913206947038
0.6850951192455772
1.2403798565370858
-2.2825190328577234
0.23469239412192763
0.5229188993153348
-1.7267086209593585
2.526924032875838
1.529728021476893
-0.07347007593725857
0.3862111323042625
-0.360367916381558
0.06252367072703757
-1.253593631708632
-0.7754342217560649
-2.621080153164726
-1.9806308295552135
-1.4353300554962625
0.8346935006172087
0.8711951816111879
0.841455702057468
-0.553907823767079
-0.31986564633210646
-0.667388669639095
-1.097010358590441
0.1046869074218914
0.250885657374583
0.18069962257323613
-0.5570242155653666
-0.025947543970336884
1.2928297992850701
2.0200635584198787
0.4883858353967183
0.8932091248966545
-0.5511435716476085
-0.5223519686279828
0.5366346004269955
1.3941857671807114
0.47376704122206065
0.12133147702083452
0.1727429612368223
-0.2642193030209322
-0.09678521214388128
0.040583669797080946
-1.5756999870002952
0.5499757529155139
0.4625121837746523
-0.1566472779043434
-0.9941335776263667
0.24576238370353806
0.06161007173093405
0.17469644116616495
0.5778021860507438
0.021685412743535193
-0.49341035115688614
-0.36480410789995754
0.14124661996435572
0.23114063834945636
-0.20849254095597708
0.8852800348429277
1.1052485546245112
-0.7003034088405734
-1.5081211794276461
0.7411580667204418
0.12634170801612787
1.2023088880418065
-1.1677335564838933
-0.31113751525021865
-1.1410439505006307
0.22519228196427815
1.0582076338336892
-0.7129892823437972
0.37988744637348243
1.6005275707032687
0.2359810790635466
-0.7514476749425479
0.6887190446032248
0.8468134113802358
1.0245900681929208
0.1894657052800945
0.07076568355639459
-0.11611750751392748
-0.19223194091415136
0.22512067069146796
-0.1555429487656035
0.15240182930139365
1.3606794253423748
-0.3961583280674733
-0.468655111734099
-0.559746933873293
-0.08351690072173001
-0.4158453794390129
0.35585083375257476
0.6333129073490549
-0.5696474881051453
-0.41795977453485506
1.1489986806828645
0.31700410402314205
-0.51600794743919
-1.404441832849689
1.400791245993677
-0.18831243935575512
0.5845298487004399
-0.26578851430281153
1.0807430691918993
-0.08802044079896729
-0.5863733341279693
0.5211709425241462
-0.1993026154226923
-2.1380905547396907
0.28831700256689535
0.2760108042935886
-1.5169193048215313
-0.9748791989959282
0.09647125324002825
-0.8072289878687853
0.4068310086252015
