5.971985839432809
77.61620482444246
-38.30820820848481
9.290829197200589
-7.529085231878223
-7.002651855324172
5.192935010906653
2.7485745243434128
-0.8737630588744485
2.228284937903755
1.0853411213711328
-2.475166928504589
-0.6373204414417306
0.8602082722711715
-1.3896719864179001
-0.32156641333856384
0.6468232657746869
0.9092896872810644
-0.8455596635345402
0.4078200254516071
0.5001657537928599
-1.7238285675441134
0.6978313154511391
-1.349121672570943
-1.5047250004651311
-0.8076199561047742
1.2430562592293217
-0.4784421215149234
-1.592377680066658
1.1678951730272717
-0.5854719204764122
1.2132103450232279
0.7066289830082084
-0.6524110104178288
-0.4958838539342195
0.24149383463126844
-0.16868828667021415
-1.8238606628926175
-0.28520108403977296
-1.946609293473165
1.5563249419308869
-0.45898273721374244
-0.21965338134386783
-0.30834942403275617
0.4118612012959749
1.4375496409100572
-0.03621172369777495
-0.10152770347322371
-1.0306340011404234
-0.036626282363017015
1.2244467239595693
-0.47310158061623664
0.20994037213233954
-0.936288913365566
0.4482430714507847
-0.059458426978996115
0.741641143647605
1.831508071236841
0.6037088338090177
1.7049968330320238
0.0013664534415389062
0.3218700348467913
-0.23093172784436955
-0.7611184045217708
-1.5156521706544552
0.07956131112276557
-0.4289420119945965
0.4100103467204034
-0.860398166163074
1.110638816798871
0.8812639415498613
-1.118076858251547
-0.875574973121416
-0.4447254417605313
0.9736400530256188
0.5023989773722417
0.08768660337908807
0.9100047352115961
0.6364936878442767
-0.6660298432010118
0.9684075957086495
0.10469244740531855
0.16341721770665635
-1.1934439353693909
0.1298286392073364
0.2072367072768715
0.5929869382884505
-0.5611919895034041
-0.8643243593084959
-1.5882456032299066
-0.9782554672152945
-0.8215468202655662
-0.18726931546142656
0.01575915998450155
-0.747022869194917
-0.370916257576552
0.5303160946290232
-0.21787652042132633
0.37239028445490174
-0.13065825335690792
0.1543068807610408
-0.37425242541431997
1.5805933669272598
-0.028462246620432154
-0.26667062707403655
-0.9898330859389943
0.5529683011270505
0.5218993778522407
-0.7498808040634053
-0.18017107863586937
-0.46262220072300314
-0.3792552217512337
2.0112706381899628
-1.1286488944385054
-0.5987476674877484
-0.22172965862827976
0.4340428124047359
0.2536523643351653
0.1456121411505976
-0.6394172532213445
-0.06898644328843848
0.5224587224891251
0.051669445147462745
-0.5064555268603074
0.8718054801771191
0.4042725258685052
0.6046922088798751
-1.1608208827428759
