-48.120330411419076
-23.716260087641356
-20.708730378312524
9.655493327673852
-1.0303374865881514
3.94518146340525
-0.13363367041548227
-0.6294155868236684
0.6733451543312285
1.9726640057961422
0.9156879244542414
-1.8949864196482484
2.325173115530006
-0.8331120702947987
2.1291090371580346
0.1940412055756738
0.06878337603453322
-0.04524399846759858
-2.907014074485205
-1.0430630623348134
-2.1261619521475628
-0.21271064521101365
1.2495798472789068
0.8216854228889292
-0.6744315989290591
-0.6865840916218199
-0.26491602292664485
-0.9440828056588229
-0.004976440723045872
-0.572846938458873
1.0135425823870334
0.09765094530283336
-0.46751643478292637
-0.6780644810060821
-0.5660392973959907
0.4644552735195069
-0.6583476483169143
0.29361250488399354
0.9500225769601096
0.19746926846766366
-0.6524835324108637
0.32825530469851755
0.32871722137412096
0.6621150367803726
-0.29657786583301093
-0.06460561658110486
-0.8676581921259772
-1.2075249889335324
-0.4729043650920576
0.04620141496466504
-1.5087626833340724
0.012682827183711665
-0.37619947568886064
-0.08819392626759437
0.47677500289083885
0.22783880472143528
-0.270495857410782
-0.7301973066085252
0.6311237304168287
-0.6215280950470384
0.1454983079292097
0.4100896644364157
0.3363329841950595
-0.296358056616536
0.16841297137296957
0.3743365260190175
0.3866331162692397
0.7424706166249733
-0.1156822907696097
-0.3490696514749121
0.5864057570471299
0.9342101534932354
0.20292453762117382
0.4823003324138388
-0.6229731520532713
0.2489548801040738
-0.47019340972947515
-0.31358766117556924
1.0814174342879563
1.2373186303547028
-0.8850649689608644
0.9069700401408277
-0.12380270791347248
0.30721730739497377
0.5311148394604788
0.22985522038571257
0.043984020333127684
0.3376603954084352
-0.19454262775230488
-0.290892562795692
-0.3310328467913773
-0.9143158565719679
-0.09386909848188443
0.587241147070173
0.18369634374612726
0.6352263220913674
-0.3971772195464144
-0.6990980898787873
-0.11646194987648176
-0.3056601042048346
-0.19849246457221875
-0.426787832912217
-0.5137787639066425
-0.03474659988633949
-0.1658795417789412
-0.17943247658536543
-0.4160914473179914
-0.6131801582247732
-0.055291917277660294
-0.013639097883758
0.5751962198247429
-0.11582835748735444
-0.532646824049793
-0.3559421415104306
0.07419507320024149
0.0345669685496873
0.4064612472999427
0.36122196396131534
0.3983755826258488
-0.2437003198622994
0.08648000449138596
0.5651429592177177
0.04934815727727922
0.12491677507599802
0.00045102002734113966
0.21817293522368586
0.21450184932370053
-0.03083881418708173
