-35.727122441801995
16.181491164934087
53.19307778232359
2.0232968745404856
-2.8741415482393204
5.35896001282473
3.9183664319489755
-0.2187345217635106
-0.7493595489832906
-1.005075092608796
-0.4695666433583573
-3.936579176992332
0.33846584172062555
1.1502620931168106
0.5636579648827724
0.8713801769004583
-3.40782045366795
-1.687141253896952
-1.967250315275468
-2.268637778311185
-0.4349981662334438
-0.3095841106649029
1.9742102352509403
0.1737642893539614
-2.9559822245308416
0.37895282606071723
-3.0995353300736292
-0.9289159192251327
3.2828097959759095
0.42060715052281583
1.0191661861934853
2.836154465134751
-1.9864432779463241
3.0528711533334345
0.8516385440878278
-1.7096864168872834
2.862385989626797
0.9144901219733549
-1.5756655469861116
-3.007837828353352
-1.424283478738801
0.5728873464604447
0.24365630265193564
1.673175318694036
0.548656986222829
-1.3907028597605693
-1.119401854347163
0.1907515166178188
-5.479223063433172
2.3421454748125563
2.129407964156856
1.5757389051371706
0.5651035625492146
1.132736343500183
-2.0282364816164535
1.9688907530297346
-0.21577661385960603
1.0202014250580504
-1.9221057533636867
-1.299697399532019
-0.09537276305729747
0.44370366677358997
2.6598315487474893
3.7415060144675647
-1.8182095672756584
-1.6687608928770188
-1.282006745039576
-1.495671145442438
-1.1159250050009228
-3.5153834619632733
4.313487328255748
-2.7893731743341887
-1.5945941402144435
0.8749397193183732
-1.9247611869695405
-3.396203132343049
-0.13478044299584852
0.8457992747385642
-1.1665872375376412
-0.9243163838804639
-1.906331991532221
-1.7135981866624876
3.7568322289405063
3.1007241312558818
0.04289554271397655
0.29299773619873615
-1.3340415827293128
0.12315918096896566
-1.8813710536552466
-1.8229914775165628
-2.8746116599309204
-1.0000990292851333
0.1324821936528195
0.7185243297732534
2.117892503447917
0.9928966606862897
-0.3321825141921618
1.509629000855385
0.526123841584984
0.2752640534811425
0.8476400635513581
-4.387265933544856
1.2670836605911135
-3.4226704846916713
-3.1616070287390734
-0.20362079479322545
-0.44292312038552994
-0.43325272279562616
1.151921381547552
0.602015412545835
-0.37802612875122055
-3.409548199719381
0.9003521949088059
-0.15914643210208748
-2.716003172334705
0.475129337039811
1.5938972721428164
-1.9014794997174405
0.8508949798039499
-2.15108486571318
-1.1464121678389618
-0.3358516473997559
2.8082506232603057
-0.970505759824301
6.459508610489408
1.630810760496306
-0.05488826666384175
-1.8360444282781283
