-71.47690580929617
0.0006372639024023741
-4.9369848019982925
11.254054710017842
0.19693739352278572
9.217394701604837
-1.9991993037470588
-0.4700302951067358
0.609983811240032
-0.3183862695574767
-0.12854725859524074
-0.5203076077316567
0.521971760500945
0.19991463154967085
0.49600643321821825
0.9114956433873527
0.03902425618990743
-0.2554130557940417
-0.17518242519562105
-0.2751893396126558
-0.39927092057431957
0.09302956472324792
-0.33628073896755595
0.24996393173303438
-0.28441938514379855
-0.2377009638833323
0.3218943283175998
0.36672117772534063
-0.2837260295542613
0.32209377330377836
0.3019911452251181
-0.22654699455550534
0.1273581693031366
0.18628366266476015
-0.07615351397303777
0.020936119766634523
-0.013899023275117828
-0.06736245101381183
-0.08169143728317589
-0.12783819621885176
-0.070204195204533
-0.11555976602510354
0.2606898841997176
-0.04543986964181554
-0.04172558260554664
-0.1504460199220721
0.013195048487423436
0.1437995443933546
0.05826454917256341
0.31912104596442614
-0.009962164578105281
0.03948239137088326
0.07765526859708008
0.1364379302473669
0.15349822448720518
0.02564909193325403
-0.03661928896665896
0.01446400328903566
-0.06661691013280703
0.05619230378639431
-0.2993284695462271
-0.3031093777013535
0.18525112070532496
0.14829616572702636
-0.3118244223490089
-0.013010275668001687
-0.1855515121476185
-0.10310165387586398
0.1836882110300339
0.2627337876107424
-0.22467671431389782
0.3498977957672743
-0.1457597627888452
-0.09888274782384382
0.1607929422792954
0.07432474113169353
0.1458202589476893
-0.04858042670306658
-0.19558277996813092
-0.24910053803715634
-0.059810356589895856
0.15243881736145987
0.20381345782489607
0.17559083204841777
-0.2847756584699526
0.11359623345390243
0.09833789958053028
-0.24537848825845204
-0.35344157971135254
-0.05664392014030862
0.00382512319551373
0.03343977933935641
0.246775071739329
-0.013326007197272763
-0.1741816947847642
0.011786758049477875
-0.09502921332142188
0.1569969589282127
0.06429570853025209
0.077297601375516
0.47073620492493584
0.03193008218205692
0.1823660461352063
0.08182838576257903
-0.06694290445562218
0.19155623279400397
0.2657579746728498
-0.03582104119505239
-0.06740522287552263
0.17630603398254124
0.22384655692730449
-0.01401190852864699
-0.08163326763364986
-0.1130883185652968
0.15364438263171196
0.27500581273925223
0.013046005866457988
-0.23587560848709432
-0.14605515749684922
0.10631446201768638
-0.2698862409505801
0.13288585397484715
-0.27923915707807806
0.13140179142529515
0.042857734886212404
-0.07604262386115213
-0.1453179532610778
-0.24912985045110628
