-42.341307692162815
-3.5790909418862915
-10.120668624081551
9.596047745416053
0.1050163792518074
2.4279594967104825
-1.7944682484210324
7.448454545951306
6.1162596309805135
-2.1761809518062587
-1.2917487072703024
3.1060537729857463
1.5537317071790528
0.24366058114481107
4.315382360661829
-3.13050741197538
-5.796236537539667
0.04145582831312244
3.0522323147741566
1.6331537657742847
1.5919070570380638
-1.7970365619761313
-1.6645712518609848
-5.05231447484708
0.8569785938893735
0.22832680062052355
1.1296956021262385
0.8763886112387846
0.55206298993542
3.8990306700091963
5.391953880112041
0.38896760226576277
-2.188360923144137
0.3688724868191536
-4.022903468853455
2.7155115139461423
-0.874247900352531
-1.383894760096097
-1.1348771873105041
0.5593615768362619
3.044175755671578
-4.228427693725009
5.6651066214203585
0.9042403205079
1.9144493313804067
3.989996227169505
2.038766508638829
-0.597216024980317
0.6819854024020896
-2.3480221674099
-3.234434542728529
-3.6079817054702366
-0.5729332995932045
4.559699015474671
-1.2838914619288162
2.0307470634561704
-3.9597569496919203
1.5604788344799163
-0.48653461725355307
1.5906994022718992
-1.1714614580296483
2.194500780438526
2.7800686673352106
0.6384949945451028
2.114879472556617
-3.0228315847740683
0.12827721522605795
-0.8186628358848315
-0.5386530633462034
4.675007157267111
-1.737026940364304
2.8398635138459802
-1.6031091318309985
4.419878403740708
-1.5687702304470799
-2.8702023601007927
2.7885654352931604
-4.727060160720122
2.1570114466893906
-1.9832606731607614
-0.10102014867477915
1.702386008286246
0.4543869747597108
3.477241181069311
-3.94330412315069
-1.2810296438581597
-2.4148999111594347
-2.636720991951983
-4.089761701586218
1.6196496977039607
-1.9312173726656927
-1.402076221588274
-0.18569874417426524
2.1863649839651136
3.1288987791266947
-0.6554720110143468
2.0519288899526917
-0.9844958347588714
-0.6538956040227473
-0.7085841485383485
0.6051851677470208
-2.8240827232024532
-0.9406325957598445
-1.6068464715712283
-0.08747176549176507
-0.951600416192073
3.180210698156844
-3.531310248712741
2.616258849789662
-0.31107232444188565
0.9008072557281035
3.1571268862976014
0.12211778231925546
0.22950355334365974
0.14921199776856414
-0.33772196599451726
-1.8145159664608712
0.0803606909245989
-2.003349910147227
0.7775029402075038
1.4388667854276054
1.1108870073710841
0.47203960891033653
0.12058409099460068
0.1887093772851528
0.35087884144603904
0.8281991529809649
-2.8944609221256132
