-40.631896831037984
-1.685811964592109
-3.3252365268966857
15.437286279105688
-0.7750534086688049
-9.257318508602866
-0.06863329913365543
-1.003386886965782
-0.336063446981667
-0.037751361692785174
0.04436137404162592
-0.18040198494069679
-0.04263328930399807
-0.3026680874701374
0.14894955434868767
0.325065920097064
0.011399667264035185
0.2598580318704681
-0.27254324200927327
-0.22415263904335603
-0.6426516029379853
0.533134402719994
0.42625816311100334
-0.17754737561161332
-0.48932754914468035
0.10768881505694236
-0.33299792516287074
0.28448617710281143
-0.10192817891034223
-0.12008923111058704
0.3355736995341457
0.7109970050544112
-0.09760036284446962
-0.2506064015528581
0.26558385044318783
0.6325023383637666
0.4942897999426724
0.419997849120842
0.2223093098053665
-0.35781884714179524
0.20171810161717355
-0.04517447162615244
-0.40097295829469415
-0.06933709377690084
0.02246296730948888
0.17596682032882957
0.1994910539021832
-0.338616441978108
0.015085289650752504
0.06522346438290516
0.353054669369088
0.10616993682528111
0.06547048284321516
-0.32240401312099987
-0.5841796340028096
-0.5170404322314831
0.0724315952480948
-0.29451588465180184
-0.004774773687503377
0.07801974278557498
-0.18120095951077592
0.17174901451594415
0.4869295632564324
-0.066668780406557
0.11549811043234094
0.5608309650375232
-0.3525186953846544
-0.4429611453790209
0.06553134974858396
-0.13079821011071993
-0.046620779519673416
-0.04926789631794405
-0.11818633963000119
0.2860149422267455
-0.14995099614922766
-0.1381658428636809
-0.1086712954130065
0.2148240669853151
-0.24848388020471576
0.3026579684021634
-0.2072313413861526
-0.06940146271637772
-0.18916537524825933
0.003985489837719923
0.18458964338544714
0.3587354241299163
0.29461500397573526
-0.16731493802522757
-0.05846402769555375
0.1654296461684067
0.06730538871807602
-0.04520705898363761
0.34770886598671863
-0.21697364578583056
-0.10125714807202256
-0.11394403229247652
0.2313506008551614
-0.1870464244108453
0.5177989684618017
0.23542730632036327
-0.3911744774739958
0.20650578489651536
0.2901944949519105
-0.221717905976611
0.1405849085564775
-0.005361117214842462
-0.003145266798141807
0.1490094438960668
-0.2138766393942762
0.12601493962383248
-0.24795804242766925
0.46392388089837977
-0.09265890352461585
0.22757429147152483
-0.1325995460960318
-0.16237512439695642
-0.2426826516014901
0.19117201418360855
-0.07691984353132827
-0.4030387156643882
0.013657505416026713
-0.21500710837137366
0.20022367262938146
-0.07448743974833018
-0.24945820396113044
0.061230749715411495
-0.06800759953171719
0.16859846612783494
