-44.28790128298217
-1.3875942411977096
-9.068939588945486
10.130836310656607
-6.820128754504883
-0.20384506195392293
3.631360462605508
0.20334573380711507
2.34342834361835
2.692220608408152
-1.3976842287705424
6.463707205822727
-2.598861882106833
-2.9977626725793396
0.7720082182767408
-1.7141922062369732
1.08520496622825
-5.44947557056196
-0.8519502163116389
0.3693331297682629
-1.9305791408632935
3.5348699735212485
-3.698506208928969
1.1437095400311166
-0.8028527751490999
0.6172782864617534
-0.36330884983403966
0.1637993441091477
2.7437140612164965
-2.5473950182053104
1.32286113567924
1.6197723420333032
-4.671513398179986
0.3074027483451648
0.37829202782909843
-2.0082610003811836
-0.2177588188746698
1.6243360593759992
0.12980258728882021
-1.3131822582105868
-0.3189382767545061
-1.3949309235341334
2.2196928850922197
1.512505912601107
0.606606711598996
-2.0059677761047303
1.372744539708324
1.5826059876799805
3.1513945869698694
0.5180889249521405
1.267190045771748
0.2615780340535349
1.7818413806922975
1.5602795417638005
1.4843873189533137
0.16604710837283154
-1.1113176038492947
-0.1829851533855793
-2.6533870171016005
0.08511774763426196
1.1618625195754224
0.7622052515789327
-2.3752176194660497
3.400173079583804
-1.258628624012967
1.3468282253639012
3.8748875074427462
0.1358752003591784
-2.217083264242984
-1.3417630933222338
0.3248052814589708
-2.5042980274132476
-0.09559401972807721
-0.44511295335616385
2.0952854769672933
-3.2246259951208764
3.0485208199381564
1.315156622031403
1.9525960951741939
0.5752072699119029
0.15265448295073888
1.5853560677450853
0.27468579079984545
-3.525497253275362
2.0807476456282354
0.224008136487381
-0.356605165658904
-0.6544769401342323
1.042312354122602
0.3836138379302335
-0.2254513636189032
0.09464680330341876
-1.3649724869154376
-0.648406136527851
0.015885702033792068
1.6398656278798178
2.433886467296147
3.1486221947323063
-1.94867114485185
1.8799608401157932
-0.7463533574807428
1.6349928702943108
1.345458947347914
0.06274797463817151
-0.05562456748511045
1.040822525239426
1.1233390111945107
-1.8489210828212608
-1.0634677996235704
3.674679135323912
-1.6901507566156257
0.10055939782069576
0.5349831533657563
-0.4340755271713617
-0.47126203899947067
1.0205911881668743
-1.025744995588504
1.1691980126352504
-0.8840396697734951
1.7434717430065982
-0.18949760036202626
-2.196588065999252
-1.8880702756875152
-1.0949714790311669
0.9327340341987878
-1.8548204601417346
-0.6090903168222741
-0.1874387589967385
