108.5388534042034
27.402769428747384
28.158902843185224
-11.661796127866571
-7.8828569901844405
-0.6837488487977277
-4.308151799455246
-2.2525382729048005
3.1741230962487537
-2.580162523344579
-3.5418961809339127
1.0848325498354319
-1.7942140185362798
3.1572846689315868
0.4866632484970502
-2.2375566856351945
0.5692594299618039
-0.6898473689402347
2.6165779654763113
0.3392713209199235
-3.480370488914209
-0.3894222318245928
-3.9288085615712514
0.1966186035540404
-0.4575382350805385
1.1442960164749145
1.618444421072703
0.3352155774320848
0.41480171183669595
0.2732712980729697
0.6945337578964668
-2.243187281555555
-2.866401332968782
3.881837117445915
0.7924863734162654
0.4411169439765253
-1.6872010990255133
2.871358896487757
0.9818653226509958
-1.588639749809041
-1.0825988764005474
-3.127319922553252
1.5038567203533426
2.4131143791963763
-0.2993214698940034
1.3208130618959073
-1.4580888351446903
-1.165063713049749
-3.4214509170455547
0.17927568009446104
2.563082285508772
0.27962250563037494
-1.148608647897883
-1.6131879310265973
2.585649208827985
1.676069938454561
0.05803809361863434
-0.5251362969991357
-1.5494940050110275
-1.5604737106511468
2.5441414242976164
0.7652610393569175
-1.907931512672633
-1.04562444192059
-2.5941596612619198
0.19728721198990354
-2.6682112841553844
0.5360722610555877
0.5371322390489273
0.5895556980337018
2.9484546889616174
0.6929226389140934
-2.221338429634992
-1.279972918582475
1.3149743978240322
-4.149678033274373
-2.384784020559106
-0.49110611381837965
0.7771386237764408
1.4918876296120254
-1.346787617851789
0.44032473264912275
-0.40903471122080715
1.0380121296746174
0.22088823956079184
-0.994053321520866
2.03459796310732
0.7623665901197691
4.408254265309715
-1.563332426418843
0.6536147460613146
-1.947801055826387
2.1543059461662764
-1.7927786366702454
1.4443699747503218
0.043277317841512994
1.3935805377600823
0.6776150146410093
1.1187955447232258
-1.3185317739635414
0.5646131534769973
0.9999418883776177
2.5682940677771704
0.4697393486684812
1.599527352680289
-0.9518663207719076
0.6542162124203236
0.5573183748967634
-0.038945252108790795
-3.055160966038981
1.0979275495365692
-0.31308236142283796
-0.44937191623667627
0.8167633605277809
-1.8455718928317708
-1.6262938044909232
-0.9404286728611544
0.7285355024602074
1.577809405449244
2.3740392841492017
1.6256251959610084
-2.102583649277243
2.159392265738463
2.246977747907927
0.012157319964788083
1.1132317104316893
-0.7119466611173395
-0.00222352709440099
