-46.21284241244934
-25.068539780022338
-19.740481291476886
-3.6095113026442163
6.367638089416844
-3.687802447970258
-1.5460707945292107
-0.08434424696095383
-2.5271894440955522
1.6620082222266288
-2.4042853890878266
1.6161492066373144
0.5839105618049051
2.6181750517948306
0.14611503770346096
1.7600454998378932
2.5658028523476863
0.01842744035477767
-2.0339978375871803
1.8287110296318914
0.9006301964439236
-2.247399943597493
0.1558901113655876
3.6654963382762125
-0.7264080706774159
-1.442024119013764
-3.089993155195142
2.7015481734982623
0.47085256262276726
2.089804083314951
-2.464658938977083
-0.1848479939186995
-1.791133763099149
0.09256157324515679
2.0141430623654757
3.667275716532742
0.7704041573052831
0.718191681873481
1.1358517486193984
-1.4186777388576741
1.4129076964146023
-0.948393041997373
-2.381345517246673
1.1147673654817871
0.909226621018945
-0.5468856300881513
1.1861399998909365
-1.3173517548016003
0.09209770194309001
-0.24608616511127518
-0.2531279427329603
-0.3222150555032776
1.0307810064359786
0.8840280060320613
0.7392681531883379
-0.9697455633598006
-1.5969989677184806
1.5366184506794212
-1.0112249998435168
1.975555833411287
0.4277571185820748
-1.730258891190367
2.3862460919325157
-0.279169277623886
2.3165512250807785
-0.21555009554369997
0.18533881867723578
2.267754544744414
-0.5841760131002951
3.020692552088649
-0.4235245803266027
-1.7064163050406487
-1.4909665900286941
-1.4180494796521919
-2.309618729803444
-0.7566550117242059
-0.21601643083198932
-1.3608123484881594
-2.0519605782592945
1.3990538905632643
0.7561594406652659
-0.4732024781325196
0.017855714949686102
0.9504505470236031
-1.725979296064851
0.19246570300163057
0.38113357951194826
-0.8087001301611483
0.10163755135422536
-2.6868708849262632
-1.7432456152632347
-1.1948177872258654
-1.0914732713612634
0.643720539265591
-1.7040759526195106
-0.26664892655304434
-1.542126201327494
1.3478460644060604
0.6426609977718457
-1.1742060732268556
-0.24921691928888542
3.656776952813049
-0.10401303225860958
0.25184644859234034
0.9293609779855357
-1.7810516189548005
1.176901830939683
0.8345817475848982
0.3198349230796763
-0.5730327217176192
1.1708825592507202
-0.6473223867795975
3.486268510512482
-2.026299515602884
-0.19023739516649052
1.154451608817005
1.5761944859289878
2.110160738784884
-1.4491797049725443
-1.0189887040523964
-0.29299405322084926
1.3863574118591524
-1.0934090951765527
0.970525366365139
2.3231511716059505
0.27599933247452646
-0.20128882097745293
1.295572083032139
