78.11043380263828
43.84852320062727
5.972696611444279
-5.951635868494517
-6.48496788194261
3.192810508154374
-1.9903788352856633
-2.7449352988667814
4.407039460222488
-5.045343730866065
0.34185770967000856
1.1186479407985155
-1.4933807151155603
-1.503484340681934
2.7588581795768032
-1.1640769124335248
-4.062161520266709
2.9682350003647837
-0.050267820307098254
0.9318629781546621
0.21278961434883403
-3.076901981280554
2.8358325723109834
0.5407042359879242
-1.651763749971628
1.055723357037868
-0.18773493530170046
2.2974314758381635
1.5263013493065003
0.9906264439097424
0.7536562327360288
2.0648566383796774
0.6350603268713987
1.0836710686937778
0.07213238866593472
-0.8405659966238698
-1.1238818907949446
2.4227724424100185
1.861580537398129
2.1724905263040775
-0.12013340098193712
-3.2331296359999278
2.3085712042089876
1.0955491117802847
1.6895190847241928
-0.34564466953469297
1.3099363592908537
-3.261011035802866
0.2210943305858948
-0.21713728221339412
2.9382998701157295
-2.4050640235791696
-0.3369131940531996
1.5916446493433578
-2.720114676459876
-0.36336827182342635
-3.5791376716469414
-1.8997545759712482
0.9970793018928539
0.2515967401111934
-1.225146048060739
-0.2769654803589481
-1.2440143012094016
0.91687892910417
-2.5641269254371353
-3.3673890615975264
1.1522986087699543
1.970664992732142
2.9457573229478946
1.0938588855633504
-0.39588283816224995
1.5636451468217367
0.09224100455795574
-3.707340611001799
-2.1584067285075665
2.3958856167323437
3.1347776001377317
-1.4649476345902064
-0.25056419243669714
-1.3453727876239396
0.6917472698460053
0.16341162114046667
-0.6369253336933094
1.6174252081729084
1.5727083529826364
1.307880163349949
-0.730027170604056
0.8862393858318576
0.5810923768911543
0.029763084232238557
2.050025809715224
1.6724851765869126
-1.2389692754565165
0.6522223614770987
-2.3012062377726257
0.71476505489084
-3.301874177766943
1.1998519260386544
0.7206514201507275
-4.693615679451726
-0.8633258083794557
-0.7627847688812739
2.09582834072596
-3.0637780399977235
-2.2845329336534586
-0.3927868809000943
1.4294526199429614
-1.774541416623568
-0.9763185143980284
-2.3079325336145162
-1.7730810981212715
-2.5550646439430067
3.9949830184739383
1.3668068698634164
-1.8007275013184174
-1.2072930662168724
-2.4676775384351157
0.8264727585019812
-1.5625401748799492
-1.6024373292528864
-1.5454817671504422
0.9655059207233936
1.8690233567527264
3.770201628270758
1.8203236915823242
2.4237619684790346
-1.3836526461387173
-0.16567422734011966
