20.18471620194409
73.08109210283457
-27.537468806090782
11.86776261236191
-0.3620251561775925
-6.61287962212337
2.134889451911918
-8.24856159226517
9.871311493561858
-0.2710521691162291
4.450534814557832
1.2038176374176677
0.1731552639315881
-0.8467790860093727
-0.2501959335580568
0.003881382922414134
-0.7272661056389047
1.571053549568016
0.33638009655939927
-0.9180905789550743
1.262706559104028
-0.39017096049598937
-0.4692839135802468
-1.8977809809979767
-1.4280311184140144
-0.22032418259042433
-2.875380808306658
0.6508544785307304
0.06333087505896176
-1.9474054287529494
-0.8267139765507712
0.5029346254427646
-1.2467985692043966
0.489334824530959
0.578479532687597
0.531224632723404
0.9637310594024395
0.43945924088174215
-0.3363200135930168
-1.2809912181714918
-1.167652222182253
-0.7632055044817434
0.2928707522685412
0.30870770331823705
1.4999021606848666
-0.08711793995129996
-0.8263768447961469
-0.271682982717943
0.9999191479629156
1.79462633832378
1.2688707500060379
-0.008592792110609926
0.11088446194148928
0.016449484493008447
-0.8977591053308189
-0.48227547286149164
-1.1120172212810844
-0.7520573688721419
0.09299477426722014
0.36168525877906255
0.2596212016247481
-0.7147399202046658
0.9729224106794297
-0.7869629465530947
1.1304246604487498
0.4572989031791495
0.1719071770952465
1.0003694093332691
0.08080071673313917
0.059126188393296975
0.5843104257048302
0.7862698418208249
-0.05656720739457455
1.00356704983242
0.9039931815430289
1.2842655681627386
-0.8785421077923462
-0.07912501843786585
-0.6881755458094434
-1.042008062357563
0.06479028367605125
0.773415138954042
-1.5751556734898382
-0.0003064119091026607
-0.15842324424232435
-0.16913111003693715
1.7126404999014175
0.9018562811113974
-0.06729257952959788
-1.0680156901933353
-1.6687383333285744
-0.18092415376697324
0.8789246964619608
-0.2785119100138394
-1.0013077067774685
-1.0965693649774781
0.32093649799421087
-0.19920850591873193
0.2726022427690968
-1.4355089628859266
1.681294412260061
-0.015783216086984297
0.3315469948775967
-1.1751824072248265
0.6479322967564536
-2.090859332376221
-2.104278958903427
-0.19122506985027266
-0.11771998699216739
-0.18947007677367353
0.00189622921420729
0.017055182672977287
-1.1219754475559403
-0.39148769853686055
-0.2784864141431008
1.0370909498057395
-0.11748385429172427
-1.2988066537922707
0.8659362460389247
0.01765568102597974
-0.6258519728051324
0.035030056555195775
-0.34029535890580687
-0.4316967030461276
0.46422848929452426
-0.17271655197083605
-1.4059191298903366
-0.20258539327600683
