37.07062932707836
75.22023780261115
37.06428362493331
7.549862968949434
-0.7347490995380139
5.187030635469061
5.72184388150363
1.152401719247688
-2.8078417008959136
-1.172157369171187
-0.9062955914945525
4.745987085026387
-3.300435178993549
0.9687068374133515
-2.9664035990110555
-3.6076333243972654
0.27749939521418854
0.07503966249468283
3.590258393353827
-9.147800680194507
-0.6847501694287487
4.164011784844258
0.016863552093155595
2.1259357431406003
-1.4434191565404992
5.887136786938783
0.45146178404848686
-0.819680384506556
-5.740114009189282
-2.2201883542013134
0.43736589166437667
-0.7534330461692227
-1.4517307650122646
-2.9211655178794795
6.692699875877952
-4.358430737984898
-1.2960135076718966
-0.16407477400377923
2.3906098934827216
0.24111824357608913
-1.4365809223093866
-0.19672923137870307
1.0519510389764455
-5.495890241394956
-0.4543758649791197
2.454301401120815
0.06866203972481336
-1.6216539726093875
-0.4732413712175697
-1.334107421514005
0.718043098334379
0.9349836491187381
-0.4058103051261256
-2.8964848126575022
0.2661262404578809
-2.5694072222371527
0.493192747629629
0.5582324849245615
1.2652855720779916
0.05595818039181577
-0.5064469379916252
3.646528321491593
3.529405050257522
-0.36762937093353676
-1.1425940286398264
0.8407944559708606
-1.9113600783964841
-0.7136428035140046
-2.2075739570156094
-0.8883323700973599
2.332514890226639
-0.072347771581875
0.27461929471425944
-1.77679268003131
0.9175918792754758
0.678738382014616
0.8968371633059351
1.559014388577937
0.7805088258463726
0.9684760073756258
2.230239986302044
0.405841512557555
-0.873938776259161
-1.2183729950047084
0.20522738236658208
-1.9618681398565239
0.8041365796689924
1.3838335296713717
3.2624635718782296
1.5391695126778075
0.24735136520949047
1.5663718583338755
-1.299094581428966
2.493332813676479
2.972441945859252
0.8271259116201705
-0.2697146108770298
-2.3794763254213867
-2.3777481917760523
-0.8145981148612369
-0.16460771980562416
-0.9199251315928806
0.06393095433185382
0.8687169334768043
0.6210523944637332
1.3262741984925823
0.36900891162518007
0.6946108501339388
2.2020276569600727
1.8325276915958797
1.461175636681516
1.2142576317591307
-0.21584064586892054
1.4294730133357416
-0.0436022718364375
0.0355118863621184
-2.519681251092332
-1.0854570984002618
-0.5881579989984442
1.091604572267809
2.3089896716607377
-0.7509746212822787
-0.5720128514073142
-1.4785332218180327
-1.4611464167293704
-0.8362828686552757
0.34952357869843037
0.2622213367207932
