-40.57030981791506
-1.5587915997038728
-3.26677011999643
15.86583962070837
-0.7611778452785427
-9.714209581729664
-0.14353701012544062
-1.14365548347013
-0.3147926441542076
-0.0483933570398932
0.15485972810837031
-0.29262987292322984
0.011556794763877318
-0.3840076578209742
0.21632767267578945
0.7235979417971184
-0.0548006262411892
0.20372887589704972
-0.18707736725753327
-0.04774973129449511
-0.540486524820732
0.2480828982801993
0.3700471163308546
0.20382620242182997
-0.42216265099242434
-0.17509806723458876
-0.3429490268508223
0.09959044110681212
-0.31998222179878494
-0.01678626934086562
0.23251697593516996
0.5396862152906592
0.008607747136596108
-0.0021019324610584006
0.2307624770518692
0.46743128163183123
0.11080701302340323
0.19304700220477636
-0.12053295363130366
-0.11381060383415635
-0.0766473816559343
0.08697704756501091
-0.40082963953291684
-0.36990002952181167
0.14071371997427104
0.2192002046000876
0.03993208005851066
-0.2543153114364191
-0.013716153215753864
0.3949573613598969
0.44666648580086893
0.40197719704968815
-0.1140789280555177
0.27297536604125106
-0.2223580357790735
-0.12790117278835417
0.37226258009479246
-0.20518549737560748
-0.30263941881166534
0.3204992104600841
0.0948738352233092
0.1677977664563513
0.3028576527739739
0.03161178743927316
0.07617997060106792
-0.07278139262448885
0.09704995128400813
0.10381479721614072
0.06821759689149129
0.0745163114946416
0.04449526487564168
-0.09327848857727285
-0.24312071269450303
-0.00034861076825777604
0.09686185346441156
0.110883371709952
0.380052800186963
-0.07888232045519093
-0.08143740426173608
0.4992131283600849
-0.21313173229419136
-0.23367710580782797
-0.6488491080320642
0.007606176848551763
0.02457521137476909
0.1897546867755852
-0.0498395807033504
-0.10157640805852258
0.08553525386307234
-0.09869211307117194
-0.2138074244864299
-0.2715447985095001
0.18855911650137722
0.14157857360477222
-0.05077663414943216
-0.042542288216782846
-0.2838161311261751
-0.07071932414147664
0.08822150221520454
0.3961788776405192
0.44164045341336405
0.043221448861590364
-0.050272775085721616
-0.1528713909794203
0.11992261531774978
-0.27867427657034355
-0.21150151739689876
-0.11628978119898581
-0.4211414047683075
-0.07138189259575142
-0.31384010726918216
0.2441415594996924
-0.0002477949150415243
0.2649664186460786
-0.0381324202545719
0.1555089200004674
-0.25404087842761647
-0.0798303033308565
0.17589754120752
-0.1744001556131276
0.3383598555033463
-0.03767218590621044
0.33256189094309363
0.11274644400572698
-0.4715112019055722
-0.09653731137851815
-0.6023121943435958
0.23774166397040455
