17.13896405273378
90.10512169016174
25.506411799527
13.111917287804449
3.934097024188781
-5.538567903915905
-2.70436549091377
1.8801467815433948
-2.3075923698430456
-0.8631880416316322
-3.2970494129592587
-3.422056327789878
2.9467181030275595
-2.386856204832381
-0.9824866529707619
7.2834645124498785
-0.3183542058014776
-5.110698585525147
1.32780309314176
2.8478877522194748
-0.9889725900209638
-1.122875172509716
-0.6587286535319465
1.6562014758672237
3.9624164228033507
-1.3250170090624744
-2.483431104685508
1.99618337826155
0.5744487645944726
-4.160634757671568
1.0685455582710723
-0.8851404791574013
1.841870008672069
-0.973283473225346
1.2107080354673
-1.9791963825528867
-1.2388676655065778
2.296638366159634
-0.482701871464429
-0.17246043805545452
-0.11172986684831082
-0.7625578015697246
0.16863549307614517
1.2205161869087937
1.0233153421141767
-0.18619922919268028
-1.2155452445149177
0.6155101187874861
0.5045536580757878
-0.2281004358792482
0.2790469695210357
0.41550539367392925
-1.757066672539726
-1.8883860896427027
0.9780357841844105
-1.5881783856274825
-1.1252082509768382
-1.3471245101106317
2.199367583432686
0.2278942572800244
-1.8109089148900952
0.46808709687932415
1.0079492233538856
1.2082950867464393
1.4941225695445628
0.059167755049035875
-1.7648294294825277
-1.5443532896919727
-1.7068214126468242
-0.8862790269335802
1.163756667079654
1.6571411963338745
0.20769818817215374
0.7141994746011215
1.6553507189899108
-0.2791362202446689
-0.04192130285242113
-0.02849038764010467
-1.4360164710618477
-0.23670072803045666
1.1130624958008406
-0.6537737056449034
0.7882163214706897
-1.1481090815377397
-1.779920837017255
0.40854114169148
-0.21946383776558037
0.6781517050259267
-2.12659501778243
-0.16799976873331862
1.3392829503549497
1.5327620130252209
0.4880996285913596
2.3186552860376555
2.4403916609159633
1.3059665558352869
-0.053151664810959176
0.9921498860935074
0.45694113824231186
-0.44487597355888064
2.0625351672913395
0.5161249474165965
-0.6434893052187243
0.9545625286931674
-1.0052279526590764
-1.822137103890726
-0.6262975375313499
2.105331456966883
1.0553413062243573
-2.138453241628985
-0.16787244682855781
-0.19850827876137128
-0.8079979485109139
0.5253066911699983
-1.148721820863891
-1.9173031570908696
0.7769088952175394
-0.09414934322872673
-0.7722608193499815
-0.5810277500805723
1.975560002551443
0.8147945903610168
1.6911252991134038
4.151276815248957
1.483189473356669
1.8760203937725535
0.25205086886444544
3.061788291616845
