72.90953704888376
61.969088472875285
22.589217946364514
7.734484870627285
-0.05838045807473069
0.1974086976810363
1.5549974147406775
-0.21809094515328803
2.2843665366114627
3.3291746984051334
-2.3607734308250237
5.775254648952124
-3.5975665905588454
-2.441844463580604
-0.8375682241853146
-3.2273489994389655
1.204399871043797
-5.354214670987757
2.01529426823744
-7.611028948274326
4.0517173885686315
0.1698204354638797
-0.8195557371704201
-2.8493253968120262
-2.7571137509340384
-2.3329700201563677
-0.11237136565685546
-3.4805958081342157
-1.4852324220531508
0.9466313243893341
3.7599425192578666
-0.34120398594668266
0.4661050098363716
0.9444570610691088
-1.643719980154626
-0.637219261500085
1.110369590110918
0.218278919582433
-2.5333942000081318
-0.3320898018938339
0.6409431081690572
-0.34199866500088727
3.0916841556885997
2.088302552500517
0.8166886863239302
-1.465464023644093
-0.7781343607204364
0.17761913124035666
-3.1439572403831635
-2.3376203749400157
-0.5089796233653454
0.21060511601069853
0.9030422018513827
-0.8987942718905427
1.3876794436078796
1.0843660832430007
1.985887251218832
-2.308575550441179
0.5893147412729967
-2.7075195896624535
-1.0182919222555642
-1.8567984008810707
0.5834712510368553
0.38865931758699407
-2.009052614698212
1.9045141179395428
0.05014020791575842
1.0546340704453405
-0.018741821728962632
-0.3275911532316277
-0.23494398471841005
0.758936986931513
3.727982599331718
1.4876764035655907
0.6207524680684091
-2.3729982802127054
1.371643172082439
-1.2832754622504023
-0.5192064564689445
2.041125182708411
0.9250065010632055
2.842656205483997
-0.10987061368455267
0.014829664728738229
-3.366680910148186
0.0570887880403379
-1.402770853355631
0.8781650577365148
-1.2960641013504415
0.14444056351826196
-1.270132925147656
0.5973303297337854
-0.44036445226897414
-0.22080521045263302
0.7165231040936373
-0.038111828683904225
-0.921258181597457
0.18389204489287464
0.2901873225802062
-0.7421181205979321
-1.36128490645373
-1.2829352963495437
-1.7313285750168208
-3.4213649746656576
-1.217428910564272
-0.06929348020161222
2.3626342550986594
-0.1369783125659662
1.4958995688038745
-2.610067759502637
-0.3657017667425774
1.2678250678384524
-0.15171679674017832
-2.490584273307262
-1.5395723237556462
-0.17630627539309446
1.4116363556834624
2.1916041948771863
-0.2606228326202486
0.13794044576362383
-0.37486537309670864
-0.2995526488158709
-1.032538631083991
-0.6098256207756765
-4.394910378944037
1.2103097604169497
-0.3965395508986721
0.2686181402578569
