87.03126667727778
25.072403289564075
-36.01907137691808
-8.589245323059464
-7.987290109011358
-4.63268483085006
4.476201761276393
1.4171843192784723
0.5883715893799062
-2.628421918732023
2.241064824056592
-1.6413396174268604
1.3194185442649213
2.268548408382327
-1.4778143991223793
-1.6345770602288787
2.765902234263413
2.6630168583548652
1.7701641330827607
3.302553735941346
4.664282293061151
6.4047438887377535
0.26226942214247806
1.1887078150250185
-1.42649073780954
-3.7684653685020963
-4.118275191650519
2.50458061791696
-0.5038409848397996
-2.7023254463857653
1.1008629799844973
-0.7156754742111884
0.38662725612658233
0.926871908051697
2.952519222794392
1.1606148535163467
1.9483745054320778
0.9704911461547033
-1.9594928571676675
1.3375742256354377
-0.06913082104311552
-1.4848715308213392
0.9519968225060134
-2.0473499730168814
-2.290005670562521
-0.5883695486991495
2.645279850660238
-1.5307569054027794
0.7033643041628678
1.0929145676488359
-0.27310965379509133
1.256056927935556
1.0197847916805869
3.5741602305494915
2.7672940990248773
3.0862684158403875
1.0470714274645834
-0.4127589644795203
0.16720123957003719
0.4544271283857061
-1.076286591663735
-2.465125381984201
0.16588729490051246
-0.3093728292655217
2.0431449224332656
-3.1369088361866853
2.125114502043064
0.3405524422113146
-0.0577478403638198
-1.8595694008346402
-0.8433638188512934
-1.0231381796200383
-3.5753762317355555
3.4552238535476465
-0.05373246479492142
0.13640280563868745
-0.5456223716007953
-2.648673930231535
-0.9172949703204998
-1.5424295428059318
0.43281823319733576
0.38345050479157505
0.8543366884602377
2.7514643922376383
0.6698380041538955
3.0618312382331188
-2.18529262082501
-2.6452027708860437
0.7047483896521053
-1.9872273817732082
-1.1725748263126543
1.1880138163128473
1.9267738440054383
1.327201708502465
-0.5541675008483575
-0.4801441537676495
0.001066144505721428
2.332163203632299
1.5778356179615367
-1.566403530451509
-2.040183814605618
1.8137194250426742
-0.6845778145187774
-0.12540925090840227
0.9269409903607337
-1.6429076540029477
0.5146317039030714
0.21403605913629734
-0.6895468131095466
0.0007348428126648238
-0.7292706802929259
1.5617117496631556
-2.6847708199114857
0.45077320259545517
0.7617828743408703
1.7282935371886512
0.11745924183799439
0.9865706334653674
3.1988578319761456
-2.6095145857420987
1.9732846573301104
1.0305018293661572
-0.8301790862140072
-1.7175691740141243
1.8163743469647622
-0.7521960118076393
1.2029347927782554
-0.11888481392706524
