37.203780260620825
-54.5688727274939
-10.1534682835938
-14.163061883762667
4.656614491311961
-0.4852196205474951
4.641310486983278
-0.532124805626099
-0.0524836829184821
-2.8044608305171046
0.2937259769631902
0.9460687770202139
7.417104191957174
-5.17505056146955
0.016074398622150488
-1.8799949729859455
-3.4257026882776866
-0.4674814783329581
2.794366292481768
-0.7259910788863588
-0.6144748868030739
0.29029570337015337
-0.9419343959094749
-0.15580012255541714
-0.750084365308763
-1.4917271824006306
-1.3362739171678735
3.777198134417333
-0.5970550199771333
1.3499195878100931
-2.07982125142953
1.724928428398554
-0.5173990762736711
1.2328359320547246
-2.403070465984411
2.2291637543265352
0.08698576367893324
1.6831479061791528
-0.032381311738076596
0.1210330082499001
-0.1896561398842964
0.5407165405009617
-1.1265129907464653
-0.4833212999904718
-0.4096257306430469
-0.30571667226802246
1.4970700966503219
-0.9932186564543807
1.8066398701170578
0.266192893332149
0.6445355644904303
2.536431206504902
0.15388780224299442
-0.12324586310991865
-0.7083917033964068
-0.35942440766124695
0.3802393680230648
-1.4514256298691142
1.1890664100523918
2.1720761796140753
0.6136306852187206
-1.747792843359955
-0.8631831757129403
-0.21755782631654977
-1.0289430238055213
-0.2326854166839586
1.7421724279173074
-0.29714339202495144
-0.22337131930020987
1.3533081751918248
-0.7256455739074019
-1.7428017896235166
0.12572148607495845
1.2515209566777505
0.17926893091640056
-2.052016650535263
-0.06908146165816531
1.3781251179499505
-0.5426100534474569
0.18187601798495895
3.1001591082709843
1.279643193030164
2.228174919761722
2.4526543181785487
-1.0546799125367778
0.38043940915016
1.1592567835097491
0.6777950255042541
2.4075679624823745
-0.8247074384312756
0.7509725301295026
-1.0687819033990047
-0.5326590447746401
-0.7333023033883856
-1.8710869188220383
-1.992703875457747
-0.6865709362124446
-1.1771966909865235
-1.2232274664983247
2.8719485001081604
0.9358522722971434
-1.4508325149823593
0.29657579295474285
0.7165140041342827
1.6614172439462445
0.7629025282382247
1.1884724215876796
-0.41615027736545646
1.8796280000774352
-0.3513060126825641
-1.0254152384872297
1.657539786997383
0.3744142973391784
0.31598211910825114
1.3175294785866734
-1.369818591998054
-0.5814248294419717
4.619157063359207
1.309524382494645
0.9642028138828063
-0.09941767108892832
0.9172763289243441
0.49308281990428876
1.172095346100354
0.2847971473500952
0.8001583281446988
0.057186350570533145
2.637768062267237
