15.419669441041007
-54.32947157575228
-22.14483321021394
-13.088497922244917
-7.874370203119234
1.134858428950793
-1.610896436974909
-1.0758041031471608
-0.14220338181193173
-0.12484135890846357
0.5873869436252828
-0.09511795343489632
-0.2567566981169182
-0.3357257793371456
0.053371982675229176
0.33241955457544725
0.10396654691756033
-0.5213177574730037
0.2515610514185982
-0.026180178371525423
-0.48836227881650457
-0.16697868174328045
0.137061868269569
-0.7371270853787429
0.7824454031586747
0.21701671414392387
-0.24110683657067628
-0.46948961092607083
0.18198256606544844
0.46516890514743015
0.06942603151055299
0.4740660222308362
0.15836272394402143
-0.060150041901389714
0.3137968398545829
0.7235908087405103
0.2620305999494559
0.5162478518915735
0.568246929504359
-0.08354435796360202
-0.1478578985538549
-0.4739558264446795
-0.2662048607117952
-0.32876007732264334
-0.07575056297785673
-0.4921151883934512
-0.1506252170329011
0.2571921092150117
0.20769837915380168
0.30551999527996365
-0.0292670274031909
0.2369895329154497
-0.07651027007953731
0.043896530836389086
-0.1959000267795286
-0.4475208785124175
0.19031840131879504
0.24539318873574018
-0.18322546637738735
0.15436313351283815
0.31950672949553405
0.046570165574169195
0.1672007462285987
-0.221796586060402
0.39393163805364906
0.2209602506709083
-0.1299163989924065
-0.1813040201257285
0.2711363605080205
-0.2060183623555516
0.03588162284688466
-0.1914904903112836
0.18337061788364165
-0.1374250376260096
0.11731041608046522
-0.08701212102614456
-0.12384937170249524
-0.24994133212587377
-0.1989162434683968
-0.3476086210974335
-0.2644527733444182
0.16417854912540228
-0.038897884868801025
0.2261689945633829
0.049947490209893725
0.15808494049796085
0.12134219762057738
-0.2915438819521435
0.11546171986637624
-0.17344337242544064
0.15911456972942464
-0.2322887540987591
-0.1446779070566132
0.0004076300012996886
0.45573163152265855
-0.03914876416993773
-0.08666666354636567
0.033006013924777616
-0.41480837856556596
-0.10822888827070185
0.2098264620227591
0.0821509981396828
-0.132417524911127
0.06927914004426364
0.2556986031941674
-0.22271553592340326
0.03597438547087946
-0.14956657494914696
-0.20916401892525266
0.00837039442142749
-0.15178982387949913
-0.06900712026404887
-0.0735424534734212
0.01696218465443615
0.15805069214638534
0.10130226007806695
-0.11595259022408771
0.03523872831150758
-0.07670156570655928
-0.04346251678838828
-0.16632163494066188
0.10964751356904331
0.03384018666275085
0.14267630539082157
0.15854794190478816
-0.10160389243761886
0.29682722468512823
0.2511673209067486
