-23.972984465671622
75.0095070217441
-43.179422584989794
-5.682076903766763
-5.489408733774194
2.289948066476688
5.101621256590426
8.51971859126338
-0.26710867853046755
-2.847860043637935
2.4146405527170747
-1.8013646942494757
8.707745145393188
-7.912911635173692
-2.802362334651802
-5.323878024552926
-2.08033442350014
-1.614975175120581
-1.5527203781085088
0.35072110156090747
-4.020747298553147
-3.4147339327641237
-6.226957460158729
-1.0696462279768093
-0.1586659650150989
-3.5004879412592915
0.05780279037701189
3.667433142745381
3.399763550485512
-0.9350005374684862
-2.2530159528745424
4.840943863764777
4.296127899311715
2.4651905415644233
-1.2362134215894327
-1.2994713284976898
0.6620941712156108
3.9634479375499923
-3.5900044985874375
-0.4281015840109093
-0.5279767550882821
-2.4131491618598453
-0.17727005433402324
0.5051962043433603
4.693524842644512
-2.309268063244229
-0.2012284979207338
-0.059406200954220514
1.290313931639037
-2.363941154060312
4.618501605102786
-3.4919653046067216
-1.8157252349357853
-2.080744846074675
0.8079339943786636
-0.036665640004016696
-0.6485034270381892
-0.29226590710989725
0.23942347429962924
2.7525001231758233
-6.038817181220151
1.7058622812511854
-0.6199191128395934
1.4457659578964914
-2.785552276263933
0.7333210604994811
6.079430711962841
-3.431623731500107
2.388306336589775
-0.6176610492883442
-1.146822648287765
0.4320903489826997
2.1066579398932155
-2.33572004619632
1.505235935685766
0.5371905439582118
4.040583739779743
0.6165882820951749
0.9344700192289461
-1.1379821139872226
-3.255612768464439
0.7407505584300934
1.6503136009472688
-2.515299903556641
3.0142117456907203
-0.9173466477308223
-0.1875194684302288
1.8313786229498419
-0.3076168339746698
1.4902560941668497
-0.6544606392760164
-0.7194027322269763
4.4468804659402945
-3.0049788637225636
1.8667073741907103
-0.06307594790344143
-0.6765253995565594
-4.656954920543007
0.8280460950617908
2.1188266565587965
-0.5806238349440124
0.023956323170391806
-2.048718292066074
-1.6905741194882669
-1.3384562930239623
-0.7695042572869423
-0.5082961661971184
0.6788336338432897
0.6107866224357947
1.123283539050171
1.454351396830836
-1.518989618970344
-1.112869096678528
-1.4802244745506028
0.6561345660156502
0.6904479324235406
-2.335998399604837
0.4281866114783382
-1.148371000016347
1.3883549000105648
0.6084085036447122
1.7823661786646983
0.7779543916164766
0.5405298916871419
1.1444073757431417
-0.5718169873646054
2.101230313470105
1.2484436394963347
