-44.85277247172075
-23.51967765783558
-18.305531622398515
7.891826249247378
-5.080576752536717
-1.2579380883910627
1.528333048806612
-6.65967320654783
-5.2607574521453255
0.3428660990386495
-3.4875373493095867
2.0906102533679616
-3.7043720498698574
-1.2167148394505778
-2.1600953943689714
-1.079122479342848
4.778984201230717
1.0417436671343965
0.5601904941198632
-2.698653583289779
-2.0746438751875442
1.1537813847996674
3.3296746991971977
0.6284806506320637
-0.9855019209263561
1.3198814273208923
2.632123548429369
-0.025589834332557786
4.038038863876761
4.8988558312012485
-0.038050958009550884
-1.3856421975972573
-0.9037828219751196
0.6807375545662548
0.2901478980874531
0.5422675614370268
-0.5387910596006795
-0.8648581679339906
3.8974033335846414
2.6856487172426626
-0.8146062317427708
3.171261555044955
-3.3113754812189167
-1.443644981734889
2.9373658127190705
0.5187168621594926
-0.5272102666793046
-2.06022139399828
-0.208206990002268
2.51807099202504
-0.4536855867168149
-1.6821915965957244
-0.6753193294130805
-0.5467486938750139
1.0378475841423862
0.15562421463690296
1.3904717170095173
-0.8465014280877003
-2.0346864248195686
-1.2646461393312087
0.3006443294426352
0.1845759203908853
0.8044971397422207
0.5258845291943098
-0.857168357182602
4.696997301617597
0.20904064359786495
-0.20843191082983287
-0.31116919703105866
-1.07616895558041
2.117931182820625
0.14236136294743304
-2.690808036116414
0.8937681030849829
0.43212797224886396
1.6151666111313594
-1.354423515913838
-1.064229450749505
-2.576381798162151
0.6053731810742489
-1.6548266898359043
0.2789756615941449
0.5957755976469215
-2.9865776038235006
-1.3285073941014942
-3.0167147829354612
-0.36057909227507856
0.18360311541951896
-0.5726080069128593
-2.0792105700350754
1.1741568417602362
-0.5672132886701318
-1.2015818221418357
0.021666482815304235
-2.463959396468047
1.684568840454655
0.714663379200519
0.822457022842062
0.44759891711513633
-0.8157753060268114
-0.49694247411167125
1.032160955762783
0.5863764304125884
-1.4530665192797936
2.6760189736008306
1.3516663899401136
-1.7018153926247552
-0.14176083831903877
-2.008157337975658
3.3231974863704012
1.3505303893741623
0.33111201780238536
1.4905130095589605
0.10760460889952747
1.2087146974927379
0.006221252756606226
1.2106388188705068
3.7411597409753474
2.2040123264818807
1.90914836873937
-2.3134778799636035
1.5783707498684765
3.1134238898823594
2.171795458072186
1.2095684915291716
1.0337758382377422
-0.41601272422566027
0.9243692357294145
