32.861930211805245
-41.40310567169091
39.1458277690724
8.359791651977686
2.9361604306083553
5.5740541972338145
0.03188049284302985
-2.1530925612945744
2.96581033640004
1.6560690436811398
3.617000603610626
1.4812132038389003
-0.5996130768751229
-5.695782732054839
0.8496337834668328
0.7347504823739801
-2.6539454852730406
-1.1249871969716911
3.1909593267834873
2.8377680834755044
-0.8698408427055299
0.42534029971444876
1.979992827504914
1.9645993713272347
2.9722680612209387
1.19949968028302
-2.303848145706971
-0.5477845963016736
-0.5024716295209759
-0.6509544287543343
-1.6065549956439662
0.08345528368849392
0.4519953856730237
1.5039471724431175
2.920433260829009
0.04817790834236595
-1.0433188463541256
0.6235660350503611
1.5174617760970615
1.9990776488147748
0.3760612459052873
2.762239768843467
0.8689746841456288
1.635731647767443
-1.5247920253017495
0.9090050076830027
0.23597938952876601
0.19651668754978763
2.474483389702522
0.028358081950508457
-0.13305598216083253
-0.8784231252258445
0.77257520662975
-0.5999740434428456
-0.8274187711366454
-0.35624794198954524
-1.5922657514804721
-1.589504758833555
0.06095056491487866
-1.3437556156682362
0.45850176835631645
0.17806378567426057
0.016112386967682357
-0.2134708401519321
1.438387603388987
0.6845328297510127
-2.7480087742945214
-1.8668993062400963
0.06704479034778107
-1.8526468414322257
0.12860735243997082
-0.9317577957390355
-0.17057290530862668
-1.998403340019376
1.09364455437951
0.5276543941085347
0.2469392393096646
-0.672467568549588
-0.6431983426819251
-0.7227199024302496
-1.0101278635661055
0.878439824248562
-0.3994672213335777
-0.496125737072162
-0.6740637350333962
2.009412158037919
0.5365297841133351
2.3449592699857535
-0.4194081423949471
-0.6291548767439096
1.3383752150590063
-2.0606675893147095
-0.11210780735580222
-2.388993076400437
-1.4828904358900257
-0.1632213274688527
-0.04025255990704943
0.6338180765787358
0.786213514177475
1.7876031009452598
2.0441893398342685
-1.0473757671701527
-0.14111388874482272
0.8150488703038824
0.543761829963277
0.781207751826214
-1.5880683448984663
-0.17504966071384204
-1.270934695648815
1.5834441126146905
0.3966059466867625
-2.888816670310459
-0.11976292199563822
-0.9358984862962106
1.822949092760637
0.15682998870812706
-0.7889534360155435
-0.26973290051684373
-0.7961408067744702
0.14202015914811647
1.5057746052878729
0.9352140071492214
1.1139735144310483
-0.37202747160132055
-1.357604482747516
-0.06941005371915221
1.4225922507716855
-1.454408528316725
