-49.62980917349617
12.192775988619228
56.60173980804729
9.461324844017243
1.9829325136386862
7.611000431309224
3.65119464394785
-8.082775841373554
-7.637337373149208
1.0356723536173944
2.6962103269245326
-0.6728976023709585
-0.19757301181728332
-0.2596111579712862
0.687856816852861
1.0292332191926934
0.07987775014012188
-0.303869792465447
-0.43512099186074654
0.23589243940210686
-2.3492177020522242
-1.0943517663047397
-1.0081506310876482
0.8905254027430753
-0.03725520936115387
-0.38294340679842787
2.807912399198597
0.26922390206952307
0.22828909279572518
1.4521786278740731
0.4549071504323581
-0.6237835690103468
0.8650382646295797
2.1950605590212717
0.20648627169769435
-1.6133033380382886
0.2553204554585095
-0.9847220311183105
0.26297843252019515
-1.4677487297842073
-0.7455861639667242
0.6558541511766466
0.4168629483515646
-0.8278104667893795
-0.4526124633237714
-1.6819075355208635
-0.49606077366373114
0.13057715197553926
0.9782318463320052
-0.1351746108981694
1.0770255655221854
1.3217412060991574
0.9468501176557038
-0.4138480022588845
0.8365650447494378
0.3458868319607972
-1.4344375144490051
-1.4228779362724189
0.9398919567456926
-0.04627346528840104
-0.7303080667175287
0.5631798633395941
1.5227313959530688
0.9033466154953196
0.3481934381702958
0.8811797250183228
0.7006762722415607
-0.11273848749525003
-0.15156781113549786
-0.06785115669336081
1.9569086753580076
0.2908021181136873
-0.5678015951232338
0.20124329795103457
0.017935839852119072
-0.016495867240450518
-0.25586296351089466
1.388859854417851
-0.7598253541352078
-1.747414359455787
0.3780383807361327
0.2985185606879961
-1.2396952936080634
0.27902098503426065
1.6550076186342848
0.6819287769968614
0.9427022367379473
-0.7195519745327271
0.5335347397039808
-1.0936678459940348
-0.8571670576399406
0.43075244168575205
-0.20028248226191803
-0.615555152241332
0.5128758377384556
-0.07499557482570139
0.3470619834094735
-0.23119284927081193
0.8909481509417383
-0.777508990995329
-1.0240097661656746
-0.3794565184614533
-0.7365261907621555
0.0011663225005440897
-0.459210143532874
0.01678308433036571
-0.2589527875180512
-0.05826010759048919
0.7252111593186281
0.8880698266404657
-0.05384186026245644
-0.9774922068539442
1.1486352961362267
0.01503933059913004
-0.036592797115927805
0.46746872093536634
-2.323244579050096
0.6162516715164161
-0.9192710923190147
-0.37441746523664987
0.8511105873330185
-0.3521248673149372
0.30976111166593673
-0.5003767580508507
-0.7224975391026316
-1.592260235003085
-0.5457099552052563
-0.0610763837716137
