-44.139830946141934
-26.54448605612403
-18.241117581511148
-5.2744085458961285
1.9625363363050572
0.013322516871168366
-0.2967156570481058
1.8897444870192148
-2.0084502566781137
5.037523415286286
-2.7227267183445774
1.2694533641599208
-2.5731327431941833
2.1577551795762075
0.014490299069867457
0.5226118067253025
3.8822087247031063
-2.5133441623277313
-4.482110869797434
-1.809014404971971
4.397830340050927
-2.1711108290707233
-0.10537208789446639
0.21026785208054138
3.0654267331288754
-3.286088681838119
-3.645507699715558
0.9641817068912732
-0.5353185270119198
4.494626223282881
-5.756653721374941
1.0048246338351614
-1.1326612662872346
-0.2395367955159278
-2.31077520636486
1.0885654884258182
-4.7495322714815345
1.6192302192169519
-3.815417399325481
1.0337905057821866
2.4871166265413995
-0.8830140290805057
-0.02599901743464858
-1.8090414290512187
1.690559359783239
0.031015819870043565
-0.7045718623619113
0.07346057836703823
3.3016028512634494
-1.1113372241742485
-0.52772176912365
-1.175853483941872
-1.0083602685185804
0.8269762557879836
1.2035630198339737
0.7245250344362751
-3.118409227589658
-1.2702424634842664
2.47257062036236
-1.847113299416446
1.7895383270680427
-1.95072799634564
-0.5584603622048396
-0.39796418294813646
-2.3706358433616415
2.8481843510538627
-1.7465618954226283
-1.0436527443083192
-0.3402127213448001
2.735418910070343
0.8111117078353147
-1.9427071496412411
0.6560901310368819
1.9160947752193902
-1.5796689684973848
0.9673881104718116
1.1426594811410546
-1.3017591935266173
-2.4098161809598735
-1.2614852190477002
0.023791781448130545
-0.051604438092279104
2.5685086679706886
1.7483992389867413
-1.4630613047748635
3.488681744405408
-1.961259300120467
-0.20673854769956146
2.154474447927482
0.10600925038831693
-1.450631417617249
-3.1821197308293265
-0.9487525007223767
1.8887253700559963
1.5887316225941186
0.07531910679073803
1.1501809622552663
-0.18930253019744692
1.9974360977468335
2.737675804971688
0.04772960582302996
0.14216106884830781
-2.6976120147243168
-1.4544910575488341
0.7373483199733301
-0.6791897312723241
0.922361574804521
-2.2204609453619035
-1.16749272442187
-1.176525141803154
-1.2181438559229885
-0.32327430352434566
-0.9800656464794403
0.8920903275747304
2.259297171796928
-1.0536094441391324
-0.30549518986561996
-0.19847460442742662
0.011180445254268492
1.7645228438988463
1.8231514997286278
0.4361871025661705
-2.132904617490423
-1.855420625212197
-0.024580602676684157
-1.8347943444713264
-0.41784341668959446
-0.4927063932761588
