89.23737743529803
9.282845025370266
-44.49877617548461
-5.744617287447674
-5.857690330586379
-0.925770379541779
4.592023569316412
1.37923860739107
-3.048878597110091
2.348058005080767
0.7605237426332717
4.428404768124794
-1.4968424163431526
1.0329733661442884
-3.003087564346005
-4.8150350461913485
-0.9732766592465737
1.088921037293737
5.848688721120606
-5.103453381516472
-2.3843193788546504
6.9245277726132946
0.6188047796005424
5.871877222303628
-0.9478197961122411
0.23262088517723387
0.9061987993220315
-3.746438684264249
-1.5406807367723827
-1.8260096131486203
3.1695736489414466
-0.804858807254222
-2.0601592297432503
-0.37302025902990843
8.504204614308273
-1.8698185590320209
1.0140124924823568
-4.207937885365227
0.8191141110549512
1.06659820220139
-1.2393952352383761
-1.608830056937586
-2.0354702304907524
-5.32220952554918
0.9004276942341073
1.1989896780715417
0.9097656308191379
-1.2975385433291515
-0.5310565396250839
-0.6273039765198709
-1.819406576261909
-0.8981923618138757
2.383714228562245
-0.45787147798235117
1.1822609302130505
-4.891654041536449
-3.630253515414738
1.2374778800864448
1.4375121548177994
-0.3506909096692579
0.7336771119062033
-1.8271326131730001
0.45601746418697264
1.1977042915271794
-0.056239942005891275
-0.3714357703725298
-0.1655343737956245
0.9402642766516925
-2.312018277591568
2.070750885671469
-1.0595552914261335
0.987649590044851
0.6538194253657296
-0.3610177874713209
2.670600347142112
-3.7645877353396453
0.15655816974385384
-1.3878985629518474
4.04910307864169
1.035255504160262
1.1550770076704293
2.1851797270573963
0.8169285946019756
1.4024356733920234
-1.6070712844757868
-1.8380382044835972
1.0543064571064154
-2.708772711701732
0.7473911336889585
0.05466899108427242
-0.9938916950807046
2.084513051936747
-1.1872254222281682
0.8908644469343937
1.7750892849626092
-2.0478567854911414
-1.326094776284521
-1.1763682106904463
-1.0179442462992867
-2.6818168184693643
0.8580058370947052
-1.9268682707357212
0.20776918105779013
1.765745184863065
1.6930853216563955
-0.35808335585253565
-1.860812798507455
-0.07820634205528645
-0.4699947367885956
-1.1105305022817056
0.6726128590430894
-0.7730514380275562
1.236400074817626
1.8120854232076022
-1.5189772375753028
0.43832247384904915
1.5674340432213227
1.5540096837155786
0.41541102024676346
1.3093277954789748
-0.4024644659834784
0.7578792225252786
-1.6002381507688506
1.3070196171329411
1.3302951689897855
1.113703596876928
-2.1575560065144948
-0.23036572510272305
