-48.31276659103278
-4.790782053942383
-9.487888664407484
9.623406710184778
1.8218477706035483
-2.7616312478074496
-0.9852528053487348
-0.36606702856967177
-0.9998128400483093
0.010010073742328235
0.05396018238437372
-2.648389197836612
-0.3278640964840928
-1.2534465560381922
-1.6494528665245072
-1.2620293447528785
1.089390420169606
-0.22123111439499699
-0.6427342819904885
0.8100363725393838
-0.3603330222686545
-0.9041058545344783
0.2233629699833633
-0.31139579227893394
-0.4067639478060425
0.2720936728648141
0.3550379826979111
0.27117696921632495
-0.6574356496632212
0.16666619071160269
-0.817612381001434
-0.3384799651610792
0.5120581224870333
-0.1574557400197985
0.2512949801122155
-0.16287638043940952
0.3834097188366277
0.4308104962964116
0.09634251805634797
0.3537395133822529
0.0869934747540958
0.11320515708917137
0.027403982008573267
0.2439443298439345
0.22805480361177907
-0.1431921485713982
0.11507876726643335
-0.15134869054634884
-0.23199972017156498
-0.04005955888938789
-0.4311096299160913
-0.16214161116541628
-0.026346302564106625
-0.023176252211198234
0.18291551843917636
-0.06686573768129872
0.05340731301112946
0.26111804485219803
0.0490024280488502
0.051609870569619416
-0.0025344317226712876
-0.5852240217900205
-0.2931335196577173
-0.571264945810651
-0.03238714194023917
-0.04102010009005061
0.20859094660754612
0.1147978854551233
-0.04046333768331423
0.21004968497186097
0.3414715328677099
-0.04458388753864155
0.42614786590092013
0.014904082204027239
0.08570591310107205
-0.052483078433894575
-0.2371439739662336
0.02119943815081747
0.15779664668099144
0.03522793168450783
-0.07479666234425655
-0.16261657754516973
-0.08579545806811818
-0.35471144700013213
-0.2275414956157019
0.16775384955505954
-0.12287402291028889
0.14017323467525014
0.07369978660557958
-0.2459105929346762
-0.11308291012087998
0.06590988930285355
-0.4652825894452147
0.31820638548900054
0.026842516892821355
0.18173899244448333
-0.10492390917900787
0.48909031201879943
-0.10184670375467635
0.034542915541951186
0.07885884196889828
0.006386562733326162
-0.020216358928814848
0.04168275484144203
0.2610308741602901
0.0821307300556219
0.34756063772580875
0.24448265586388693
0.09867549331841421
0.1427875296677565
-0.23978231883394463
0.3419827722999213
-0.01451536273921078
-0.07215907901940602
0.02211158402028213
0.22742493795062813
-0.018197594827467217
-0.20293221327846211
-0.06001815669491277
0.09945654294659195
0.48313343479939164
-0.13661351012996523
-0.07929901326311223
0.021278045834919237
-0.1357011677393188
0.28855105021730465
0.2082551142092609
-0.17493196984129278
