-70.99603963739551
-0.11050181862546204
-4.630575143818728
-12.139199071134765
-8.28319690831711
-0.22370325449905326
-0.5566218190612047
-1.2327668188869887
-0.23727911189506717
-0.5610459667875831
-0.13760725751508512
-0.047220159348058344
-0.16601473441805242
-0.15159818866945104
-0.24386433619129264
0.47902039668789687
-0.24811908669085894
-0.3861914463624369
0.402363221298383
-0.35382773406642454
-0.44163177815948773
-0.2650376975555174
0.4223465295686631
-0.6195373572743444
0.3592553834731249
0.22816514405649235
-0.12856179455802708
-0.2727692257589098
0.24758979116199353
0.2917202819163941
0.12276478452285343
0.2735284752300018
-0.04043251935741014
0.11654748808658552
-0.16487266635439848
0.18111307647333857
0.3967674472042312
0.48941866441233595
-0.09219643737429294
0.1708524408466322
-0.017255781542600664
0.020076261819093666
0.018166856265252208
0.20300912691925194
0.15566321387435425
-0.054328222610154936
-0.20505781228610598
0.028826644536186358
0.440281682482779
0.1750494064137776
-0.16715376491813325
-0.02579509067297004
-0.3231357935780793
-0.06194222170249386
-0.025607888004865034
-0.7067588654723665
0.29863347025168957
0.2249276525015315
0.23843290405799483
0.0812859464378407
-0.30278829143311287
0.09679671365808187
-0.05992314038300048
-0.1688166711275097
0.28621423453345723
0.310703422601446
-0.5766861870908455
-0.39832430778400635
0.31491547486489924
-0.26158837631629167
0.011617533267803057
-0.1622117363556181
-0.10937299214194503
-0.19435521995986185
-0.4673868543560122
0.1254084810105153
-0.0768289351491716
0.3736461509123521
-0.30661843395479516
-0.1408614921401203
0.3889066206239156
-0.1751847761670664
-0.3761509252239077
-0.26088492813036623
0.17893967977246056
0.2971170081931863
-0.24885338169249938
0.1439646122090046
-0.1003572445846074
0.2876549450655033
0.41092547535008506
0.25648456530893526
0.0758278192601984
-0.23590589440339677
0.45428687452640004
-0.02575913683263753
-0.17764449013619718
-0.564510863236346
0.017231951098442493
0.041755896984279166
-0.0135751955962444
0.20341421096978562
0.4060545006908668
0.4815901475417532
0.17661631703530883
-0.20493374003163659
-0.07729315926173484
-0.5140704743383094
0.16372499023230963
0.06845291119115181
-0.052376529286966705
0.21797832197150532
0.0644777867648751
-0.3586832621461638
-0.048604962643889346
0.12020873662043477
-0.4016210225958559
-0.1098807452036756
-0.09424353531585913
0.1860807584441204
-0.06912569510930289
0.0014039890265806969
0.0012945660415003973
0.2714417017859234
0.01884008471227111
-0.345595628814138
0.025809112638758732
-0.25911011187385613
