32.22326823454061
-35.855885377428784
39.59976900116169
7.2063250215603905
3.341063648106533
7.064504439709845
3.9156450449181035
1.6408582613069749
-4.140554789898089
0.3448799968077632
-1.0001435777346082
10.258463636432941
2.6009345569692117
-4.644785870736071
-2.8677089288692565
-3.775556947462373
-0.6203522053632853
3.1103393136906474
-2.8902036600595333
6.702881086114726
1.8816304182812547
-3.2287421386212958
7.801424834432176
-1.7689486010248658
-5.73117348318796
10.354105664949898
9.220137283284236
-4.091058440319787
-5.908029819023896
-0.5737254143338011
-2.3084264951378253
1.553937510290192
7.718860517995467
1.8061385610728067
4.049319477514009
5.240346482190665
-1.0638852955482507
3.786057518832836
0.44761920524619986
-0.9100786991528058
-6.131428850108798
-3.654086380996078
-1.5153649176177346
0.07318939859419793
1.768840466160308
2.393991516919742
0.44686967283586043
-0.8969762679212397
0.9315988622932759
-0.5508605358279344
-4.972308089712047
-4.277956801063181
1.6619908363552502
-0.3840332570059174
-1.376489736285938
1.4877549154598282
-0.444912090926204
-3.9906330077771055
-3.2248422318154737
-3.1493410635962586
-1.2316256805560477
-4.90981630994138
1.553424000340248
-1.5819784766292324
2.5233730428485424
1.9308733206782631
0.5888736504011972
-3.260937611742066
-1.5616294935287423
0.2609155149534672
-0.3012790830865326
-1.6103838660116125
-1.543456848832635
-0.9952263346593491
-2.9258838358915105
3.0483821277696324
-2.380001832064711
-1.2287851330267925
-0.5223049199567036
-0.3345329360812028
-1.0749205639989463
-2.863001490462588
1.481686963623107
0.3621464697853778
-0.9191112680298656
-1.0614616064174682
3.297251295799345
1.0583284543822613
-2.503912241657188
-1.4499424767566003
0.35976843222342214
0.18140651215330375
1.632824439811752
3.1527660462444014
-0.27711322194082294
-0.0021048795657172825
-2.102829820985042
-1.520354272971485
0.7154977420014291
-0.4303181146449633
0.00486036542741064
-0.510050626163133
-1.4801743444676203
1.679862487115809
3.323589817192806
-2.4411257209125825
0.15842868798615178
-0.4295291753374999
1.1517094363707088
-1.0527051920769752
-0.6548167554875826
-0.46951130218833736
-0.13793603585160832
-0.06422489842431017
1.3460018859190637
-0.19297550445276568
-1.4349314323680575
0.6970175821836646
-1.2847459158911303
-0.9693561930037948
1.3485870469931993
0.33027790531298484
-1.925053385705917
-1.6410083672952578
0.5474271357676276
0.2069121209305991
0.9655193535751565
0.2699688623516834
