-48.32778375030873
-5.597680906858548
-10.70811937395466
-8.951024017669361
0.782736130913346
-2.3052588187064855
-0.13037301196135626
-0.4220226550618904
-0.6242515562767761
-0.6327946054271156
1.765717157088544
-0.04511462773942937
0.20494021628301817
-2.3308181490628788
1.2506021604773705
-0.6250147589330952
0.6300332685924712
0.42407381437785363
-0.7313346989314174
-0.252471069819044
-0.1552624617176872
-0.7185137685618607
-0.2423261470792839
-1.0716823267343247
-0.3548348126361116
-0.3770597016032824
0.4144725220951787
-0.4075551368172271
-0.36220603619815656
-0.03182520926950029
-0.16296424272763
-0.08427301787480596
-0.06526906115798803
-0.07434746951879155
0.2896383391700878
0.2741870761680701
0.04984287001444526
0.0029444609266527054
-0.08382352189779636
-0.22685068447786338
0.16530755594450094
0.023567233781522007
-0.33872093327138925
-0.8156039008288829
0.3465067782415778
-0.12075975531507899
0.0013675928617309097
0.01295885994456733
0.34514288892157435
0.1446583587791083
0.1704716426819567
0.02351950261856103
0.11686526968973959
-0.47730461238600924
0.0706050572513516
0.4083352941868831
-0.08642657455000284
0.12415043675940116
0.5342228940662379
0.28488062645818835
0.40502631138319156
0.5851784094617108
0.1505252658429771
-0.15218859151071157
-0.1228372992884438
-0.22324121781414957
-0.493877730772959
-0.4517772887260558
0.056909687201994075
-0.046585601563207686
-0.13763471806003913
-0.03702462920361635
0.4036523421430521
-0.2223977975283934
0.5772188623935861
-0.22296361713587928
-0.3567878258461187
0.15125641133633955
-0.3291709643237319
-0.0639435015059148
0.2376819541814205
0.33378244162386245
0.15706111205640486
-0.06903588117503269
-0.548068211980794
-0.04535401680628185
0.06179897389071658
-0.1315900969446257
0.2923615671080814
0.29860287507464756
0.12628985598130688
-0.35377289834406894
0.02993471387038041
0.061890359929267724
-0.11541510623998318
0.07416887947416034
0.35401177881198637
-0.17192148384602032
-0.25226969115062936
-0.20753107309958546
-0.49712372963640267
-0.22463144696026116
-0.05350415715741888
0.29021300027762803
-0.051581574923459245
-0.025090880953696673
0.0321470755568679
-0.09539973148871472
0.030236188416963957
0.17051492516212965
0.2853433612165347
-0.2125346854187794
-0.13150520222495063
-0.244212287073641
-0.26243385700061767
0.5931299796739025
-0.27009176044469907
-0.2909964125354946
0.47494136307987905
-0.03738970206860873
-0.1980688356382603
0.2121755118523606
0.2761503367849554
0.0019651511651638427
0.048263657297821616
0.03779767655823321
0.06271569804771869
-0.2986890565385158
