30.3292666672424
-67.01114467744341
-25.199216900460982
-11.034807432096946
-7.680431689812819
-0.3871883761311391
-2.138176224516684
-0.14899445226760955
0.09116119730402235
0.550405808046192
0.18497218026151185
0.8562382973026884
0.3572298248109907
0.1418643233494627
-0.8530735947970073
-0.1725021107707504
0.0892022265050812
-0.9200611296160431
0.007171034938650969
0.5308222050332685
-0.7129698832916239
0.46642950296725283
-0.5817388179458681
-0.10396445989866368
0.2793026522119141
0.8642590999780155
0.30582288964354243
-0.4206960585184898
0.3125610455679058
-0.3502605012622505
1.1000243012869586
0.4461213364940755
-0.9467204657376307
0.4834317578865429
-0.9023755774170606
-0.2834699762336246
0.8111026210572798
0.16130845954849343
0.5986454345170157
-0.07403423943201698
0.3308048903872979
-0.9493491937343566
-0.26369283852748676
-0.3617950516292773
0.050398472484959274
0.8100312529631192
-0.6566909230121184
0.45266018274423536
-0.8319400586733487
-0.9598669154412381
0.13182749755205675
0.1354541282435388
-0.2389673033979278
0.05743736687688253
-0.47333656427423565
0.21159159802321795
0.3158660281544641
0.7267592320083243
-0.3608139165496553
0.5996018595361736
0.12269715324002882
0.2721122810818412
0.08920847813450819
-1.0513757168070295
0.6797252961363294
-0.5485499632849491
0.3108447241607681
-1.2069965851632332
0.06836477412278813
-0.2827365637679833
-0.0682269437373875
-0.23807603803832153
0.6037456478955792
-0.8243779739632834
-0.12591564208070816
0.25046750043797084
0.018867621688780645
0.06209478367667765
-0.1553227810676154
0.8547261584284104
-0.22718296375448355
0.007487576061553397
0.5368225310434279
0.03526686363613121
-0.9413625164236598
0.021660421420605203
0.23214452224122334
0.6286950950424501
0.1281833478005091
-0.22272131748905052
0.8463736288162125
1.6141031210433947
1.0413630275880943
-1.1636890692101602
0.6970279479310627
-0.2648262486265592
-0.6855139595852286
-0.34108836289048805
0.8544484819352643
-0.00955479314863969
0.15590809700576136
-0.7723059441975858
0.35146110415812903
0.07753725130829606
-0.9410539395747147
0.6555650243917153
0.4364081153564939
-0.92004604748107
-0.5143864643016095
0.3889437598224747
-0.44124006994052967
1.362450046392155
1.1276201428762365
0.9092379965606385
-0.2759761196669822
-0.9781513226334989
0.7348981257885303
-0.7059329442058091
-0.4141253262063333
1.8137801462862388
-0.2895274862815082
-0.11520567385109698
-0.22074350019897207
-0.14724224085542775
-0.9253043710617104
0.584936101298189
0.5900760368097016
0.8004455638821031
