-19.05698300484057
81.42228583782132
10.237364712050157
6.424375641375877
-0.769538125859992
-3.2129540986230802
-8.895463734760384
6.502779545955256
-1.221213766600757
14.576730155304002
4.389747204730143
-1.6804032083583436
-3.551507284965078
6.407122261755433
5.929081342648295
-1.705318501180478
-3.024778981530076
6.232720293469094
-7.307045828442074
8.951096552544376
9.084431015418767
6.058247825211556
-0.9151784787892603
-2.3383885773623962
-0.8041082020121822
-2.9053103416045976
4.7396203576114635
-0.921596794611735
1.120745869855975
-0.8838735636580385
1.643297163722863
-2.0017736533507406
-3.0773785048914366
3.518988079082379
-2.2223074805794267
0.3664898044189133
4.411901513422924
-2.8402066102441346
4.099976361915612
-1.224176067567627
-0.3381272033556763
1.9272535417553203
0.8603051425444471
2.08081693758419
2.5667121980875844
1.124424783301099
0.03713237472750822
-1.1841014061704054
-2.0250412810467324
5.387371092948943
2.2645736970698542
3.094312421434569
-2.7867063668138097
-1.7475960960775838
2.374551451926622
3.3962433150012643
-0.729045546452098
2.7419936872774398
0.8835995187262764
4.054460236040256
-2.456094492857657
-0.5744254955453545
2.3131337191891737
-2.761557582148793
4.395772299396099
4.5331607683559465
-0.4290658937554953
-1.5278278502881122
-1.627435118686323
3.7262605852679886
-1.5050596073905318
-1.4444121065697408
3.7614962735110242
1.0107264820078266
0.29921090476521767
-2.719330187095695
0.17503044409899732
2.846688423010048
-2.9104808461089346
-2.2186985104786725
1.350842668009186
-1.9877724963315535
-0.16481731057804552
-3.993125254916216
0.731604246331393
-2.2601255005050884
1.1898075779763795
-0.15115679024624634
-0.24824110909747332
1.7992299486331003
2.1496300701138518
1.6204972507806028
-0.40778041292600187
0.9759429382998172
4.920170721085836
-2.1468400711620554
2.922551351754714
-1.786119378470731
2.7836588562112623
-3.155936228350463
-2.3677052551183984
-1.9649219470921724
-1.564480584367251
-1.192966747738595
0.6713480724803971
3.095480412292429
1.8944619752710627
1.4657633195183948
-0.4705655307450628
0.6069665003875829
-1.0617737108237353
0.16478628944593332
1.1743959320824993
0.8461837934048088
1.7014534928437957
-1.159916828797681
1.7434169575075789
-1.6392674099625004
1.3614514716790207
-0.8966661965752748
-1.9015523599068846
1.2212952101562464
-0.5194146957576685
1.367919825954384
2.5573438667499184
-1.2470279199885788
1.6374125406559068
0.7121895938244291
