-19.287693696222263
82.83820106460468
12.247926967458673
-4.406536301858536
-4.439416512189552
-4.195295746132759
-6.296351937251906
2.426033195434487
1.7551420406999443
0.2839769214929493
-3.419196766286942
-3.4711882509396412
-0.0006891187636413054
-9.387484844408123
-2.707684983288824
3.014402169533074
0.19318531805554245
-0.2286336661761197
-3.4264948340591714
7.570823157951722
-1.7137515557497978
-5.672154881917517
5.475484535742547
3.0545810186924287
-3.6679647921100074
-4.062931305334404
-1.6282194227354516
-0.028339315167962342
-4.336908770806795
-0.872042268532203
2.694262326558742
2.334833294532467
-1.7766949385324822
2.5350666714786407
-4.522863228734862
-0.08461573053985377
5.713531527454019
-0.09473110105454452
-3.2842520487656794
-1.4987117814805289
3.0680329980903367
2.5597127480959485
-0.09479763787112905
1.5468846134850505
3.739685226929966
0.19201878184638888
0.799825525642528
-1.326147679988099
-0.6646807988762774
3.4252892202798044
-1.156913595710169
-0.2998364236568838
2.7997736351138225
3.194663434591433
1.6953436224147982
-3.372512953458766
-2.843842750384739
3.8139379914615152
-1.0377387388404944
6.049615261068667
-4.69068268483693
-3.593317247890149
1.2031884931990744
2.94358117773056
-2.208718611200245
0.25462345063728004
-1.3551723641581872
-1.1084152778536742
-1.7557025593103135
-3.1608872969476063
0.1684051373682097
-3.5810335302409926
-4.901282263410431
1.5168587345530051
4.1356123251072
0.19310743634237088
3.032460114919417
3.846167501704621
1.8888811675124833
1.0520401853166974
0.8391884859332706
0.9532490128607792
0.763924163673145
-0.3744491273327803
0.9087080796493026
-0.05624910928699969
0.07683276761682489
-0.9545444731372379
-3.447028801288064
1.4778329065208802
-0.017661402699263747
-0.22371625754622537
2.197251813569969
-2.332336024505856
-2.0727170005726765
-1.3683461208797711
-2.930890085060834
0.4125962867268685
-1.9704487092629999
-3.165950577264245
-1.8692013840976691
0.23320893113500782
-0.3625822914074107
-0.6856551540872903
0.5564330364388679
0.46346618885981267
0.6951886882050056
-1.334504877686118
0.463768188553744
-0.13910111122790564
-1.4093498183547326
-0.6754536397291878
-1.2458951684862332
1.76334493071339
-2.9326245508084723
1.846409553098433
0.19263242091254548
2.241260841780093
1.0834673659027796
-0.06734995432162187
2.2107554641399614
-0.568673108875328
-3.2621340497654394
1.3052298409335874
0.026693431110041937
-1.4604285835151896
3.054102326179105
-1.0187362644694864
