70.65967910587582
61.231401298314495
25.83338705438419
-4.476244143295602
0.6684217734908684
-5.6830266230022595
-0.8808026041341004
-4.989827818285943
-2.2134731383778377
1.4624006540260448
3.884804477529384
3.6289301006918846
-0.9643478149870526
0.4963825591868076
1.1156363780335106
-2.866057512321168
-1.1675217352598373
-4.029907903207452
-0.005190470280096726
-2.5814111254328758
4.424325403819243
3.4040816623755163
3.397306765642513
4.427954008436971
-2.33775841957598
0.8189069929349386
2.2736556950271063
3.7197256721030447
6.7055196265679005
-4.817924622452846
3.089081002971505
3.8079419468334748
2.1725999413295467
3.5012263536031383
0.3245504879993438
-2.179357866806666
3.1977897731745957
-1.753822226931314
-2.2504420837816026
-5.347283563480302
2.858579740694116
-3.7145353682568976
-2.7013503718802663
3.857578169702678
-2.019784853335438
-5.964246294612232
-1.4819540447847197
-3.88357769262583
-1.803127570809972
-1.533090454826438
-6.178671865720494
-1.8121621100350143
-2.564599305792297
0.8395072170519562
4.673555907923474
-3.9064882199241344
1.5140825755755696
0.7295514591643951
-4.360037591600259
-4.059811897399275
-3.0211642859607113
-0.9236984441345165
0.6667886769235699
0.8710140595990163
0.00973933618545679
-0.2068534253837907
-1.2957873957927957
-1.3412098990675034
-2.8822109751460845
-2.7764208523358964
6.055621881303201
0.7138572908411025
1.110734985299025
-2.4358751002573538
-1.3152952642526932
0.7365202289047967
1.0067543807134234
-0.2830989675624732
-0.7270498271077896
-3.8669438798791598
-1.187431435030061
3.097957450238689
-5.083231923758339
6.471561714907517
0.21291091308740628
-0.667291635458749
-2.107253368738953
-2.304472883350827
-0.37722412872857075
-0.5042124854775689
-0.5560301819052932
0.9326989573354569
0.6247895743439448
0.6737079143571199
1.167589932214739
1.8437531719549796
-0.3712561907818812
-5.071763131997363
-1.869881931206411
2.383550644653866
5.765559108633068
-1.912345047092292
-0.9221168975106626
1.732210788909994
-0.4231456689850936
3.5198160938481466
-3.3343639198623705
2.789081226846217
2.915422658195442
-1.0691311159502612
-0.4321692645129985
-0.5510229074356614
0.33235343497223624
1.0398616511216177
-1.023283278899557
-0.3373126690220611
-2.5470321989459794
-2.5839435144771503
2.225047467717856
1.8763786610695332
-3.597484075637136
-2.2499904968895352
-1.036691753903348
-0.23149359066836023
-0.8218164929322573
0.7061314390684676
1.352941164312193
-0.9090829708705174
