86.26569194512722
22.974046483209268
-35.47858550247889
6.217581275317151
-4.053708536625557
1.8388583087729649
-4.843354909988102
2.009275403104828
-9.730582300070587
-6.724884327219437
-2.3379607180896738
0.3612728104426257
-0.5193575166366613
0.5741583130284822
0.9108463736277644
1.2705194608885595
-1.6710245839152125
-2.486623032679202
3.852785137100702
3.6534337295805646
-6.382711819695125
-5.309664856789367
3.0059350995307748
-4.64130739644385
5.580777509443759
3.7066610595536513
-2.2578797159047954
-1.8657367951419686
-5.640068882502023
1.1909838921576668
-2.466713976196651
2.7298455414584235
10.174178037100528
1.456718019845946
1.367603124137507
-4.4827561620372505
4.95072750982997
6.594106223853391
4.19577978243288
1.200628549221364
-0.17845428008943112
-0.9559168984332249
-2.097654129578271
-3.6743897535575196
0.13789916587300557
-1.928647862184897
1.2378250356944638
-1.7907638726752917
3.5802731758862087
-0.02382862274397063
3.4272801998920377
4.2106869963310904
2.690228558319869
2.431653743537079
0.1985437039832779
0.650011484554249
-2.2141078756960137
1.8941638589176342
-3.770273910986261
-0.5039121929454855
-0.11285175168926478
0.5965090143879902
1.7441329024108392
-1.2967544773984767
-1.8158590073120384
0.5232272876348789
2.4947568428953977
3.88757650938868
5.111169829611354
-0.09006563315283331
-1.1324935128487026
4.462980786000487
0.03675131424026537
-1.4158288849424285
-0.6726198071495748
2.358201179771174
1.518823243711287
-1.5477601894157813
1.097360700573171
-0.6780501988604349
-2.287361411053
1.589177657744254
-1.46814765033082
2.044240697074843
1.1067074989061956
1.9147157020038383
-1.2916890228429103
-0.6965481549839855
0.536648900952877
2.1983980210170744
0.7395608343890807
1.3344268901244694
2.991723793027107
-1.0784982743764167
3.6030981120348256
2.1632775560391773
-0.9829327709753486
-2.1942564515189438
-2.9442580146653117
0.7001544407003867
0.172957866412285
0.849477975586088
-3.3033973538368695
-4.353244823058662
-0.29076009820866344
2.036533899831355
1.9167091825657288
1.6199246849672215
0.6719432464517175
0.001798003926757552
2.5103506140268124
-0.6007198283387402
1.7009838635948797
-0.960082125854228
2.2105763743372786
-1.5236255571993615
-1.4162008066437235
-1.6956278085537366
1.3033733321830057
-0.21934840893666568
-0.04910270856620119
0.29374369178923576
-0.32036519494158094
0.5607132423319454
0.41217982665228553
-2.705299097319225
-1.0723686065816416
-1.4137559357091611
