48.61318063983568
-50.36957429329222
-5.401364158172625
5.381102306069785
-11.811672046414325
-1.9600494710947935
-3.0575352900144916
3.683846958382624
-1.659802940629054
-2.8365721066655913
1.9411179349030603
1.1092473867189117
-0.8315024983941406
2.8032820587550837
-3.3722307408036225
-1.3382643772052276
0.6791353672419984
2.762232095728979
0.0803892139331612
2.9877833074654125
1.4238691329738509
0.821768657901144
1.505219705021551
0.7106782070672603
0.23362717256224508
1.278986806598477
0.9421638075465155
0.24045898635884294
0.004900254627147202
0.9364555162095729
0.1242689604447295
-2.066900115229116
-1.7603750723586873
-2.746257903982142
0.07130903893217641
-1.6049723253643
-0.24031631340528034
1.636400271814496
0.7749622279332395
0.08262573586797922
-0.19721823698393037
0.21881224340541994
-0.34954474970948546
-1.0672910880367519
-1.8176786904891895
-0.9495515020972256
-2.59374170347959
0.4521662885185887
-1.234461438168793
-0.20421992685158508
-0.24070267846061377
-2.0586953031965294
1.9499967393537498
0.46633318077689445
1.1612802556839605
1.3099056829518314
0.40450620645871044
-0.5947493458177625
-2.882668915340077
1.206764760328717
-0.05505288724379881
1.1344014055645917
1.7852089875153656
0.8967875761110302
0.9077097229733968
1.3686288386075836
-1.2305824636349247
-0.33705643791442663
0.9381009998483427
-0.9523352092870742
0.20991422503145543
1.6309824437534997
1.4023672991013167
1.145772747927023
0.789881127499452
0.8463757058360322
-0.2750139952428331
0.16386261711788697
3.9219159769398964
0.2369897519449157
-1.8633726499269703
1.8488280686870735
-1.7854391614166243
3.614043040278521
1.482578915285206
-1.0619136688349977
0.26068379460476615
-1.188779824258189
0.797622385205139
1.29206799258196
0.787855255900315
1.132089183858575
0.1806723189071661
1.3056867168986708
-1.0310204170140653
0.5705318106249422
0.9298295075390263
0.18873374074391897
-0.7713565666072254
-0.525265111290073
-0.1169633468360602
1.0712277158154597
1.1575111695973397
0.122811582959757
1.3202155254894605
0.9176224396067051
0.41472690293744074
-1.418491206832383
2.032215538773168
1.2612918609619517
-1.6487103230222362
0.6733956959560878
-1.6022950957844677
-1.902518218457957
-0.540882825001071
-1.1419832717448282
0.7098900816594561
3.243375734762565
-1.905321055179422
0.4482734610591769
2.208403159432603
0.8876048617068221
0.2701713758680966
1.0134386673930442
-0.3021734593132529
-0.4910161161175154
0.2823513754378644
-0.5131727994173912
