96.26807457424727
21.89102500299213
-35.844889533515925
-13.271482124795646
8.627981704478586
-2.122848995568443
-3.652951352118546
-2.322139368576194
0.8491536798455863
-2.652007815085139
-2.6334540457955513
-0.6816169231816311
-0.7861956004998132
0.7631002869133748
-0.07203353767424847
-1.8736479160364383
1.0448306419949773
-3.14723865441694
0.8544276743512788
-0.051727905529018015
-0.32021485642257996
0.590513593058295
-1.3305978099329598
-0.18039916955262555
-1.3723001455856003
-0.4649360061532455
1.7298316391268596
0.06256682038590698
1.3949243937635534
-1.1158605265177155
-0.8372218538726781
-0.8815680174558242
-1.3073092313196202
-0.1742362984622692
1.3187691314341792
-1.0078567420552187
-1.0137279030206023
0.15427218652554603
-0.47457460582684396
0.33399148480561885
0.7369654933678923
-0.39775204247751983
0.8354027993020697
0.21753023238499777
-0.7517891764060415
2.1658822965993703
0.09404568628453926
-1.0616933246619764
-0.3654066725974363
0.26789763164858493
-1.495711905141463
0.302824048803184
0.044439600444683314
-0.3721955045217752
-0.43622978169675775
0.6982628839271147
0.37966377745467683
-1.1375683996144947
-0.5126944651783499
-0.35827877238257794
0.3072029410681849
-1.4388213627446174
0.6225629563124149
-0.50224476373923
-0.8303652368460055
-0.6282391747193231
1.4170551362874884
1.5030848491857456
-0.29013446085513256
-0.5166055628094735
1.0285813569686293
0.18572591840319513
-0.41157056266071673
-0.6480472891199877
-0.5738659453996473
0.7314916044948264
0.9828162437440577
-0.7026793630353524
-0.43312396704994294
1.4318484834371183
-1.368196498249877
0.12806755296926445
1.102330891201953
1.0020392415335082
0.6917193348783169
0.16446880797684213
0.7355848188984718
-0.15782373517160203
0.5941556386643857
-0.6058383859699896
-1.1065008920767
0.21314693225660292
0.20789891611839262
0.6528284851882888
-0.22135055805075748
0.01005914640596614
-1.5628019995144444
1.4441069104209399
1.0464240870572563
-0.42466556180390413
-0.7877269376937491
0.7414890590703644
-1.0090475056394723
0.4648283683175523
-1.2292570648059549
0.8628394484176293
-1.1282961714612738
-0.3676113461883964
0.06002058075294074
-0.8696391983994862
0.9995799942556398
1.021237493702768
-1.0016856204463067
1.1537029729665165
-0.09377506738884778
-0.03178973317011494
1.052963048665369
-1.9464381216267572
1.0750060882824195
1.010143287900075
-0.834151174840291
0.3731150497134801
-0.4307647694214871
1.7052238125765966
-0.1831304900689416
-0.32045457176163744
0.9982690320874209
0.7013795307354607
