-43.44999312213911
-2.893182915824701
-9.637353766568594
-8.609447505924086
-1.328910275216355
1.3517071287442277
-7.1696893558015615
3.9478422122114987
-1.1785003308013573
0.7379511064147617
-6.663871112869342
4.227702217179368
-6.224360688484604
1.9100300924134659
-2.848555803281317
-0.831376778743841
-6.41149477948884
3.7376838161815398
4.056852812914299
-1.390754101020876
-3.5233088711718565
-1.609756225152522
1.510657813298847
-1.770503729499347
1.3907431882573054
0.2187093482684372
-2.476848004424235
0.15143336787077874
-5.666799855722221
-1.5469874000874235
-0.8818164222942482
-2.358576247675413
0.7822333303245093
3.022693169938751
2.5323329553254954
-1.4359352074888685
-0.5691281602409343
0.16448644247412547
2.057790305778526
-2.786221156982317
0.005404765686474484
0.6774037187382052
2.6038394584817643
-3.9310269439925616
1.5423354968929288
-3.300941574361808
-1.0676448328233124
-4.42460651858876
0.6297857456436803
0.10328469298045989
2.554942537245609
1.1246658061841035
-2.2718293719463816
-1.4580284374921344
-1.6014417304816964
-1.3140515835998259
-1.299835116971198
-1.5569602095322626
-0.17444490218081973
1.006445126596672
-0.5843775733099719
-0.740772443860109
-3.2767822164840923
-1.1169608830746554
-0.6254040227594568
1.9774849839204522
0.35951182636099366
4.364633632058098
-2.3530679683244577
-0.283305152496358
-1.9568781410407439
0.41972866081063653
2.666344690420569
3.356685560373849
-1.9821758836629382
0.4322329127550797
0.9256313321086317
0.6983760633640129
-0.08130707705096088
-0.18601225356481116
0.6890728963776862
-0.3694510590449001
4.1052706307198745
0.4055307765513364
3.1737375061527398
-0.9667915267443922
-0.47008726899798525
2.10508150158532
1.8683466995866924
0.7464183022544464
-0.8582183723964448
-0.583983652112155
0.020670861806371482
-2.073697283844644
0.03799913593512245
0.31128059016823095
4.217915696448366
0.5940164465376371
0.9803085613270062
2.8550492713739053
-0.9694754712021286
-1.6800660656082445
0.43975642452020747
-0.5202498280157355
2.231206677490709
-3.097258235284873
0.8432572744566953
2.812600437151717
-1.0635054208661503
1.6444101034427716
1.5402994776944134
0.5922888662801007
0.44136576330074984
1.1861626369019038
-0.689860660510716
-0.09044857741775945
0.507218008652134
-0.49705376609522156
0.32844984930911564
-0.33027485370716714
0.6051396674123664
-1.5350102065501188
-1.0271835152019733
-0.7231858545978764
0.4750456784400039
2.152055504220451
0.004773059000762608
2.390748645327748
