-41.19697649547157
-0.865268157579422
-13.551353333805666
-13.643533332484001
-8.12876826547111
0.24412978099650876
0.552309756419838
0.6479006408696709
1.9122585598570911
0.39376440313990796
-1.2126217815169864
-0.5962647989025872
0.8768662126637345
-2.3063703968397933
3.7861108396811187
-0.6279817807095996
-1.8504181847744317
1.5696473668461808
-0.6843099847697458
0.4796768321978459
0.05308758039332376
-2.72009541317355
2.496377785096584
1.1020106424236924
-2.4139646777875843
-0.7377449414769865
-4.068929866012788
0.5723674789390268
-0.4152560330235169
-1.527081424864877
0.33922348828235693
-2.179839976222873
-1.5684530106285115
0.36043796759279645
-0.302745042171121
0.07021176162721737
0.6490687290238725
-1.5807962418545973
1.8209709115570505
0.2783324028691534
-0.5268947948090974
-0.9704940139518399
1.5534368164729506
-1.286122907258866
1.7164467401712864
1.5479178672044231
-0.40398157016535485
2.073720167324006
0.8587328469650084
-1.0514067388477872
-1.8525433583925461
-0.054845109163764824
1.9694873285383445
-1.5756411898440583
1.9808479282879778
-0.8419435763200889
-1.515661052028561
-1.477276667476784
-1.8174850099980189
-1.6270022523544925
-0.057787541094637546
0.8774760395621788
1.0462559632449362
-1.3427963285298183
1.3474441759547735
0.1820486559967405
-2.35707618935058
1.0112676263290348
1.1942959444651284
-0.5874817458915436
-1.8500745193746604
-0.2261135296813049
-1.7577242689405184
0.38717359350673747
0.6635467120267587
1.5927122169383268
-0.5119946071427933
0.23073762042538515
-1.7151206300195463
-1.4267023466252875
1.2072249331013403
-0.092076130009071
0.7450080160198129
2.0471860527280206
-0.29408830792879126
0.08532785354431105
0.5694888493446568
1.0881259694398873
-0.10857681714095768
0.5011966547361801
2.4752396017315252
-0.8054225578886813
1.3886473623418125
-1.0431068275384565
1.1459392414705851
-0.3449390297463514
0.02894272661781902
1.1620325375929839
-0.4105589957310034
-0.6037917870287834
1.1261414592530674
0.8872014247709774
-0.08809168033085017
-0.06387957298189448
-0.8610471589960648
1.1842778721489864
-0.6340884669907918
-2.153478179647422
0.5546550186889775
1.240985220708417
0.18845841592009316
0.13245252759681742
0.059188577728127106
2.5135032762768623
-0.41639084233361395
-1.9007137746904164
-0.6700861641428985
0.4607214120673869
0.019794055517061565
0.06039765296229274
-0.46045665957224313
2.2377488830792718
-0.06776893377180426
0.9305816812780016
0.48544709978988576
-0.9030079534560618
-1.155056443568698
-1.374528461624415
