38.49532640885548
-55.221383602148826
-7.936277170233447
-6.544768205153229
-3.260563426435361
3.9946467434055455
1.543296825959437
-4.325394730379073
-1.706279188633915
-3.21113323962753
2.3293500287513482
1.0067386876414377
-2.7202074299492756
-6.2138482921813045
-1.0587677363099641
-2.046536187492081
1.3922464372163135
1.9962291001292145
-1.4793573001446407
-3.9686732816737154
-1.1836554747499437
1.0386329236528355
3.1773622447714445
0.349924934468037
-1.502639729882454
-4.871919794430595
-1.5580999028737708
1.2905812006892432
4.618897473783606
-0.3488352802302487
-3.2191000570941015
-0.1916717487210687
2.038253594906862
-1.9788229734273213
0.41958866463568784
-2.3380203667642583
-0.59571745222413
-1.5235407751596826
0.01036620012643076
0.8590015913104374
1.1171189735507816
-2.5688188736762414
-2.919168266523191
3.385600252620863
1.9603300247622548
1.4743923011314324
1.6983968152303095
-2.9926299834803674
2.2494198792706452
1.200568192011982
0.566732070772655
1.3289762736015007
2.9088176621820434
1.373881136399153
-3.680913629289614
-0.42705956262542316
-0.22929952008060833
1.6778311358646958
-1.008685519857042
-2.8589936403720406
0.8358689868481368
-2.0319822562599077
1.3726103576874369
1.5910364385109317
-2.380627607102508
-0.7853191491996295
1.819581493085328
-0.2996514745957409
0.9651945655544035
4.388860680189011
-2.823839888515395
0.8336112759996012
-0.6377159478741057
1.7171956969937976
5.767746181995803
-2.5765766462894026
3.698075974455331
-0.8350238337276688
-0.5617307060891809
-0.635975203858443
1.5826094249853526
-3.5855503641524513
-1.2599432988113426
1.3867662791111368
2.5381121667340354
-4.0732842478929445
-6.181606016590054
2.222203970143784
-0.6869078587455876
0.8083460187045095
1.2978425798532898
0.6354984079737575
1.6003375496308523
-1.5839209863945358
-1.3496870994759378
-0.022523417747993754
-0.3838916579740789
1.3861871243279864
0.7529108976059737
1.0000592499605663
-0.7399672452658168
1.9703351761245576
0.4559935376810202
1.2404285558749708
1.7181751440885733
0.3243106159490303
1.9868337421939861
0.055974538099638246
2.80348246545636
-0.7117267079345916
3.409106928821337
-0.32535567653492875
0.8480654319722308
-4.896697262812493
-0.29032710085936864
0.2994330668898327
1.6577097795621079
4.464034200197612
-0.507412308713333
-1.8108094450608945
0.32505724815019343
-0.44476154434619963
3.1174120143822432
-0.5402870920325851
-0.6327287607108296
0.38322348073210727
3.6395298183540765
-3.386894279895903
