109.29721726163177
10.833513214018726
22.329189395350152
11.01444920837413
-1.4978003361655028
7.658814641483385
-7.468394821294327
-1.1025542743280166
-1.861899810232722
-1.2713007435095653
0.46647404174354085
0.39352893034754743
-0.2487866307031052
-0.047746170413754535
-0.20577179605802964
-0.06351090381192032
-0.3156795825347321
-0.5690671234971321
-0.8509071376052352
-0.24833557863786132
0.5593337832918696
-0.19862608362450296
-0.638922800801027
0.47579558325498916
-1.1741612225810343
-1.235534129666828
1.3103905008046164
0.26330107133001535
1.1018098201778987
-0.5578653827336391
-0.5516025699969047
0.6433044685668201
0.5939052451543525
-0.36718186845191725
-0.18531492035427644
-0.27642215875663606
-0.3185475469642128
0.3086369978660366
-1.6033043068136048
0.8504308782615024
0.2552334354224917
-0.750371468572315
0.5657876754928934
0.006117698466569732
-0.9167493835913332
-0.5989707292860745
0.7553151474537155
-0.42047199931750673
-0.11065385038149828
0.04933552207527869
1.0053352238503055
-0.38515333899337634
0.33855020434228167
0.14112081714285227
-0.47968446098163453
-0.7557327110616177
0.7799011220658735
0.3516047001559737
0.23343761106113448
0.7868019334955676
1.0442675354836501
0.3644963407458666
-0.6348958193906719
0.1919756033068207
-0.9604561253782452
0.42794565910540694
0.3242751603881472
-0.21376616873733376
-0.40222608494215095
0.11469118219898455
0.4572321549338506
0.0861260417411458
-0.8980021285091654
0.5818807842303827
-0.2955601988939193
-0.14399552193960619
0.5898525167779317
-0.34489434749053416
-0.40178478465061795
0.8233748569494681
0.07081114809384345
-0.3750245856292949
-0.3015504493592091
0.21140459244969267
-0.1834287109453956
-0.20457204157502107
-0.2374466220947673
0.4961138828412479
0.053060428518399844
0.5054867350939727
0.4322110981230548
0.13422182030683685
1.0286749287764134
0.08282702823277353
0.016609972643761683
-0.10553364510844054
-0.2260836624497261
-0.09594031737600466
0.004385168155581792
0.7132003478731154
-0.3533464087956154
-0.8528647103061757
-0.690560520636405
-0.5325568497545571
-0.9281684069003657
-0.39140197884400624
0.07942737383745191
-0.7364089915668528
0.5908064965711604
0.0466222983392508
0.3733550265525457
-0.10982269863632026
-0.9560709493817897
-0.37922701441009177
0.5165981078369561
-0.4628487704803157
0.6567814211200147
0.33048195032635874
0.21548084180407132
-0.25405978725583594
-0.009303783666913201
0.002161782009902663
0.1760514707018967
-0.09872176184866077
0.20029110829445973
0.2552625115677124
0.9464329462273631
0.11978392723362924
