-45.00379487187703
-0.2409671474465755
-7.630660960946246
12.542999976111393
0.19797799490895177
8.212364789718764
-2.0628706631731024
-0.49788934161884385
-0.15982174725873027
-0.8155800026150537
-0.10192941870460531
0.1589471234179835
-0.2025764736504924
0.04456460032448359
-0.23229163986596496
0.04390128331834266
-0.307522209225478
0.09067976205612441
-0.24928376826738385
0.47452710209755866
-0.4626734831110375
0.2945723278206658
-0.4275817133247055
0.4018516240397203
-0.09683421235054672
-0.13712173727659288
0.25711571044529136
-0.23576111971830002
0.05088911602968671
-0.435291592578929
-0.1863824614835615
0.18935756216005334
0.23027436887514624
0.13219604585153516
0.0023897859499854013
-0.2625083065473404
0.19156984820662137
0.13351174697312526
-0.5352884787448647
0.035219250970995195
-0.13040947350082358
-0.054829880843464324
-0.09477680575951525
0.263276980666392
0.09224289060110416
0.24653081526386705
0.19287888074763354
0.17871891358290543
-0.0527637549139734
0.14332948536866855
0.13353289587537476
-0.05117734723347082
0.30529198411885466
0.04023693994284382
-0.11834067219787912
-0.21777293547229193
-0.36251185525382273
-0.14858832476439632
0.17201379546631512
0.37699091124629025
0.043748236766365106
0.01656962599692796
-0.3764290240983679
-0.19206701254017447
-0.11536134627267387
0.013242202221522238
0.18239994549541264
-0.10528626387990292
0.012646029675339052
0.08778130060365885
0.25485762480561774
-0.02473144040797843
-0.12124883370369882
0.026837853674427398
0.08306419904318314
-0.13020728172821827
0.1535158202166967
-0.1854928566546914
-0.0753273127367629
0.24921873826106453
0.08956038559601423
-0.0683675831867949
-0.041030439873421636
0.2961651645773204
-0.17978861746880473
0.07456205698334756
-0.03730763195681924
0.10579738014397917
-0.0033529263793182287
-0.2487052246746861
-0.0892917128469445
0.13637112105722482
0.4506780861176827
-0.11673775349878676
0.07993424558970173
0.3595035271765857
-0.0065692437804111894
0.15477966881006278
-0.025797760560656722
0.07713714962529444
-0.2572974521851786
-0.19804422511443764
0.08861382411552808
-0.0710201021758145
-0.1444331900549048
0.15184624965902985
-0.08911083326147022
-0.1166975292707581
0.21599665021471426
-0.37278132592568414
-0.1670212561245576
0.02696380017168762
0.22294861709081099
-0.43037682098222163
0.05432242865330752
-0.055355233630021934
0.09155003295905795
0.15344194725833904
-0.12441997375565808
-0.15585076414783844
0.0977799244645868
0.29420313719246116
0.10906556428587642
-0.029927328439679355
0.1496393369070134
0.014229981106308253
0.013325258588239065
0.11224768662363147
