-26.057685016573803
0.5306124965005043
56.92228537793128
-15.137034031654053
10.711994381029623
0.06382225578348914
-3.689146402312363
0.3133356106918513
0.1363093710427383
0.3199830951388031
0.5381371632557386
-0.046538747102619404
-0.3750269507724846
-0.34033759619802595
0.12596509951921048
-0.5198861902453482
0.4909766769732313
-0.2641048480235762
-0.09491722176168237
0.010059886744672066
1.0628733297693076
-0.40098907377938153
-0.3212857188762266
0.5695659565574923
-0.611651603095261
0.7375415171308614
-0.8679396401180068
0.5789554676417965
-0.41453621569874866
1.1353299212363694
0.5419384358576783
-0.04596484032985202
-0.26666831723049417
-0.16722885841595742
-0.06922103359370824
-0.4363763422453081
0.09410961801633823
-0.47550710891426334
0.8301992452797727
-0.03317952590070969
-0.5266801150903186
-0.48292593810350515
0.37213849227749135
-0.3260667802859014
0.785247921658336
0.557309419079874
0.2970639828785629
0.2173223911083585
-0.6503710231833386
-0.48861210807628475
-0.4879997204548663
-0.49079159969991437
0.1721814329729333
0.29653383472847983
-0.29799295721612024
0.4168191753915122
0.15981124517756498
0.4541705316703164
0.19336831462895923
0.4228804066497898
-0.006074010977126334
-0.6906594400348111
0.04689487520919096
0.2220554675430244
0.3013874885149298
-0.13630677727470933
0.026572762407912162
0.7371414885312695
-0.21481204781746893
-0.35520916384392526
0.4218672063224279
0.038485586023828164
-0.02302408164459588
0.2582849060460623
-0.09706855224788052
0.4366829284822625
-0.31371234680012783
0.7300210660965728
-0.6449721916942728
-0.06369418605300643
0.5918992582456446
-0.27225083233119113
0.05372058158094948
-0.8162997819417688
0.1465819697624591
0.3415422551326228
-0.251379873718761
0.5573255614904216
0.31873946142762094
0.5077180642082073
-0.3945817252918141
0.05258370461020946
0.10646545643183361
0.3659025080619192
0.16152394552580535
0.048070575597727275
0.33248182411325444
0.11664986813277656
0.608274713691277
-0.4037100955712013
0.4488833136995281
0.40281971462759675
-0.16023347481717704
-0.026837266948479262
-0.20657620929785375
0.7641269326834152
0.09894099547060557
-0.6170617027604001
0.09758703446329337
0.15903100712872623
-0.3044530131284089
-0.40483870197683614
-0.41199851424936684
-0.5325000862621901
0.2367735710906128
-0.11546134569872071
-0.20824704562053029
0.23547569549450392
0.5647453303456464
0.37703385616374663
-0.0061394802561752955
-0.14327579948432623
-0.10945962513721089
0.13841520412778813
0.15864168313125088
0.8666212934431725
-0.05477957011068348
0.4581633732314666
