-42.705892911202035
-25.06806187337932
-22.810748229939232
8.92636799176606
-9.546297694335319
-1.80208086209421
13.703635839470902
-4.001486816562803
-3.279347785711989
-1.939181197842808
1.3067087810390374
-2.470596263642249
-3.8696837704668283
-1.0614422881096437
-2.5298234395071435
-0.46713897088311757
1.296478493586185
2.454599164466067
5.243361825986178
2.5332414663236014
-1.1909785724168902
1.6969951667419858
4.478748019277663
0.014572146496810268
-1.2769358782285296
-0.9794153276996174
1.9971052832471274
1.7520532959923982
1.2857106807170073
-1.5667925535924405
-3.959796014856658
0.28987935594789216
-1.5712229071228614
-0.6245893219231092
1.481033264137054
2.0653748351174905
3.2427903453122937
0.8500890270244834
-0.501859243145128
-3.2985706564652952
0.41995236198479746
0.14115229918440153
-0.44675879777415206
-0.17789191626655193
0.3643328653830341
-0.5109687448434135
-0.7877624033083519
1.0782087664619338
0.30759069547506257
-1.5880902258448097
-0.5637355434691783
0.5528578349936344
1.2875436894793393
-1.1514146060738306
-2.4381009325221297
0.09287787140695541
-1.5787156867857675
1.0519136364820614
0.9655696550543988
1.0476069960622105
1.320553217279842
-0.7671156085025541
-0.23253538891789088
-0.6813187371895215
-0.5687422352620364
-1.2945840591293345
-0.0388313830353451
-2.0514016905826424
-0.09163837043935279
1.9294505900369623
1.0292815624223424
-1.2521727699430407
2.1522172391364918
3.416927706479815
-0.9717279192162248
1.8640105897090513
0.6485421843525225
1.8096419355400353
0.6346248675417935
-0.18839268624731742
2.174716983891688
-0.4095421706209771
0.6503047802981281
-0.8066543912848566
-0.3096890295090532
1.6283639722732386
0.5968660657695558
-1.577828649940085
-0.6557323141144893
-0.8418955002249521
0.4444041340447815
-1.3299828016770232
-1.7445330137073851
0.4341694851159922
0.5028012939990165
1.2437449906795726
-1.1581619796871636
1.0118818445902085
0.7705694030237058
1.331317301995347
0.9286804083391885
-1.3582927467833723
-1.0344187449003268
0.053951566853730995
-1.0148818190153213
0.42636699714094844
-0.1740477788863508
-0.4446674069595539
-0.35552778978084204
0.3560296146191302
-0.8027032731794612
-0.9466944956642533
0.5723086411013895
-0.021165334109241363
-0.9442762316860362
-2.5088448661640843
0.15020842066389908
0.5200760264265472
0.4691780658299352
0.47530851033882404
0.7753297160495543
-0.22503527027641085
-0.2088185896998325
-0.28000776884674067
0.5515919117868957
-1.400360000112733
-0.5796577198632333
-0.03714558544836366
