-40.25640757957602
-0.8198385113460426
-2.403109556892121
-15.687152030983315
10.35761285533421
-0.9766777341644884
-0.3614133133875582
-1.0539181757465177
-0.6629066454889438
0.15586410013484336
-0.06422647602786166
0.5054137522531272
0.5308063280181324
-0.008650158070599712
0.22449181013065583
-0.04622742280676097
-0.17159635230560655
0.3326731686207159
-0.2758412364540399
0.15129472241470676
0.2772488487571233
-0.2546668760046528
0.030954049517465942
-0.10866644392777591
-0.36914352902586767
-0.3037519614698546
-0.2536020807520444
-0.5218959933560376
0.1759539542625414
0.2118497518720141
-0.21384676841473937
-0.3277208404904269
0.7455709972907265
0.45682084290564595
-0.4263099532208356
0.051781509032130885
0.7347060555492535
-0.21639016032575978
-0.6201435037338611
-0.03876620309953889
1.1414422961818151
-0.6775447748211659
-0.24599297412335408
-0.6072101438547512
0.22032345884859986
-0.641066765582395
0.3720031684224529
0.06906346172114923
-0.13250666162497288
0.21064245874825427
0.30966864119112625
0.4806123993445781
0.11242547375774348
-0.1542623169146447
0.0293314288449141
-0.49146635861870885
-0.8278554917898557
0.16827581472519132
-0.13291312702741107
0.2922619069145979
0.13805244351305754
0.09198413231208391
-0.583371048089997
0.05119550490298746
-0.8068842793298868
0.07444004145243871
0.027340759190400972
-0.8130368631428765
0.5699470158502005
-0.2246850543245566
0.456795442572833
0.1542495179596357
-0.06996796088465039
-0.3767280772084246
0.05547635454246634
0.31231148435668415
-0.3959519941544061
-0.6606026362850221
-0.2590366500428288
-0.13594648603996992
0.39749012467288386
-0.3121582346514199
-0.18900724280548
-0.09311049673374122
0.42307197835652105
0.1349611973322577
-0.5001810861498653
0.7244312595672595
0.12285237278135303
0.0469528553209438
-0.14786151394680946
-0.23234298325587477
0.3266830748819361
0.13816139884070663
-0.15410155324249686
-0.18047758367298222
-0.28988021797845925
0.25177283135998374
0.18290681734008352
-0.007524245939039271
-0.11161875543445912
-0.2555061947315152
0.08403761634928106
0.1272151975035422
0.25110201121620457
0.013382134140684385
0.3531517113367494
0.008645536260403732
0.4486150733797838
-0.04716132231180235
-0.16110015862149407
-0.2781762233182469
0.16312384596158672
-0.2665251152220012
0.13802825707852692
-0.3718603581684094
0.21074552607210956
-0.027258675365643727
-0.06777447222110636
-0.07661462537067375
-0.09677163378558916
-0.27904567473203723
0.2284773074058003
0.6406928168444821
-0.10045741246404188
-0.038013692353762896
0.09730685851880844
0.07841073248843855
