14.475787091604522
-54.51990602851035
-23.169183135337953
9.823646146624894
1.018672343265378
10.00412078581692
-2.478304815220892
-0.04428167259655724
0.8903432627422391
0.06375028670115171
0.48846507766591346
-0.2884770958844173
0.23376552271193074
0.11494689882780251
0.5252284503619
0.671007119155069
0.24607543003768406
-0.3010885498912877
-0.638087979068056
-0.2920522808012575
-0.5353323718705991
0.0978985516494277
-0.4260216452814711
0.4035702542974207
-0.323804527915975
-0.31704194164813604
0.38973568129478864
0.8963059353067728
-0.31748590259267356
0.3367209014212482
-0.06624677859652531
-0.5386042358896876
0.11723116843223774
0.20740956295895926
-0.21098152780722118
-0.24264821065540976
-0.2679868203887894
-0.4217278859198242
0.0010836445949731627
0.08450505041805711
-0.19395425953629508
-0.10708818830653634
0.2759175801021698
-0.196038437638792
-0.14461275237492116
-0.06891817450743817
-0.19089678511280334
-0.31533925527571127
-0.24178757570571466
0.34207682529871564
-0.3508750948878636
0.3087610080701172
-0.0798342541370479
-0.12429689680466843
0.27961603489933673
0.037128464725277414
0.2685019620196888
0.14355041447531178
-0.14345799982961166
0.2058111313546823
0.11873940746512249
-0.33586876878319116
0.48219220987502953
-0.17948997846153197
-0.1794268631829934
0.2858189181774775
-0.15661044961031673
-0.4503108432865536
0.08919537579076683
0.017707273143757196
0.23120267114012025
0.20075861766823083
-0.216653801872439
0.25159968604402144
-0.05442470420596047
-0.13471255219968126
0.19371071147566285
0.01718849822628348
-0.1114486193859563
0.21560488320477433
-0.10359695891056633
0.24751472736688201
-0.1836289636835729
0.18899913632507956
-0.25111650715355005
0.682961087611713
0.5698708205631975
-0.12634292571249356
0.034478780116742797
0.17297520523010718
-0.08664404118325486
0.32475779991281806
0.18048229882959194
-0.4116074853948769
-0.11417504661103536
0.3554890326847776
-0.1642798958368712
0.32698844495029883
-0.03435743091204031
0.04834526202421642
0.06106725885060134
0.09514298810502493
0.1165349833872158
0.28104781461800277
0.1232643121879859
0.2445617246947
-0.32374662804120435
-0.33778026964907526
-0.523115389774965
-0.13714645668935807
0.018453381272250893
-0.06979048813560196
-0.2495289597362676
0.12985486897460652
0.48273003748038995
0.6508479562022442
-0.5098325033616561
0.3415732444708981
-0.19653053406107335
-0.05137600294791839
-0.5807104322020754
0.28628178524402537
-0.6284066877934997
-0.04235074526099347
-0.1559323864638018
0.33266466641356507
-0.12108770896140582
-0.3767817950875822
