-40.54187692111942
-1.7909936372630164
-3.3564428065468186
15.460516280670015
-0.8301552033089485
-9.598722776217436
-0.09540533965729767
-1.1674354297971357
-0.21002801041894528
-0.04857826958336531
0.007994504771756832
-0.31879520765012764
0.07049169405402142
-0.5465462377553856
0.4263918933214662
0.527572739726716
-0.16098160342627127
0.5664229689480795
-0.4681736323388612
-0.5992803675271717
-0.9541549133854964
0.7047068321550428
0.7612525975407747
-0.0938730257228219
-0.2974361216126895
-0.15840492037793244
-0.645441961817611
0.46473684352729966
-0.49657595964996165
-0.3505410737130206
0.3741347675138168
0.9162084848323722
0.18925821262311535
-0.12941570698217608
0.9307165023303031
1.0429268850815676
0.6833124938031364
0.46194126389209456
-0.09403219767908327
-0.9213693505179565
0.44008276217889397
-0.1032558744784256
-0.39570669570817846
-0.26463136570846385
-0.19833270001088438
0.43419352031446445
0.24055855904659496
-1.1555256742060163
-0.28855312405174005
0.5052990632623962
0.9079241782240106
-0.02588023146835612
-0.14680337270600596
0.0017475597989967812
-0.0470760437726384
-0.6987259321276957
-0.14949393725190074
0.14084154474296087
-0.5806159358832714
0.16020030249599548
-0.10811499738071952
-0.19746509337477827
0.42845206462978047
0.019261953598150576
0.40900949951853716
0.41942222037067367
-0.0879554193992877
0.2762437122957663
0.06435851289955904
0.09826109097180027
0.08036011106223047
-0.4163071060857418
-0.07041679838364205
0.08177535658641881
0.08069716970724408
0.4422655642000509
0.07976642696769196
-0.23193902892363513
0.04520945348420317
0.109991298930229
0.03681155480838173
-0.2066927481450017
-0.16177624345048228
-0.1026182160145421
0.28121046970398045
0.5477029127483173
0.08200601622809596
-0.19423580018057285
0.19561326200137125
-0.3385883455805937
0.44676538542923944
-0.5642565037641321
0.5431231427211725
-0.3296640584513887
-0.0017823716366075944
0.15727777838874307
0.09103173757290234
-0.05550569681871178
0.057579752258657024
0.35181121037620333
0.2338374473104659
0.003638393790208999
0.11641292721324734
0.1061636212042689
-0.4190447195602341
-0.4919250951026177
-0.1380330859839827
-0.6548670265396881
0.5088095087036226
0.11517602411154393
0.0498158752124624
0.495382120761202
-0.06078573757363233
0.2488364524715596
-0.2812843521707615
0.06588702216390759
-0.7092250630778174
0.44655310262101017
-0.5712720818939991
0.05326360447384984
-0.12716806087055127
-0.36395667623902417
0.4024506160331835
-0.1722231330833485
0.09000526697228284
0.015468205328044007
0.0689209324191049
-0.009611016504057475
