58.802491537658284
-47.45149472279547
-1.3308102307982745
-12.761824925300372
-0.4962206361343104
9.615262645355536
0.5590926272995207
1.1250356393080398
1.926504617899489
0.38339746801399
-0.3915133147462173
-1.691095541486486
-3.747918384026511
0.5869736082713051
0.9037066169417123
3.7280902150386543
1.4878946715198818
-1.0924004615621257
-3.085420218280244
1.1433294285998978
-0.2242049462639426
1.2212472229495381
-1.3984678208321975
1.220370949980881
1.3438405724499514
-0.30534043806070493
0.27350478053742766
-1.7633972438259313
1.1654146418820466
-0.9374394706709125
-0.8635063735823086
-0.6414070913974426
-0.1252305155155529
0.44015984799518504
0.5324970568565328
0.5062963405182483
0.2591623426639294
-1.1205713067918446
-0.8555917060718568
-1.4478261322277017
0.7861431888598986
0.9278722936177165
-0.6438784442260872
-1.4225262880852505
0.042491852678899274
-0.17438459598524547
-0.12741199929347685
1.1920564831523424
0.8870961820198575
-1.142582261139052
-1.2035947565862188
-0.8959056746035299
0.07295837381168684
-0.20006754998878426
0.25841404675623947
-0.42038305442473906
-0.5962172440157102
-0.5807833788619738
0.3250789888725645
-0.3958347149568644
0.8621787157805096
1.2784635950170529
1.134565436549681
0.29688034851679995
-0.6549929909807929
-0.4567682340806407
0.22130839754316334
-0.723639662661188
-1.425355041726229
0.33134953293932357
-0.7152778540096199
0.08224933214101736
-0.2870670493084787
-0.6317610952566529
-0.43298722383866484
-0.175858329772454
0.5547256253843615
-1.6337340251250654
-0.21260422091075515
0.6242572880167452
-0.3831753480956454
0.13075668928933168
-0.1524613655648478
1.1266640881991168
0.26770668017699883
-0.7803267136883828
-0.040173660238881664
0.02030590608404409
-0.7739464532296173
0.06842676635239703
0.8657059950602519
-1.0072343336947938
0.09336402458051948
-0.0818949283285738
-0.27107151719592354
-1.6490529700699779
-0.16731244853634047
0.3219701002828705
0.2552063077779082
0.36464879725552923
0.5021322861285352
0.39145777619448574
-0.16289263929100622
0.16827800044391875
0.30471277462219337
0.5144480873120674
-0.8145161579771821
0.526478867199702
-1.6338063946271597
-0.9117453383530981
-0.19057311766280022
0.8272910313901587
-0.014212476284300168
0.5593540637604465
0.6147585242969613
0.6092984942670081
0.5159295506081116
0.4816042238439119
0.08968958778454486
-0.13244640890027282
0.2543416968559914
0.05235081336600092
-0.8270164947737457
-0.550933916515451
-0.01970339109904945
0.16064830055009993
0.8086021379949492
0.45110011468231126
