57.541019632326645
-54.084783146251965
47.68796950996051
-13.943098884214656
-8.623410102664176
1.613178425303915
5.490054710099763
-2.903746703324032
1.6152461978988737
-2.0476033660554225
-2.0922546151412087
3.5550556330801943
-0.23602545746698483
-2.1612896027981026
2.204108058827486
1.015772222098053
0.20375227684175914
0.9549394092611545
1.0909975983900462
-0.3174470628504586
-0.6310206713689812
-0.358287077049083
0.7636800597528959
-0.957963398795592
-0.1185820883471927
0.19344862904768245
0.9359408771548346
0.15147580829750829
0.8034374390296541
0.35391406002924886
1.1662805501102087
-0.5839904486523119
-0.9188371192919531
0.6834584110313545
0.2979179396955568
-0.1397605840943518
0.15225051442402557
0.9258908583809097
0.5023045431616568
0.5994309217908413
-0.08563320427131066
-0.4435676773447059
-0.043066124378622755
-0.5344867841861813
-0.15422346273842524
0.6263833054819984
1.3079130950119973
0.4775372663784158
0.3032751933064048
0.28352400036393455
1.8458949826163606
0.8286849743607895
-1.2463681053889655
-0.22721757145501986
0.25415072987667625
2.3473937116158328
-1.1101131305277712
-0.32401243145046504
0.2892409211241076
0.5691816719722002
-0.2979296446808142
-0.11817976555048643
-0.3442174483086132
0.395357414181384
-0.8426717346028363
0.03926711329620383
0.0028281740240246184
-1.1347017837301336
0.849684028186834
0.9194813715291916
-0.8199705362237403
1.4253551605708437
-1.3850620613931697
0.7029414149924552
-0.14001254546205316
-0.8780784296266302
-0.7280725975286402
0.1799982793196155
0.9277802813085196
-0.00225023055622995
0.531356315993339
0.13241246316027883
0.3842994572104089
1.029296486591666
0.11308339641577353
0.5966421089753656
1.236423719989203
-0.4678607658718723
-0.40122375611036964
0.25896160061068485
-0.7291940912923632
-0.9789262030820647
0.24658940380364622
-0.8429722839968303
-0.5926325331797511
0.7493139155014032
0.647630659444916
0.3696176790542287
0.19937879784905913
-1.4911407950521307
-0.41972622978927726
0.13514994547723103
0.22575713886485635
0.3474468838123721
2.174346704246739
-0.7047290245192008
-1.9689885529012505
-0.3347213097415183
-1.2098429904881849
0.3366450133167361
1.003848623498235
0.43059453091085625
0.5661292016849135
0.8312891186549571
1.4152144133224178
0.5900876959735895
-0.03179433778708854
-1.429517718171693
0.779240871327838
0.5729754971231059
-2.277193133908489
-1.5518459190125067
0.13869958750847874
-0.6661101484473487
1.9362824861969399
-2.2299641089617213
-0.6390524123565667
-0.41316445432691773
