42.593433149581585
-58.71325006325124
-19.97406197399219
-14.045199920168912
9.388559123446177
-0.7090996743924214
-0.18899874665946598
-0.4780042694355007
2.5749708745778275
-1.9608071207609012
-1.624586965358717
-2.0868083839050167
-0.1284734015570588
-1.8453177075593972
-2.7588189998890114
-3.701167538634929
3.7585727443002095
-3.355193334523911
1.7298933159026937
1.541419883589114
-2.5204452608752694
-1.9676072729580092
0.6211872636725786
1.850799421009286
-1.0254692195092363
-0.6920346512193482
3.0432821485268864
2.9253052287949743
1.0696385958415338
-1.948528925665433
0.0072907419550523045
-1.5370229973510516
-3.3587841369288203
0.16870133004660753
3.3906604545612775
0.016513823572173195
0.18407354988345465
-3.2911943910728407
1.8869049123638344
1.6753345342884896
-2.7847095742458583
-1.010024086051284
2.2582256471892395
3.086169201191791
0.44606858853721615
2.716176451394965
-0.4982120082257658
-0.21019800890265705
0.4588875708660926
0.8997610130471706
-2.914217455107877
-0.04463720213152865
0.9755448808111118
0.5908087852601058
1.843075103050747
-0.528382144711318
-0.45256650430201817
0.7775127045870354
1.8487161064478357
1.0796179165916875
0.4601099791905399
0.7717746886395564
3.208581870884154
-0.936700846158082
-1.671369796465063
0.6737449077026613
1.4622690196808217
4.386107299523661
2.048797735113856
0.5576034350373655
1.232215234767197
-3.571127397857508
-0.7844110431792393
2.72126994094309
-3.295892046493899
0.10138487811148329
-0.1316562295040325
-2.1544812024985442
-3.110399408184658
1.835105475217331
-1.1075355657130947
-2.714927490482528
0.13164711553947417
-0.11887545336406896
0.20020346377940038
2.6083165517883677
1.5523789348670487
-0.1717071247139758
-1.1354735776385496
-0.2302647352646971
0.1720076464074367
-0.05885997306225582
-3.4131465449538374
0.8075936876689377
0.09849977018565984
0.3734711869635402
-1.0434937516722307
0.026884426086910565
0.6074134955061583
1.8636484466345002
0.6167967487516132
1.5332594419273182
-1.377983245809342
-1.1586498785135018
0.20523842148723276
2.5680316474294322
-0.36319846868949174
0.042659063820599794
-0.9471045280019375
-0.8413599307916082
-0.16101160512285423
0.481158952556785
2.3317897523122615
-2.432614372001263
0.9186391538291452
-0.5797930467698915
0.3981537681801532
-1.6028499922833779
-0.5569513994436714
1.4474341825529962
0.9449586037098985
-1.0765256325520765
-0.719719445179702
-1.6171115895436141
-1.3827371193619709
0.6088750198495841
-0.6840332646844901
-1.3883555885320054
