12.788517357955744
-52.49839025480984
-22.114109195437468
-11.135767651696135
11.37446352432208
-1.8016707874705102
-4.807670203866573
13.124886225773826
-5.2967624643637405
-0.25049095027934826
2.539745848606769
0.0021192673940662043
-1.2074028958127658
0.7136411289262086
0.759362498892943
0.8251920644907395
-0.5893082254810431
0.7311161352742648
-0.39319658211085773
-1.9580414368941534
-0.4906697574657244
0.6169077255865719
0.17697589381961829
-0.9992336404674128
0.14239262319594045
-0.3770897389852419
-1.0916328595648745
-1.070133657070206
1.0615703629146336
-0.16775216220394276
-0.6040155450953469
0.7247822668112229
0.2681681147047405
0.6273280525189626
-0.19751002541320506
-0.1866472259367743
-0.8798211418746918
0.29090955641959687
-0.49178556188021316
-0.46271097455549465
0.43251589998329937
0.46942234207317035
0.6396535554735292
-0.29712665584638054
-0.4440583288610106
-0.16631197368067485
0.0878783361539549
-0.25644832436416554
0.22874214169188722
-0.7744600572900999
-1.378942599121746
-0.7470789438658163
0.5136546201531559
0.18791622509210987
-0.22274483866418485
-1.6381297926748786
-0.4103125958038999
0.2184223851807832
-0.16557477341719123
0.05583150501393125
0.5705298056398797
-0.05420967087217379
0.25903778340009415
0.8538413624231501
-1.511038563487047
-0.624236402919793
-1.0472882213435089
-0.3380826241361457
0.7310566596577742
-0.11166153790832517
0.4853332858318843
0.8934026321508013
0.9794798421938384
0.2580770249633577
-0.34271915968711686
-0.5581842993191934
-0.8452885491487165
-0.3815670308389447
0.4340444086513373
0.1012488466145478
-1.6561323730323698
-0.750200321670702
-0.09379351488331983
0.7836273042756301
0.5772943899064937
-0.8686489016754402
0.28474394295882066
0.43486282533079246
0.30506366818093633
-0.006381450933377044
-0.04716472267853012
-0.9050940563371753
0.3781525407698499
0.023243768276515794
0.09031707704110849
0.015528545648194697
0.8707274813018152
0.09738858149795515
-0.21083094828628718
-0.019377619618441037
-1.402118104446969
-0.529221100534327
-0.305398757061921
-0.293047273291312
-0.14040424025766982
-0.0536885784475144
0.01118131382276763
-1.7519444786165226
1.0464762544066695
0.2165057926665617
-0.6709815323450581
-0.7979896718588717
-0.17194027799806924
0.29016535868152504
-0.5450881315192484
-0.0796552335000453
0.5875968810653612
0.6772301330726087
0.490632250265476
-0.015319498300977098
0.5972894428113928
0.5048509266823087
0.8926214410212225
-0.7571200326470399
0.6566956532039808
0.530158671888226
0.5408891323088859
1.1122805271978495
