16.5152920242849
91.47029987160826
32.420639043824146
-10.662104671583114
0.8493148102041209
-3.4659583358302597
2.0396461950134652
3.0954555695675787
0.5081342426027582
-1.4225065355975792
-5.310200103353664
2.6601036114917815
4.807512164001717
-1.374502704105975
2.916952459854258
-1.0343478192400801
-3.0959264152247084
0.8191095402088913
-2.7136352148797025
-1.6614503371694573
-2.21544308699239
-3.3174164485509525
2.9170175006238064
0.9754336415481009
-1.2545216880659495
-0.5267009638896617
2.636684351525767
-1.3343403625869712
-0.9767238813385387
0.3846900294460589
0.17826773296270745
2.15884679449322
3.093928027213999
-0.15052643057893167
-1.1199615093338262
-0.3386050165474639
-0.19308795406567403
-1.5826929036040795
1.7222571466969026
2.0108995075423555
0.18167788399643262
-0.7666506763815606
-0.2669935595442157
-0.9632509547902302
-0.08404223989039078
0.1442428107495576
-0.21388423504135462
-0.365555140703829
0.7348447092830902
0.6719923488026369
-3.304981977609683
0.8766890380858503
-0.7712434126809339
-0.5111692588085106
-0.21215464972649406
-2.765128069251047
0.22793386085760226
-0.27510005410806243
-1.4354649487087254
-0.11932201811663067
1.775199057701341
0.3779704216046505
2.106864489702466
0.6523508677046549
-0.8449753806582218
-0.22620936862750254
-1.7318419412818218
0.7292760497185234
-0.6965341515939032
0.9858175396832685
-1.0697699228198563
-0.5200711477969809
-0.276576861617451
-0.6148320188028762
-0.3680054248780176
1.1976828997844489
-0.2620228983437738
1.4410568667937347
0.36544614656231467
0.9512346108527273
-0.8378496373695109
-3.0369021671547487
-1.3590812651827724
0.14204570998691607
-0.8112652545316845
0.36665713786345855
1.0329368190893902
-0.08958818126670806
-0.9454829367771378
-0.737104435622449
-0.08966502499346875
2.7432919297840703
1.4281937041135915
-1.5017823401785557
1.1258747036583678
-0.13771913055917068
1.469250176132636
-0.2802433946744201
-0.09988440981824132
0.10731533771393537
-0.4928381942905157
-0.3489148693544825
-1.502059856169122
-0.5035168340334761
1.6259474991209921
1.7782422514070606
-1.7260380834180729
0.11489945482672828
-0.9665541254338813
0.30741375810322297
0.2290177436862789
0.036414371627446124
-1.2352894913877077
0.9394747199319456
0.19429880882771336
-0.5635699272144663
-0.20542175468220442
0.45115966525792317
-2.7940519996350064
-0.05624572669665494
-1.2674402596198364
-0.8377610563310428
-0.7731843306597991
0.534535086332842
-0.6266721260204737
0.40602174988070167
0.6243529573901185
-1.261983939900266
