-41.39069329865337
0.33195840660873593
-2.5651037227261977
15.322655927541941
0.6064166045377616
8.857437584130205
-0.43546050012123827
-1.2830552678152847
-0.2575749700513081
-0.46299954003706156
-0.006146103680148063
-0.003000618558806817
0.09907225682810578
0.47286223542321504
0.37575869130983186
0.49151547353537484
0.09469255816950906
-0.5965296410601507
0.251620696028212
0.0573317746510081
-0.30453397225515455
0.3488990124770745
0.4134284522442601
-0.20857825097774593
0.09586381853232656
0.061793448756092106
0.33772365665097975
0.02699519755949366
0.10146984508534052
-0.370688002868781
-0.02891557389759089
-0.09646831037852027
0.33570984557320044
-0.2696405492309798
-0.5292725574252986
0.6732631848639686
-0.4790882506723977
-0.08364713701427624
0.30465060082392886
-0.27357955470573186
0.08109196782030005
-0.01823777862668273
-0.42324139754751183
-0.16365390055380394
0.4813917518322754
-0.28692601504415916
-0.342747364715868
0.48767330420435295
-0.1536968413246203
-0.47922180731156316
-0.38859802995362824
0.08205847933717508
0.8852773769705107
-0.23186565655810987
0.18890299672524308
1.291039806446183
0.12130058879497059
0.44365207381148486
0.2672952800733806
-0.9385975779326768
0.30891027253452136
0.36352999470716024
0.07700213654200061
-0.42057526835803405
-0.26815145751212854
-0.2249554143827729
0.39347765015551445
-0.4414829944982822
-0.707613520052964
0.21742226341914866
-0.5384971054485391
-0.5987919096048434
-0.03115951439890642
-0.306781130222064
-0.16897387330975044
0.01636153161510518
-0.3885053630738987
0.08803162680666082
-0.12182935070532364
0.6738732510845264
-0.18542082236548763
0.07653585747387687
-0.36427351896609295
0.8388122849918556
0.21635264464160497
-0.02317694528094284
0.0416304311478665
-0.593631908812539
-0.30086333071104243
0.12951903732208844
-0.3094465893667302
-0.421525671465099
-0.2785996236072661
0.060287222094180394
-0.21604532203681465
0.25431400515705366
-0.048190027644858274
-0.19960603883220587
-0.2927112072625958
0.44500921190553333
0.25599384560049987
0.12015260234400044
0.08479520281333296
0.6049606855749476
0.20194989355447146
-0.28972207177150766
0.3532785122291476
-0.02160628081068576
-0.4253438231021063
0.02239366713336039
-0.23526382293438078
-0.5733884179004198
-0.24072643726472107
-0.04176537991378937
0.10874564257374128
0.0049334652020785776
0.25796777035395785
-0.1711003125388319
-0.07245719866605212
0.009823742665890072
-0.33055917415974434
-0.0022374748068328815
-0.068345373991093
0.39358626888021325
0.023699032258608446
-0.06238322852447438
0.04522613169473827
0.44412413700704356
