15.820865557194981
-54.514873122753805
-22.69925467372107
10.788357996920451
-1.7671708841874527
-9.389959468229748
-1.91330514717224
-0.24301654154587238
0.591119149536004
-0.3343949736111492
0.08690180102645839
0.028012116848944925
-0.07528521580931433
-0.7443104427814947
0.7533791168254966
-0.6639643028261745
0.02018933325800641
-0.026065544916507977
0.01930792076164628
0.25822725506648453
-0.5689000493438393
0.06630622689866755
-0.02376830951733301
-0.06590362523335129
0.47283191265967056
0.20306948171249656
-0.09469874617031851
0.6835650045815321
-0.3827567714376824
-0.6519648959284827
-0.1759498418272716
-0.10273600616523158
-0.10134675359401425
0.2576262071374597
-0.31828189059124623
-0.2146532079097247
0.22109223628911273
-0.061040730915586316
0.32682680515872864
0.13815887068781962
0.5481184563793635
-0.1254749968507152
-0.3461648160774525
-0.3969680824598016
-0.4937333301371733
-0.029218902588006794
0.2990891468706962
0.3220620154863827
0.2960345635943467
0.5889727804773363
0.003213067319392332
-0.23430956607651854
0.01790416264235603
-0.3258990715254828
-0.7553729004222257
0.14901727194469777
0.26028733215598354
-0.1454465662953083
-0.017059599048777213
-0.08036116224750212
0.1336423968524869
-0.0007085237148919919
0.2705258962239718
-0.08956279013188424
0.025882229504773167
0.2015582909349386
-0.34990797977769283
0.5555072969647236
-0.16530947879570346
-0.30468326123486744
0.3624472859762157
-0.6536170764914515
-0.14995280880792447
-0.0401628092731571
0.16943563072242354
-0.09283768031165957
0.3658284263324316
0.05300122371632559
-0.05383830065798918
0.14395696270864355
-0.17806135429248343
-0.17164705044003317
0.24172478026905087
-0.030172080979348676
0.3852903962210121
-0.032094227444575275
-0.03525107386689865
0.10803152418588177
-0.20734489018184715
-0.499121109667237
0.05841105551908864
-0.04586997066575084
-0.19422337530027137
-0.12939802155499136
0.02703424376483153
0.2038333386892576
-0.15639735409998412
-0.3141921552512547
-0.10088196944749304
-0.05100322338414892
0.05300216243062435
0.2987775011700826
-0.068265022299035
-0.05370178391326674
0.05449043530930806
0.24006212057069315
-0.2185852081908186
0.29680858291498863
-0.04828948197871753
-0.35119038815529546
0.15737599169333177
0.06561122479055716
0.0942929010416435
-0.1263478305183288
-0.032793181571549854
-0.27433047726803395
0.14349049239733402
-0.012288098721240997
-0.12821540473282686
-0.20615517214307527
0.04176297576181712
-0.2813691846531635
-0.27296793090299853
0.2120880751532871
-0.1407200256396628
-0.0811420998419089
-0.10004391275178724
-0.2706453619149167
