107.39117756618253
9.354109699215973
21.117663325744964
9.392861797690133
-1.5267363175337025
-5.502223923433097
-0.16245889269797198
-2.6496042931813633
-3.836436015415124
-8.370823271104202
1.2990782926780926
-1.1988395228027666
3.1774228185010336
-2.3511872142016226
1.1045778494258998
-3.353291654461565
3.6064648587334234
-6.949962850939237
1.7848745993117872
1.9312033194373484
1.823543390902628
-0.6919516903893629
2.907835008146331
3.267213812113353
-0.22973853686138546
-0.6436510168404028
-0.22010923640097502
4.119303100338274
2.1463749819422833
0.5348838627526373
-4.077183960534051
0.9432095072015138
-1.6578179984205343
2.221942801841189
-0.36230579383246053
0.9061929771195257
0.32815626852728874
0.29382145683548877
-0.3490699008410614
4.248678986865166
-0.28299040239046513
1.7603069038590435
1.3764599912368718
-2.5637472946267246
0.2288154380262824
-1.6013497080012762
-1.1914367694189143
-2.0797042870770213
-1.635241159252733
2.669913408477153
0.5483366246430941
-1.4443010687561149
-0.633545380029284
-0.08458464758587428
-4.433107098975149
-0.5218843088978422
2.655340554436145
0.40496035572727795
-0.4414643806785484
-1.2963099754209806
2.9391704545522495
1.6560679325053616
-1.4553410562750584
-0.14908252678091025
0.08444496538702581
0.13323732007046457
0.035139555288187845
1.3340734790512494
0.8505100195179317
-2.4377145757616066
0.2631413719459344
-1.9566718015097522
2.957908887950485
-1.7009960658003849
-0.8016051122195398
-0.14009540396788095
3.208968593401825
1.3878333682190511
-0.6721012956541368
-0.5407902489429912
1.857839994337744
0.9493078685342519
0.6028976954670938
2.5465091920734677
0.17857794320138443
-1.5970906689561424
0.5838696426342191
-2.4709956366656254
-3.349077005883733
2.40799258398564
1.3739426244704407
-2.77304147844053
-0.9599519918280013
1.9242092540111235
1.007132933987081
-0.027685398266025868
1.7900154210730848
2.572633548149558
0.00965297978088367
-2.8749264284664426
-1.5348504103644087
1.5167649054900019
0.34308455697365764
1.7103515968332335
-1.1143492723801651
-0.4033562810191029
-2.1096228116071036
-0.3818615229753626
-2.9466606292939743
-2.435352380166428
2.115094364726797
-0.6062161675195648
2.8544729546808862
0.5162977734796272
1.5453757254097789
-2.4702970249686724
1.787687868607291
0.09906156245755555
2.6672569508283273
0.7662224891346043
0.4718846030851826
-1.2635805296387375
-0.15962444513146362
-2.502496554085147
-1.753121597712424
-0.7079166155801351
-0.6509416894874592
1.88400696719777
