79.56169755772456
41.59828210487149
6.505322755612595
8.224696204719754
-0.43217469473530823
-4.502424317757985
4.242524083652901
1.966397240456307
0.3051670777778342
-3.8033273163132937
1.1807922173362642
-3.3824029873140216
3.507435228999353
4.638543272121492
2.182496988614157
3.098340203828603
0.8979297797292285
-3.016010803317541
1.5502163623713405
-0.7461792773006541
0.7643307625050877
0.3036245469770847
1.5904669783101875
-2.9236023505505773
0.09667424230318167
-1.2805911555689233
0.06108223294188697
-2.667352432030428
2.7139551232738777
1.202544755869253
-1.7525422924886611
-3.117919733610752
-0.29737331167244146
1.780776492762061
1.2178612743301889
-1.840934055776061
-1.4383204053097258
3.192269071881774
0.7077534573636145
-0.6165512144429353
-1.5474085172611245
-3.337466467147727
-0.07442026428760523
1.1555116680279334
-0.8854088458908106
1.2631848696770365
0.9448277172437518
-0.5757535402255438
1.7481461619301888
-0.7678240790390719
-1.7400365102948845
0.1297447995230902
3.3685819981869662
0.7766786164648148
2.341558111226586
0.7729717439457174
1.5888477269061123
-0.5569486635379529
-0.7874226303207095
-0.9221651762998535
-1.164617342569319
2.4100621738712977
-1.4246763283795028
-1.670872904308052
2.1588017430416784
0.06210092466311276
-2.0147552443102033
-2.578465202738601
0.6393320447163762
0.9187517456697738
2.709038331014662
0.5997282955413161
1.130943465858049
1.0129001757157496
-0.4307451508302123
1.9796824872502645
0.018974271456075942
2.35187332834585
2.5308263778954356
0.9356003095568319
-0.07273305979446876
-1.6177722370912258
0.28911992408895604
3.2694018294594986
1.4363826840572869
-1.056133915858562
-0.7374999213110495
0.2129887479001153
2.705993324132462
3.7739578062043346
1.0042628164698333
-0.44594835208427647
2.073438504066508
0.3750875966445054
1.3488276860064767
-1.2285801074885165
1.2304884275659749
-0.1406966953143381
0.34770660975255346
-1.2099821464660443
-0.5547302858312092
0.5659808210094749
-1.273812893317122
0.7687188344736293
0.6357922998103182
1.992446025369428
1.5326312199744756
1.4432483758990426
-3.0610454003051415
3.0221815442407944
-1.1751542416675713
0.653046089898071
1.1139262290175416
0.41253447361460477
5.5823966727612095
-2.8228787875147847
-1.0603451441740197
-2.7721557730337536
-0.4222074841203516
-1.2993187402626034
-0.019009350850074325
-0.696015203559289
0.6725868905592263
0.5765807175332649
0.3673202479993114
-0.5984171178778637
-3.536013130459778
-1.8857230688958349
