13.108629888047487
87.13552746546989
24.444827541702665
-5.508484958512806
1.7827316294065878
2.305873210007622
-9.944499880996764
1.6658642629588494
15.75237039847338
-2.8076947680223467
-2.8028547066847285
-5.214573364295726
5.797791945083683
-0.6466614089706306
0.4871436296846745
-0.9824160586563953
10.748508095722984
-1.2956419781556239
8.242739102431129
-7.108787789859453
-5.294667586861443
-4.059189658787348
-3.752972624092368
5.060474733538418
1.5712178386675784
0.7270411448491766
7.155381066673784
-1.857630437461935
1.6968527405476772
-1.6003382729273765
1.9051387299457598
-1.5574759272362424
0.5589424826939746
-3.5446454449043854
3.9483996368277174
2.811337685454314
3.9612416834743245
4.023745487693831
-0.6859689068522516
-0.4447190495090976
-5.295653046575945
-1.1347457403176264
-2.366705609001537
-1.503237389810854
-2.5946496771321255
0.13088262429704942
1.8002198459885055
1.7099477883041319
-1.1160776779793213
2.774424047177736
-4.768726266292104
-5.814781621058967
1.7695576112515117
1.2306278410480502
1.8749898243760865
0.6595911701839061
1.1497412964916127
2.611084387154458
-2.23410375477296
5.615237308337784
-3.468733911903079
3.114984421653299
-0.7168477854741442
3.0053045401812843
-0.7337921048562519
4.976111015571652
-1.019469415617611
-0.3091035222840873
0.804335995255755
0.8692855503937545
-1.8011021915420544
4.269523038368828
-0.8426294137927215
0.3766777195490966
1.0231974853268404
0.9927135270081696
0.2619269444856649
1.0102584597521234
-0.10352269042679957
-2.6141110330439195
0.9439655031729122
0.7268522926110781
-3.754902987137041
-0.7199563378220254
-0.776696794345155
0.9441429675162881
1.716773044574048
1.8667592885246451
1.183887794721072
1.3098012556991359
0.997827061373618
-0.4245231072634951
1.2036858842174307
1.3466700326557588
0.3542919367890615
1.033403033890982
3.973124606895898
2.5479001328002404
-2.199839731159038
-1.1307272149896321
-0.21900697186163395
1.2101753185141721
1.2379384986135031
1.9421038127353247
-2.3214222488911855
1.6759791949667977
0.593275918544979
-2.168077560299722
-2.7464815275002032
1.372169953281186
2.4799251426116187
-0.9096871544599848
-0.7645442661767349
0.3980472188620611
-0.5279858632168882
1.0913063942094097
0.8458556489536305
2.9419468667238586
-1.801025717755294
-1.4021980316747356
-1.9849838911266615
-1.2984395531777053
-1.1141247856959704
-1.878178748756248
-1.403190597200189
1.4804990561041618
-1.5113507514686364
-1.537219880595702
