56.46740166030601
-53.94510448498372
45.78884192302832
20.3630552860064
2.3746132919818073
12.761473534776567
-2.3996180601712753
-2.0878625113554157
1.220594142682041
-1.2594202527302978
1.0808293105058189
-0.4412988055153781
1.895314087626946
-0.5275532284317398
-1.1812364766812662
0.03549995965808089
-0.39901688281538544
-1.19909316506546
-0.9388459296322179
1.5273225004528688
1.3205063942580897
-1.8233358551650272
0.23371688210755603
-0.22284226207439423
0.160760056873058
0.7672166427640497
-1.71393088962631
1.1172076003685856
0.8907010468789645
0.007027823460947713
0.9441346051527936
0.34177859609653444
-1.4864811079763998
0.179725535519355
0.7418662042897083
1.0271165011848429
-0.2479803138804138
-1.068159039561117
-0.6240597304905647
-0.9055831650640738
-0.8696449090916077
-0.8857693716233039
0.9331811793897826
0.703321877848645
-0.2608582972444522
-0.8666524783078835
-0.08479058450322208
-0.5456992722942041
1.4512750084056927
-0.40312848631985765
-0.4584196746942185
0.5589410487593158
0.8392008294906839
-0.9709726264063612
1.2731808510311264
-1.2891720684307855
-1.3587624827120395
0.46855894882789073
-0.23229540715417113
0.048309069203820304
0.3841663890875878
0.25224992679176383
0.8986246456036053
0.48861314913355497
-0.03742264838670112
0.20333331807777993
-0.34974351928220093
0.7766492164182907
1.1838767786645652
-0.2977045533620198
1.6511450442326077
1.5863633997644704
0.6790758631021184
-0.7043982115696764
0.9622034083765552
-0.4075852449348572
0.18515891774906945
0.3390737760369933
-0.8091100872106746
-0.8774645348087805
-1.0378601813332384
0.14138991082258556
0.23640560437978364
-0.37276135964613444
0.07481301615304337
0.18732112651514538
-0.5697312828574164
0.07066589999572037
-0.2289349603991306
0.213445923224295
-0.7874655368329029
0.7246017667130749
-0.3510866618090369
-0.1095091222029288
0.35636175886055405
0.5186181155901872
1.1447177952232317
0.8692076730434425
-0.6898753499588282
-0.14228314929254904
0.800858799255477
0.35502131439274565
0.3896332265912633
-0.8823012133101188
-0.5904145793052953
-0.5570898606657595
-0.19456561802898495
0.7364546456285019
0.3895558323529457
-0.9895621878510583
0.07588217997143842
0.16444658852198596
-0.6308206816540399
-0.12917424919440657
0.27254747681866986
-0.0685859680554225
0.6540178983562854
-1.23201357309799
0.09362950545023162
-0.49332297753634763
0.3839655346955958
0.041916460819272014
0.046843550293953796
-1.038065543631029
-0.8959510223926966
-1.240369002610442
0.514800998254725
0.0604252732742335
