-21.00720037286923
89.9515305807458
9.016772437477888
-7.073060819016703
-0.5218588691676358
4.851095741457881
-1.614665016711803
0.6966120591960208
1.9476896762468678
-0.5349502681395538
-1.0833715029810569
1.9813777062073554
1.007090792622733
-0.33378832105446066
-0.11738202461004704
-1.3161999370389201
-0.3898849818409654
1.0197007748543994
1.5004910616737333
-0.9831536678386326
0.5028831718219106
-0.4649758255451754
0.3526276381046426
-1.0359510998904258
-0.8374033185052062
-0.04585970386376381
0.1911508141211961
0.05541532220850334
-0.22264053502443396
0.40109665360746555
0.5622513969744796
0.03736872784565558
0.6994973423891961
0.31242715407587035
0.26244897113390875
0.09887770484485764
0.2065209645289641
0.4222870118466583
0.6187964250590907
0.24975268727158964
-0.4581488029604882
-0.12990590905196203
0.2556542456624983
0.20858996704426477
-0.0812779723582028
0.2061573169165016
0.5180680991881101
0.15234346579401725
0.46093996055384634
-0.3088549473853574
0.22390838618297648
0.06994097771006366
0.26361182472726397
0.16745277340159265
0.22224263200691735
-0.2909726175986396
0.009605751088001546
0.17399887317239798
-0.023836292579331564
-0.03333706694586857
-0.23518943522555638
-0.23210915347222316
-0.09456572426980558
-0.45285447310166466
-0.0958009286211379
0.30004967357643936
-0.13415576537466328
-0.008892836662306364
0.040727832518681444
0.15924761804948362
-0.26954070636392796
0.17698382287957073
0.21136804385576688
0.22488308081550917
0.24550707265753607
-0.33015794906220897
0.04273482826239228
0.22798209765076335
-0.016330789652548555
-0.30522571148435296
-0.47496416269674313
0.06613787805567425
0.36873994920900277
-0.3889599448763258
0.35728652621834966
-0.4899910782607193
-0.04205052476597311
-0.2718033515507007
-0.2006072020793213
-0.030287191451942863
-0.20943818054426813
-0.318045511411333
0.2731085741128304
-0.027564465249845287
-0.006763004500044689
0.19975121831393852
0.19761223296294228
0.1972906915272968
-0.08841676414352326
-0.30012501008202863
-0.14890925192580393
0.04847273224683202
0.015159394735193241
-0.16220760189870284
0.15524333173248123
0.13487603677843804
-0.21799865875259627
-0.12247137901287608
-0.09588838228977459
-0.27562238518831017
-0.1566195053342639
-0.08683163316275239
0.18922959911720605
-0.15133289735261868
0.22602970340212186
0.02343484772391439
-0.09605609909723617
-0.5654962573827849
-0.15924857876933463
-0.1527685225555899
0.4321800419251288
-0.04947496001020328
-0.04963033156643029
-0.14120719077476931
-0.43278253471612443
-0.06906360306251697
0.03591539372491037
0.04571285308051282
