-48.34212344647122
-4.941427723935645
-9.596653264176123
9.426921074520193
1.552192879047284
-2.2446280289143714
-0.33906359055094004
-0.8348190564205654
-0.027655248811819938
-0.5985506775674526
2.203162635750556
1.5899455079963836
-0.8634440335321891
0.7163659591361089
1.308474150575844
-0.8633392008559293
0.5216000444532576
0.4226202991187835
-0.0031242986028122144
0.04539322439407531
0.3784994442518267
-0.5281415028354052
-0.34812427921152933
-0.8535695809079585
-0.6078496406289741
-0.3752646033714699
0.3261893644310771
-0.14838117557002
-0.21891646323440914
0.7594056239424323
-0.38198699127445956
-0.25721273546514545
0.11708647438810363
0.24308709271319873
0.16552407182512013
0.507675925417916
0.08845098782938379
0.12221646350478914
-0.06767381355578492
-0.18877880809552255
-0.22768931801673106
0.565477371318227
-0.3478685391754341
0.1361305088874188
-0.30606012321100867
-0.18741505112832635
0.16530941441287256
-0.23543073805250775
-0.3872879665427531
0.4031907232102673
0.09086178881895633
-0.14830062331190644
-0.06038104816318916
0.10766319664332957
0.24461937487483687
-0.21055896019447579
0.40190301341987744
0.2645243325568434
0.2142614191198559
0.28544678407956775
0.0644265657204988
-0.057593887959729535
-0.07969064656453922
-0.04504878064892781
0.1462575158290386
0.6280634350095401
0.32864218584967114
0.43631390732282327
-0.05017978664969369
0.24382827159828244
0.43553095054140517
-0.19809937708877118
0.11476283052123207
-0.016855026731767586
-0.27926791651706034
0.1533550621743469
-0.040060340247653606
-0.08690766508192171
-0.29360082989241953
0.17655747441368494
-0.030063335954496746
-0.03401287851496698
0.10511070009908388
-0.1100421127969093
0.17242070911785667
-0.022825281033038047
-0.01159124278643122
-0.10373108791286262
-0.021294924528842574
-0.23799101950214208
0.27128615190714506
-0.0024256259690738774
-0.09139961133386006
-0.0668218269850106
0.28674687340817745
0.2567740483136461
0.45519832356966017
0.41179087225666067
0.269469528925279
0.09720568756416649
-0.4249670506249189
0.0019380954336854772
0.16694954684151594
0.01549926703499947
0.2597465972271482
0.18658513997856577
0.1216748709170574
-0.005030613268557055
0.3648573113234033
0.0819717445010889
-0.13910778856876976
0.20797147298209478
-0.23335290118822086
-0.009818245557028323
0.09508437002920893
-0.07659324133479284
-0.24216890458715698
-0.2721287471052727
-0.3133890806424531
0.09310260817696393
-0.05635952934833646
-0.2286009677411452
0.2815539380646464
-0.13254736716010967
-0.16174293554199368
0.08909402061989098
-0.30382848383397454
0.24468270392403146
