-48.541107130103384
-4.780634462038139
-9.728813213556204
-9.261301455749582
0.8293784986149235
-2.485533464367486
-0.27528497835297394
-0.27669190195830695
-0.6917162881828071
-0.6149665662371901
1.7532667656669663
0.10181226944193938
0.561515947726497
-3.2547860331019716
1.4764624593278788
-0.08642948406180817
0.3206296998415921
0.4474849687703204
-0.7136258601984702
-0.5295797680690064
-0.02239839571960907
-0.7632923594663976
-0.18911705951034416
-0.9764388930234473
-0.05771803828420169
-0.5739533401810948
0.3373193502795513
-0.32805274039470456
-0.4294552511180132
0.26110064403244865
-0.3904016831870502
-0.10892058700597113
-0.12274397507704518
0.0670744698598732
-0.055660681447162574
0.08842607995035154
0.06129681474328162
0.013067013132938208
-0.16510058329125282
-0.08226336800840123
0.10024924789970285
-0.2498958630717065
-0.0871035200655157
-0.6949231956454167
0.1424428617567767
-0.3357659087997032
-0.2639765917689101
-0.22708321064083994
0.18763370555817604
0.09150506978566289
0.06956797930845891
-0.1176936810802746
-0.05881577641214042
-0.4577128545206787
0.07698375563234666
0.12297512802390037
0.002050188407804375
-0.042672510282163206
0.45212351840188936
0.10458440654486312
0.5483421491734539
0.4513100537631078
0.12156187892847226
-0.04715215739987533
-0.06895005510155697
-0.20503933555716597
-0.428123565099269
-0.26259243737824756
-0.022375910581661468
-0.37574508886517494
0.12397471517855949
-0.12032164754688252
0.36041520461059323
-0.4595406774138161
0.3086853665105936
0.14372345897414993
-0.29745606128996277
-0.032567726018672555
0.17669362789430496
0.04581728601736859
0.006186839448664508
0.054284981927391604
0.22612222415022065
0.33768196548267404
-0.21477108131374423
0.12947984372150165
0.24966820796342235
-0.008023223996889012
0.15493337442948557
0.258558184399146
0.08750767697761348
0.04998437868527528
-0.124848033502671
0.001010501098208591
0.019455613916579975
-0.1798078280626797
0.3977702096619018
-0.05171642987817916
-0.20075689804519883
-0.23091782408631797
-0.4151962645719774
0.05656191497107252
-0.17772607508728028
0.028184697301950393
-0.020629988619401077
0.08440912797669779
-0.08135400803331568
0.15747484030864184
0.10110267521929861
0.16115277188798258
-0.07526077364500693
-0.17566575653442437
-0.2586843959409854
-0.09490288786305573
-0.185485312013717
0.1899102317237663
0.029671836890982208
-0.5608912300736186
0.1442992115636067
-0.1992674186909757
-0.0012167503503660027
-0.1678927974105387
0.18241580121662646
0.09133132005998038
-0.04341391100498394
0.1310923020929936
-0.06778072133066965
-0.003455962292727578
