-41.731271314215206
-2.622021130628684
-8.171079625992354
7.29770869964869
-7.567026970350305
0.7722733437842182
-3.9265838789462397
-6.907310517783863
8.519006772682898
-4.7038888257469385
-4.640176920819996
-5.9367260536000455
0.5177900135304733
-1.4063868921556457
4.128521447766681
-1.9422966907060664
2.1742330588795493
2.7458163833953995
9.62851071794757
1.8565209199705988
4.539340092548666
2.249156711111768
1.2552228828868732
-1.3569297324757634
2.471882809598328
3.7484772672526123
-0.15840235296754424
2.43441316976819
1.317385226023866
-4.105135584912308
-2.104461441239459
-1.441479093483972
-1.8810465554654712
3.0900523864575717
-4.252649359714064
-5.032907516153191
5.698856745062943
-2.9090055537307253
-8.135162604639794
6.0144452468952965
-2.4218953052819963
-1.8811067822692185
-1.2227617566409619
-4.580760869583288
-3.369984093778251
0.02223209363241562
-2.037377535765048
-2.612162371634288
0.4391243444423824
-3.970424467546291
-1.1455251558860056
0.1804376284889255
0.808703722173166
-6.028490613958639
-2.149275764811006
0.22676876589239822
0.365818807793669
-0.2080114982167003
2.2993270489057807
-0.832762421777478
-3.5399104769256686
-1.8232304651934061
-0.5318392694093725
-1.046050225926577
-3.3193409354947234
-0.801511876129407
-2.699081764982125
-0.6338723643457324
-3.978445760288314
1.0947694324218238
4.870792723378081
-5.059821579544793
2.3331007885243586
1.3918556166918359
-1.0404077234783262
1.5763728827230967
0.10500807658098138
-0.40655238678210837
0.9088066763253455
1.0453865692196573
-1.7572680486656147
-4.219289806636048
-2.478218154717974
-0.3609824890788274
-0.7103108141608208
-1.2636274932572662
-0.8310588581748816
2.0801740384319882
-0.042279081520856514
-1.638950932778573
-2.2661357806745785
-2.1950898077743646
3.0312402315382263
-3.090506751380477
0.4849818528556829
-0.6277610332889453
-0.20309578892925995
-0.670977771185627
-1.353151888969514
-2.6408111664109892
-2.204927081244683
-2.157672806322703
0.7458552731098325
-3.6913234993665758
-1.2529386431799838
1.3646935980480566
1.0304957289529506
-0.3220600121242083
1.5264563448116029
0.2598589419988961
-0.06116186532283557
3.112289779360723
1.124780482886942
-1.4932832373692886
-0.10861509679130635
4.729162878024116
-1.1932126756764077
0.8961452906820527
-1.006014236763625
1.669618561060548
0.5456419812415724
1.6084353224419914
-0.9708338986002559
0.5210843337419302
0.6657817355876616
0.829747734269233
0.35933906088566203
0.13713298140263902
