106.3667235294996
11.613409931320238
23.03157944938063
-11.490783324417114
8.791237484390335
0.21721691222165143
-2.9107505561925877
-0.3868910115905087
1.8787669926089081
1.243129661242032
5.563845285315836
4.894429088736271
0.35468844992917786
0.8487438428996746
-0.966852432146648
-0.9563763995928574
4.4435811294553975
2.443703406596502
-2.721195127764973
2.3150345088099686
2.4849936409145243
-2.9893858837934304
0.28721746647907875
-0.813988345064163
1.5852475281502765
1.2922175737571369
-0.48778784541477327
-1.4957710379981979
-1.6138212151471212
3.6609593967080785
-2.2308750738641585
0.6730947056013319
-1.9872300254290458
0.8673199592172828
-1.5671463481842205
-1.307555544187953
1.4130836695911302
-0.3283407554181
-2.3774025868706015
0.6526407271985403
-0.7281491824583756
-2.6014872951526797
-1.8266013886371997
0.03034485481645799
-1.5028472291314325
0.18059728974413944
1.8555999036814277
0.38794414527024657
-0.001614559011873004
0.9026008829845354
-3.5744642922069954
1.851280962294117
0.3435376790302135
1.016986645528222
2.131173491383008
-0.4392398495397661
1.5015401104698127
-1.440490289506322
1.3601703510380379
0.741921711676746
-0.5917064491961056
-1.0746382580751406
0.20184774451517268
0.46404770741112134
-0.9667689607062735
0.6727599113284295
4.376969692527816
-0.12783398055038697
1.9110437990802045
-1.1877656904664038
0.942659170123723
0.8252557379543461
1.5146480421119122
1.8826390708581264
-0.9285242715702718
1.5465845047647526
-0.13845147556485152
2.149575021009643
-1.7147313605657806
-1.9493555900244406
-0.6863752047584321
1.3442203946274969
0.14364260171463053
-1.225756997210079
0.41069982542797984
0.8318214257938892
3.120766609084901
0.4095098720054769
1.2333099774062626
-0.26621742817281485
0.06493567729466418
1.0476495279738711
-2.5133329447095805
1.1617449379427163
0.3906922193114316
1.2515228057441679
-1.6686474476112791
-0.1628206017699447
-1.5730747133254563
0.681410215272505
1.8682973319909417
-0.8268914230163179
0.3768320934703523
-3.1479424927597446
1.9647257674154324
1.3698905786153799
-0.6229922033229376
-3.956361153948141
2.3046845280614376
1.7845303653239946
-1.6452121737155212
-0.586809834369331
-2.159730727096311
-2.947827144293588
0.10656618155616886
-0.8829638674491056
-0.13847832336327393
0.8712608847834881
-0.35143904676913185
1.5250656337232238
3.4669145420017258
0.06901274126225751
-1.6281326891628494
-1.420190727199382
-0.6473025099065949
0.422532316298962
-0.21062275808058425
2.5227843914909496
