-50.69055456978429
-3.5088753872501006
45.06521582710338
6.633580180812891
-1.070681810682059
2.910736310668038
-1.0003764842706393
-0.6705304778161439
1.3398810085325603
0.5908965227679049
-0.8832110286975551
1.0253371242633442
1.82429634674268
1.2709377294244497
1.7061118518412766
0.9047197694428721
0.6538553157913265
0.722821965086835
-1.2626150608102715
-1.152603762717115
-0.30039332856253564
-0.6242732677321348
0.7925407813204193
-0.4083545697269026
0.37477125623585167
0.6084352899182973
-0.22946615088322983
0.018815052175096547
-0.3734547980774376
-0.25388834328062526
-0.02551691519696242
-0.0030029795161997663
0.29742304972367084
-0.3194544654218535
-0.04967135231475421
-0.24997424239594113
-0.11692231308211853
-0.28435207949959934
0.15838625710238138
-0.12952844093316287
0.27900923845465964
0.18248259344632764
0.1447106134228644
0.26412593987471283
0.013098689982736923
-0.31250398902542675
-0.0746318253999651
-0.036842430552600836
-0.3474822769638825
0.11846613880608638
0.05564408996029572
0.07073411192316523
0.031929652525043706
0.1786030369808341
0.3878476489298475
-0.002114678021890859
-0.09158817401077318
-0.0601111297070554
0.3901489263294938
0.23037848581703668
-0.08195078953069741
-0.11265702122581309
-0.0891829118438122
0.2452134006198936
0.04867122868273814
0.12288203758098944
0.3023920743522125
0.21095465841113004
-0.3562715797655899
-0.4359293537424379
0.07800168852673198
-0.07763850943796882
-0.05926031499822476
-0.22293005049126846
0.23647144167792894
0.5014187425803487
0.2684794419810009
0.11813853649910748
0.12257240050081505
-0.08788585727913001
0.428222690082809
0.005064559990532763
-0.19535139931424955
0.0016926471850718522
0.21600189162653427
0.5033721598366885
0.001503004630108315
0.2648247518328677
-0.18691926314255644
0.2720716144978408
-0.30849332109566097
0.7777470256937429
-0.04261806044666616
0.41613377484386943
0.21717985446228813
-0.4915515628123607
-0.06285814537759915
0.3855984287514348
0.018047598168250925
-0.20937157595530703
-0.16686160192583227
-0.14001698556222386
-0.16595283727378432
0.18181146583322735
0.16553388059526863
-0.00561755303529074
0.3090034710356121
-0.05843556271528521
0.3078764350974011
-0.08782869683249647
0.17096985949964646
0.3376335615592198
0.03699961754444055
0.23366968529745627
0.29244859129900946
0.5071534504200019
0.11738732870198951
-0.07245835740081721
0.13444807458270341
-0.2411727102336776
-0.35239866829903194
-0.08665495396987323
0.008272326337127031
-0.2292580096399552
0.38433255430899993
0.11551409990262913
-0.20078688446286908
0.339773509899964
