-70.82045178639505
-0.3955700847229415
-4.624198320261487
-12.382119362317116
-8.43606971503871
-0.0333913628106135
-0.48838092820191914
-1.3141845620127004
-0.155499396957072
-0.4087213596481456
-0.193824253921362
0.01557753073967802
-0.19907573179413
-0.1487098444924227
-0.1575306137877287
0.3948003829428567
-0.07750908227820684
-0.2123958256331575
0.43216746286952173
-0.47240265954594673
-0.376328808158217
-0.1926208491731723
0.33600541770309206
-0.6504260660189637
0.3018425807537163
0.33446617552391683
-0.23294430300029123
-0.4238665751146532
0.20487194089271227
0.27356293289443534
0.09125045377958929
0.5175423487607244
0.33812879561077225
0.09609353373909765
-0.04949738113102259
-0.02207098394097852
0.5052846290563305
0.3052023792124779
-0.026995201107026277
0.3214485545613006
0.08719224922855393
0.031034698981196762
-0.14363194875153604
0.03340325287361148
0.10504788679539852
-0.11300633387316433
-0.16663103004294416
0.20054009570106135
0.5108117567942683
0.10288203194979409
-0.2853047836877075
0.2517307484512615
-0.4295449988190647
-0.02429644682674198
0.1120408907311358
-0.35530270115999657
0.3850339373319379
0.15250178220335628
0.07362992789537492
0.025436215882656286
-0.18624461437639217
0.21975118225884094
-0.01965431223761613
-0.21056937713517881
0.41570589414325343
0.3846946201544015
-0.24030943485813067
-0.17954369501826
0.28071399608250724
-0.22718985797431052
-0.12436785612877915
-0.13911555645102228
-0.029697825172709913
-0.14908415171517336
-0.2930783081475473
0.34501010658172404
-0.033369447126493895
0.15416013719392674
-0.35629676098941504
-0.1971293831948217
0.37063226970605856
-0.006646922618056023
-0.352403387037038
-0.2625261955514411
0.14884673158156206
0.02205287731319585
-0.435655006935584
-0.2717631160101437
0.10131885761595871
0.39301333133204747
0.3271335254429391
0.31900800054412753
-0.245807636572726
0.0397836690423663
0.554010827501884
-0.134088002433959
-0.11859190613323957
-0.381588133251307
0.06682623332005655
-0.15397421963840635
0.08376100343601553
-0.018950740084794783
0.30481288565395526
0.49783950520275727
0.23633132393784106
-0.085566237493294
0.09653372061930483
-0.18788828656023912
0.08025239734507386
-0.08195058348794468
0.27698068142013943
-0.08230884298877972
0.1423357662284243
-0.28168898896030575
-0.08120495080470691
0.14501385760957136
-0.2180160954765998
-0.08767166206055783
-0.16710722291525282
0.27940562916716605
-0.1444553924717663
-0.20902857314107953
0.13824168629663025
0.2570208161545889
0.0814318225750361
-0.177060344964374
0.0048968905065069415
-0.15974216736651736
