-44.60123176595123
-0.41440387332669104
-7.792851962685067
12.649756200611074
0.03540864492785334
-7.994391367095062
-1.9687276879053133
-0.9030247227427428
-0.36350773991574226
0.30290771314068166
0.2119697198197536
0.3027502792876385
0.514226535434384
0.13088714165629495
-0.4051022566611392
-0.044807134380118546
-0.4803266610691199
0.5611403095176232
-0.3660007652460794
0.16685542770704265
-0.15031455044659978
0.06918722384883048
-0.041793366863929066
0.5183472211153644
0.15448884596639556
-0.4613376218059054
0.1315196782749584
0.3982299693526001
-0.13046459967823817
0.29340789043063314
-0.22340644712377614
0.0071513787633386144
-0.518199030356114
0.03793365547534491
-0.005805327465462362
-0.9207128373052896
0.5187195826714398
-0.37436640911287716
-0.4157983645946339
0.563096229810301
0.4694905281264321
-0.033575976903949506
0.06181536394183304
-0.39581518078493905
-0.527033621058798
-0.2907839504411338
0.06156867298073554
-0.17844571488569805
-0.02822158010053577
-0.061359983385271155
0.13634590795756207
-0.45366459523494135
0.2059390704039922
0.35042926852774725
0.21944136392146993
0.15556279326077188
0.5489455528365235
0.025463168949546644
0.17570815159024789
-0.15404102977900547
-0.43209005256255323
0.48338572225631904
0.5894344032377703
-0.0388196470360526
0.0035859297047367844
0.26088298040747926
0.08807124567484481
0.26959961610536054
-0.010032737416789094
0.061597355832908485
-0.09605421566714037
-0.43530932542375833
-0.2816588301797201
0.10063395500914349
-0.05408806354447804
0.4024486698004314
0.03567869508375888
0.13669054533770159
0.01231947678121337
-0.48576757142199894
-0.27161156281945975
0.25616032417663154
-0.27527726137936703
-0.2937662096098615
0.13779130961534478
-0.4614433049143514
-0.5400640647014764
0.08749101055269233
0.1911386766338031
-0.04136615702717929
0.0690959511402521
-0.38349847185418356
-0.3865300696224853
0.2863351636382974
-0.2661328024866852
0.32237403940891596
0.2406224698782919
-0.28217505976856094
-0.2492650549072713
-0.011774120555588699
0.2005502170483482
-0.3433559873079779
0.015575089499261764
-0.1592353056432722
-0.17563052744676388
-0.4858941053111427
0.27048287008545413
-0.02937092720934765
-0.14419022614940802
0.317774923683259
0.5024462491297795
-0.18833988588327244
-0.17204046639785048
0.12692690590310635
0.2608677015380464
0.26606063359526255
0.304848358246204
0.06674499092878908
0.18874733447603698
-0.07139067081762865
-0.27157580628173644
0.04876314896562038
-0.5959003485458546
-0.23691369928025224
0.24060243154273947
-0.061148381099378514
0.007485173645993437
-0.11705645671604602
