-70.64066780704829
-1.5529182407932378
-5.0314089850975865
11.062900388880006
0.21974896611521844
9.36429665125074
-2.0025017219153045
-0.4993470493181014
0.8764691682823772
-0.39826641870131996
-0.23125157492900872
-0.32332628001509317
0.32015803243385305
0.047451832338817224
0.293599632875571
0.7667526494094921
-0.04071720682257994
-0.3016838922122317
-0.5170698347411129
-0.3326154279004032
-0.15190892047319876
0.08505600079017103
-0.12294085560954628
0.4845611020778651
-0.2672561950968738
-0.12695010295966602
0.26289726967796206
0.17714070216992245
-0.08433551142814685
0.22160125401155206
0.487673185819805
-0.10324082770884177
0.16757406488296372
0.04492175840525345
-0.0016364110365076623
0.005594491010970759
-0.12178159840182348
0.14777620757811025
-0.20271547631376519
0.14490463562334374
0.06194719120020801
0.09506102322883109
0.19753826885269574
0.09957384487166555
0.14393558430482095
-0.42488748262014486
-0.013468961853183005
0.03078435732729433
0.05681252174842788
0.3493501117556512
0.09510277936124431
-0.11103531524805213
0.032399067664443046
0.253654407215939
0.09189406187500646
-0.1301744399207735
-0.0792302903715723
-0.12360989075303566
-0.029843985514062133
0.054277125309329155
-0.27677650491255135
-0.1960214623153068
0.04023722011371045
0.004766991365091844
-0.34148868666652155
-0.0645780860969461
-0.00967635210689416
0.07422315470121553
0.2787167334547327
0.3764344401232516
-0.23909955162518343
0.5745446309760149
0.04119870505631022
-0.04633506010581884
0.44643242501976976
-0.10159017697459208
0.29576190354967574
-0.20139775473517033
-0.24234552231021073
-0.1947010076948572
-0.3526123031057556
0.1013324465079446
0.24535972579098908
0.04222544031742634
-0.19571311796618696
-0.2070629407496739
-0.10598023522256826
-0.32587792443995467
-0.41326799346506826
0.022309196349068208
0.03876099029685815
-0.029179927819439885
0.04972916509178038
-0.2643003127161518
-0.0797991263244951
0.2140147731406476
-0.11795091309686251
-0.014258561753111243
-0.07184188248442969
-0.033588828019643864
0.1384830432463007
0.10210590981338713
0.2124421998665647
0.20661311779151453
0.03333272149892813
0.2940648897191803
0.25174734352686307
-0.1311122867187737
-0.01662294053318318
0.2512430391650725
-0.03131714735441242
0.12790013416088766
0.07490172727630218
-0.17440334624938902
0.11161700326409063
0.24591913469739335
0.08915894906281235
-0.23515872677270422
-0.0470008228043195
0.2714855617140377
-0.09040012098361223
0.18530996910801134
-0.18695155590009888
0.29024836911315144
0.1273310922923891
0.05481676328303649
-0.2155614047512818
-0.05525775565921065
