-44.34785381534987
-0.412836876509083
-8.416541107386813
-13.638636841698055
-7.459559472294928
0.02481620392217424
-1.1966518627034577
-0.6550386828366276
-0.2364723735856992
-0.14901295972843126
0.19758524928345217
0.44798520637592215
-0.19264686964771446
-0.5837141252706957
0.28028676381233497
0.012910846270051166
0.6477269615884316
-0.21971872145482654
-0.02182038405420171
-0.15087953477540467
-0.2873664717725971
0.5156872878977046
0.6005633841634335
-0.35956057981276035
0.23164641802131145
0.15289137286967097
-0.07007917370033398
-0.21563830160766156
0.6475068880597947
0.09158110025261276
0.8401303903707774
-0.6119663973430386
-0.2275501620055439
-0.08847508609595647
-0.1755922022637864
0.20536467652971624
-0.1737468427984984
0.3854456992553993
0.1260009587078939
-0.5419580478607509
0.32489255304582654
0.06575787193554011
-0.40370691974350575
0.07715761589487469
-0.1388992135124399
0.8935519045680944
0.10164868800550021
0.1975244185852269
0.008079541417705088
0.14992035597231806
-0.1681628013866909
0.16449334024456364
-0.2759577564487017
-0.43010142683964697
0.014497078195344272
-0.2886976402711094
-0.19094582742671606
-0.2558930787951663
-0.5671202436215361
0.08798858330880804
0.16001808286137864
0.14928255256919876
0.11454877013172973
-0.5158083152768825
0.004230145707695927
-0.33355467356485546
0.4730225421335618
-0.16974552345260657
0.20167970838359342
0.11569685322932136
-0.22421791020914303
0.11920710192881316
-0.2653159920564346
-0.11465438125041072
0.10149709135197595
0.18773550972177677
-0.013937108071396418
0.21652422630751206
0.12551756245037932
-0.5963497571861395
0.0691407397366353
-0.29629590401667705
-0.07541639959521591
-0.26790729373725797
-0.22942088468099206
0.0901155065497193
-0.23110868105833068
0.33133732472953725
0.12431509131375454
0.007164322315311465
0.33414602804950627
0.4256532359165466
0.22976579729293276
-0.5659084468161609
-0.006966101471898965
0.11362363105785586
0.10507613837084787
0.049882778968681284
0.12154114336034874
-0.07715850169482838
0.32437922677391884
-0.10196309333761859
-0.04041004089467239
-0.03185849212547746
-0.39726818224243027
0.4280007588248782
0.3192145364535458
-0.4771084816965913
-0.21911270761128232
0.45369642798824306
-0.2889953365934068
0.3492558078726832
0.09138216703680074
0.20329142613205944
-0.23601227527243418
-0.8214625189486215
-0.22600867901786204
-0.15229618086991553
-0.2943281738071532
0.6472783271079157
-0.4112038558502689
0.17316423928587088
0.06905779281362273
0.2857734593057667
-0.41804143830439855
0.3161108597621569
-0.10056529078062446
0.3781193719148321
