-37.49723387922203
-3.1861297233993744
-6.507568938055475
13.734021644320748
1.1412926231641356
10.533819633701611
1.6472184736814182
1.2476267500580076
-1.731221789467599
-1.4199323033942775
-1.8909086545086637
-0.9130932084264956
0.5590308709532344
-3.0740379013200356
-1.3365697264708003
0.3140266071446024
0.11426355204462062
-0.6607443652202933
-3.7194194824016775
1.5776655550357734
1.1874923425588062
-1.5037306766448824
-2.1820121192215844
0.34018437722941197
0.4850853785414597
2.9049885134285054
0.27916255090340875
2.8068320682523145
-1.1945166528802613
1.4179619662827798
2.373235627884639
-1.217754386794206
0.5759342938811294
2.0099763398998687
-0.37035673674118486
-0.0773126507939195
2.504008504065881
0.11548929602233099
0.984451880796577
-1.9237678315350077
-0.13913667505441646
-0.7579671184003189
1.7149807093474725
-0.49345549129632216
-1.2512931681460953
-1.0878679175805592
2.680238873644111
0.3876075912519223
0.5785293629615804
3.933168227852412
-1.2514319556161244
-0.8834411237365133
-1.5113237508435198
0.5171355711722125
-0.1499170052155156
0.8928382798627736
1.6134798022512198
-0.34698615662151955
0.4368007040699355
-0.7346002584607632
-0.3518914142187523
0.3537451174391185
-0.5875184689032134
-0.18394676865626244
-2.5361201141728027
-1.0170352226218726
-0.3233473564834337
0.3444838534015784
-0.25432500089639914
0.857654042775921
0.506494670245111
1.8112095962865415
0.06976645564922446
1.3482387239171625
-0.10079790085728721
-1.113536593110482
-0.9795275625325718
0.8599729929867821
-0.9768976881016057
-0.703620035359843
-0.5518088913083224
-0.7604649155417067
0.49167212348872696
0.264853473073937
-2.0934133997026634
1.7548744065340194
0.3960814971399471
-2.8992039659616977
-0.24721898208001852
0.05731335689396167
-1.1141202269382497
1.93848036205105
2.752643524503238
1.9627518020606243
1.081004537057971
0.6133823875922924
1.307362120555435
-1.3073167418323068
-0.670826078525252
-0.7091143789245583
0.3691900142240187
2.032603336849464
-1.9550909425132104
-1.0493374897347654
-1.411820220600514
-0.23598136406279202
0.17366501223014838
-1.2165806899110192
-1.1112264391525868
0.13863099054665368
-1.5318638471815682
1.3283579114668376
1.226266406304917
-0.06857855729939569
0.4846236743216593
1.5263733621355737
-0.763981500899362
0.4796816288617855
-1.3205527572437554
-2.2440697037818094
0.3471821286534639
0.8070456780493908
-2.196059721560037
0.795652020940459
-0.3497660509335442
-0.20247465502598133
-2.7456017068720913
2.2696819714760927
