16.4428571140238
-54.64973156970722
-22.66720739891715
10.709776498891038
-1.7487477514612566
-9.48847433994583
-2.0741383377026423
-0.4453142349967395
0.3764336187894686
-0.45699951388218374
0.3319707072077386
-0.1515103179180735
0.31277195870114927
-0.20215656762354556
0.1878231882866475
-0.16469697234919028
0.4166731846426341
0.13810533497036603
-0.2815821367768595
0.21690367924333848
-0.47367269991875705
-0.1032884750881193
-0.0817688099707314
0.12574372134643552
0.19065490442841335
-0.11882127287836554
0.3185522731171141
0.7977305441486026
-0.2020372356237061
-0.18229828416240335
0.11752851616149879
-0.263031658250804
-0.11546570588070734
0.025630494645881626
-0.15005037216102296
-0.4418448025056242
-0.21857306275763094
0.0020842737016033286
0.26698556164052734
0.049349726376178404
0.21246350531507652
0.19985491809936995
-0.04069613713429014
-0.3951107306218788
-0.31169625293367614
0.11876847438317574
0.26642379856490356
0.08457619418023596
0.04165374612537051
0.02642126731479799
0.06409253160866316
0.06477224787435824
-0.14205357227003435
-0.201117142112027
-0.3716694892562815
0.03134153816553376
0.010775875068099391
0.03978981895151176
0.10317290579678473
0.19286613974161435
0.5022956431359665
-0.4054593680914129
0.03671744642825586
0.2617441374868495
0.6431064911382065
-0.04814732665271182
0.0036155401798202425
0.5757967439205466
-0.17609934776358951
-0.3527965742990191
0.3416227763577383
-0.5236678723958387
0.2532976798258286
0.0917370557251957
0.10619076118905037
-0.16834783390098607
-0.013758410968526924
0.22027014813297205
0.03784242965380767
-0.04036695538198645
0.0770784337302662
-0.02980298319268357
0.1117128770427953
-0.048118055445783986
0.6780446899661849
0.0756251225888201
0.038678802305907464
0.12699205136675737
-0.24384455364259627
-0.7553901545022995
0.08388165079806298
0.017980647712421895
0.031786243662657684
0.13649758324158195
0.3262825580197501
-0.15783620859545275
-0.42283276629916194
-0.6670116182072344
0.1745049155828467
0.0989326016857243
-0.3803989928945273
0.417739261131776
-0.13253368822638345
-0.15276970288628436
0.511540960275405
-0.03637070769822889
-0.13345085025759496
0.29491960220256025
-0.2546798827487288
0.15271053668074736
-0.38058114244828967
0.04888684100566679
-0.15980898538313298
-0.1669752880148619
-0.14366062734613225
0.020209923675059485
0.3220179840847124
0.17412430309778376
0.07961431572678654
-0.4204378023777937
-0.008997251892677027
-0.15175500922011678
-0.10030534835898025
-0.06986864816885267
0.05420462894701032
0.17350351903128042
0.018616908211842028
-0.028356107704479203
