42.99647319439678
-60.21892136807578
-19.689603492425746
15.342548473391746
0.25024242958555926
11.067177894106367
-1.2455221901034264
-1.3672959417215187
-1.537985928572399
-0.10533467388222283
0.7235900593834348
1.6970016052643935
-0.9177464494769384
-0.8403973666285652
-0.07047840855016918
-0.15405996375058284
-1.7189580351665297
-1.2871284074362748
-1.2287726075484497
-0.9227151750559753
0.2022969111879399
-0.5098112045725186
0.6236199947567973
-0.13994677789391582
0.4255145335750012
0.5533623668195053
-1.3511642061315774
0.10544521913459917
-0.7553901695103219
-1.5467743819891473
-0.9077440322184996
0.8062688842371657
-0.46032645544530976
0.03775014405932248
0.41395868502990923
-0.3948410354996108
1.3874480553130768
0.3041484979665174
-2.3985441173938193
-0.4686160935815679
-0.1316455903549027
-0.21321549568873882
1.1999913097238364
0.0695974798564721
-0.9419683207750231
-1.146465539822079
-0.7603984313112253
0.17332679191806277
-0.26504375322540696
0.5287720502026882
-0.21908230355887717
0.5340286263307458
-2.363065905400288
0.5795343789444563
1.1491418876070127
-0.1258466862681093
0.3527029452536468
0.187841839625887
0.5235969533834159
-0.29993805760103226
0.12113804597844038
0.40953963631057294
0.24369189580014838
0.700601874868803
1.1583742872978864
1.141622222576005
0.9058259055969277
1.326763191461961
-0.1876003322293225
-0.640667294128239
-0.0822824730711607
0.15644760631821272
-0.3235826518181964
0.803009174508608
1.0521768004148808
-1.6179034499298524
-0.05622732374332831
0.3428252924938693
-0.254564377913485
-0.5056097276927329
0.1105350081520144
-0.4344224507893548
1.3504534711291976
-0.12260442333655719
0.4091478105163652
1.1467028759635638
-1.413701003729861
0.6598053009838774
0.300609128625351
1.0881639692829381
0.9616552325871455
0.7201990666343046
-1.028173536043563
0.5087670149529142
-0.3006775476851231
-1.0147081363686716
-0.44422278104218466
2.0827670440831563
-0.7053760944648844
-1.995435027817061
-1.3240692371549192
-0.8485605809464793
-0.5318110889420885
0.4286685023505885
-0.7718082740657688
0.7357989856777927
0.5341453497140503
-1.2430272899435975
-0.47298253845754573
0.5332418261640329
0.4239317348673234
0.5989112365289663
0.14066209147578937
-0.17331949151805656
-1.2556290869606088
0.8608322587004172
-0.24998671542441744
0.6269853905871479
0.9042085376623226
-0.012256066525990664
1.9898134501579166
-0.5734847589136517
0.6964460718364632
0.608541736179457
-0.40708506704576886
1.9734478026605695
0.8533440095253368
-1.7021839621229464
