-44.98189772204741
-0.35942124351069127
-7.77798483013226
12.430533251984857
0.2327678279954533
7.887877654990562
-1.8436505010431499
-0.6081970264304452
-0.003324249411188057
-0.7584127023002921
-0.2030587361458102
0.02497205110560144
-0.06479598947145851
0.10556393807630564
-0.2767962733494129
0.0891097398932558
-0.1323124042655876
0.18925023091483736
-0.25339593308897423
0.2522319227457317
-0.353158620396262
0.24064653198391933
-0.3361134401296176
0.2971598721208989
-0.13916343774548934
-0.05090523191025098
0.2494382969090599
0.008982806376662239
0.13362315307815237
-0.5577222028523268
-0.30327136489595624
0.3049764037571422
0.257740053663878
0.0029722101364491865
0.06623748238763028
-0.1794123016388903
-0.011354637340955931
0.07289453424474236
-0.5228498896905247
0.18292678797679285
0.03809856936926562
0.06339949800617775
0.10156552576235729
0.13462477944466883
0.10570039940626486
0.3274611572484635
0.23081524424165195
0.12616975241171202
-0.11168423645650338
0.1337380174737523
0.12704095973794488
0.007051920158908043
0.29008778692983206
0.10755262613543717
-0.015595497183272564
-0.034302312111807134
-0.3796998766947833
-0.20630796165926227
-0.023865328447294068
0.41839351478908404
0.1311161342226726
0.08271941417752487
-0.16840396482264916
-0.0761931444255709
-0.27445004504265724
0.14600158158511484
0.3128079958119726
-0.30643724587698645
0.09356099344885031
0.12413918190569856
0.05910513925759938
-0.2976716398821658
0.21940769693103934
0.14701177088097045
0.03973786122644778
-0.11879710648696536
0.10711374147522973
-0.2438140257296067
-0.039654319697905706
0.3901274585302579
-0.18436216728777305
-0.047790086103785434
-0.12514777618981335
0.08380156463245982
-0.34240355957539836
-0.07589059537622582
0.07786448012703699
0.021863294318828237
0.06551417016888052
-0.07594152445721333
-0.19270003973551747
0.2636383438005718
0.5147367180793536
-0.03254647218841536
0.024810612137914734
0.1326707361114978
-0.1797039510130638
0.0623850613919113
0.2651969565165591
-0.2511101735456909
0.04337552700757591
-0.2124548355263528
0.1465956123483548
0.025571442463347634
-0.2906461029735276
-0.13896803085666523
-0.14994837012084428
-0.09883530682371246
0.013525777857365986
-0.2581854529269617
0.21985994224281113
0.08988950507551426
0.19605723697715696
-0.17439252189274712
-0.004935434750047062
-0.17042086583571656
0.04827381582735932
-0.16263784845946885
-0.04388181141489589
-0.08710292529355435
0.2555237605041812
0.13880581019708468
0.05314819641872616
0.2545458552710974
0.04608059704932024
-0.168499344231607
0.000926335209089444
0.3062366416965178
