18.87210356365922
72.6969563527696
-27.472098936381983
-11.150953451795198
-4.220300251871404
0.07974207441735713
3.1526134150677096
-7.490274702350227
8.365712754257927
-1.8962104917770433
5.149102608808155
0.29254658142137707
-0.5984579481058345
1.9388325527794468
1.8658622189117549
1.499528175485104
-1.7907084474938624
1.4232272152504561
1.1653581718404054
-1.8868695732773315
1.4387012717461916
-0.9393645296912112
1.498773317844125
-3.407052910083568
-1.0127985414154848
1.5495886608851361
1.7999331080501308
0.9766736826237193
0.514171122028175
-1.2754105875618225
-2.541764889869373
-2.4568390652696444
-0.5255053850374702
0.5827342380452999
1.39394914040456
0.15240390504139284
-0.355745246040304
1.8842572932330688
-0.6129112007822097
-2.8602659676802635
0.20307591261274974
-1.1512198431865082
-1.8910053074054667
-0.30588533615539826
0.2134886771371101
-2.2845905397987147
0.7230537294871414
-0.19754728004692415
1.812497247029341
-0.11768711737369103
-2.296929731672959
0.88473880877725
1.3121334163308576
0.6786117923682309
1.4303994797675093
-0.1209619979421836
-0.494991810558236
0.4526668376107034
0.4188160065999871
-0.35985170433677016
-0.9705105231965561
1.0468998083805983
-0.8125624733981573
1.1119520336270852
0.43540709028729035
-1.0652875622366
-0.5998783739628082
2.3007835363315703
-0.5489535492640476
-1.5018338043106483
2.522892086506868
1.1108638566988853
-0.8868569447595251
0.6614571198509398
-1.3628269430967819
1.1331648211584602
-1.2353813559728373
-1.4083011366593436
-0.5339377250899017
0.9006980179401911
0.15945769365137102
1.5562255276917674
0.24558993942174595
-1.0179601510902583
1.1901732116637818
0.3310934917652506
-0.6229061089876291
-2.860998939309755
-2.139674489312085
-1.0139271527911884
-1.7856235840077337
1.8944469651526588
0.7414989005451498
1.1083981919842223
0.439367414145523
0.39648504403325546
-1.0429024628098502
-0.10110044968589371
-0.9021489703029418
0.039295069227214485
-2.1292507147868
-0.5345272461086332
-0.33968378918111314
-1.1233904156662118
0.2548346137441063
-0.07560937103403209
0.7270165982105707
-0.67233146993529
-0.44371346822092145
-1.5742475100080011
0.7086313144992769
-0.850698094181759
0.54734620162925
-0.16093522461029025
-0.8401927083968409
1.8717176275224092
-0.910840797325916
-1.2801025239589363
-1.484096507639296
-0.0055817746325328085
0.30238340981994904
0.14261456678247372
1.6352093676748354
-0.44016252407002143
0.23753332293693055
0.5976446390367735
-1.0668436756506983
0.8540081784355296
