-40.41193597859119
-1.0914493742118863
-3.0697731653754703
16.119132152494423
0.7624054842397241
10.14240981329922
-0.45579354647999704
-1.6810175341379079
-0.5581039366976439
-0.1997013077197391
0.27372390946120156
0.02564518111095139
0.002613634608516685
0.19838739042215964
-0.32618687737445157
0.5855590578415195
-0.2753505919250174
-0.25045094266152673
-0.18104529851885326
0.3955609691130725
0.021844247487305624
-0.36550377180511046
0.0866218676090949
-0.193307883383506
-0.10965483179335161
-0.23123879003386444
-0.2986808509209914
0.15063237392289378
0.38304150412598703
-0.28791987143680026
0.6349550773195024
0.061708441751444756
-0.32714427516397077
0.09014517434249757
0.42438181049732004
-0.21767366351119044
-0.17330864537054008
-0.028407140582138293
-0.6375200626178039
-0.28937656741618495
0.0062540484475034006
-0.4249056369116224
-0.04069476517419186
0.611296444769455
-0.06332425036608536
0.16566092185850406
0.34422513841684593
-0.3920857018144333
0.4811320406555244
0.18952026033975022
-0.020897683081526564
-0.20342987267092744
-0.9561966948744967
0.12337033584043976
-0.21733597554102996
-1.1359324231382677
-0.06536016774751245
-0.20311223826182567
0.01924085442852687
0.5829313346154329
-0.19985198784556613
-0.20309617378723155
-0.3532603529359105
-0.03788088750396992
0.08652339864427919
0.26903415820244003
-0.2693875559642163
0.11090233535464065
0.47747537429409187
-0.39540185348241513
0.9889753109941897
0.3023867068402324
0.04255075949230262
0.03319923869071573
0.37583079141577314
0.14094005337256746
0.08325813018680582
0.23156687943789067
0.05143319346427246
-0.5505334417999018
-0.4177965125960033
-0.13035681575912522
0.08204159172434494
-1.0257504592864073
-0.19202037585348783
0.023803120463878235
-0.03699927648890282
0.3853427987547959
0.15122215743337405
-0.07797514563271687
-0.34382371897192765
0.025815086589307472
-0.4845360704891389
0.5621823457753864
0.1643704758483473
-0.363331585855885
0.4961231782350521
-0.004888311297724546
0.0997780202099137
-0.37964243158003147
0.05275616298134025
-0.46589483702425893
-0.30606330649864577
0.07865533889891563
-0.16170981900694423
-0.22796889511386118
-0.26161867855268534
0.14976665512518222
0.06687466191987669
0.03642359297645305
0.008403199268761643
0.7016772769865605
-0.020122613292598762
-0.33445127284345955
-0.14609693515675326
-0.19702910026784082
0.10533075372174108
-0.5397029199620997
-0.09021467389632656
0.07208461042437118
0.1247310494903666
0.015140223929470224
0.34945508565424566
-0.4481699297606128
-0.11612672559678795
-0.34335579273093125
0.2815728128632861
-0.26660114503126253
