-13.949430574144797
61.05654821276094
-49.803232125964456
-6.48481299960437
3.950848947176723
-0.9937090488796516
-1.6479121178362377
-3.869379810700557
0.6499945559698928
-0.5746831705917091
6.221026315560615
-2.1842580226159893
1.272451704918489
-6.954210617138216
-1.5896896646202607
7.041232442939549
8.062433598529175
-6.71682398569341
-1.7906004585267778
0.7515655636739911
3.1187935496558565
-2.476471497280541
0.10465563127408914
-3.950502041093127
3.5629620427626594
3.74153778455564
0.17079665744381783
-4.656307278446986
4.118876150002666
0.7587749006439592
-3.8874306776987693
-3.096729663692409
0.22436459059017796
0.9748023466172424
2.5698337672465623
0.706157065136185
-3.763706596201313
-1.5950720864174723
-1.3388911552001799
-0.21468561122468977
6.310843192096594
1.79569306873017
-5.161451825923167
1.3550715734877692
-0.9809615099403539
-0.42872622426634616
-0.7985871301831288
0.5118684914715201
4.583453664542701
-0.14016567778128539
4.514139087759357
-2.626279098405404
-5.372731314087574
2.376501980099359
-1.2637420048426549
4.126119986048949
2.17944953440865
3.5642996158980167
1.1324084886190453
0.060957095882841796
-2.1160565178523436
-0.9204629184556679
1.0577979379941147
-2.126083245173089
-3.4268690027643163
1.2417519345198451
0.8482718808846913
-5.171019053839692
-1.32584982363724
-1.7035781517689275
0.12145667643503971
0.862088359258409
3.3410614094882987
1.8746431603289984
-1.5017820254694565
1.986559591547393
-3.5238698835624533
-0.38125057706018806
3.850656803456841
4.751199576906536
1.7807445811200937
3.0178971042435374
-2.6272117253211715
-3.4353134918485755
-0.7467538959710055
-2.824595307009928
1.2326266271645085
0.5486133465257572
0.49878310768386824
-2.859487182557195
-1.294180142210254
2.494929146054096
2.627309509919116
-1.6131387048797952
3.9802988848923815
3.375333277163967
3.582255653306068
0.7328127268846235
-4.13055457596329
-2.675469105548308
0.7403580569900816
-0.6740569350539929
0.9685462519088212
2.4426917764703022
-1.3180143088825953
-0.5783760880998511
-4.365226658354762
-1.0100231577927385
-1.8539502004302415
-2.2996530016634167
-2.3627400456578886
4.144877761702361
-0.22848121862943657
-0.6156058207068194
-2.101323070935479
-0.741567536931949
1.1282674652891909
0.8298915344177724
-1.343148946065341
-1.9413420659575262
0.6081308878302125
3.709681295349654
-0.896595327783549
1.413010470226698
-0.33499349963202363
-0.5097704523779064
0.6332023522654211
2.7139202736958343
