-37.39598068001771
-3.1808777830812938
-3.6551058694042955
-9.870021293817
-7.197792003545457
0.7857498839395829
-3.526451435444668
2.2195116992684403
1.5931173999377881
6.448186619805518
0.5268891313749301
0.51835558633952
-2.704687766791439
-0.724193872046136
1.1246943775153173
5.810229483177517
5.057868657551073
0.16528711668226878
-4.971820237767075
0.7114669241782006
3.1174795240202298
-1.2972630064965158
-2.9778884431208033
-3.741881768594057
-4.709163252243146
-0.48056418312810056
-2.8649922328313138
-1.24957111899171
1.9561890104187556
-1.3382239621630427
-1.258233285784318
1.9473463216196072
-1.6596531268311234
1.1411912291630608
3.47091989735218
1.0049721374834024
0.34896959271905637
1.146863382413166
3.361452728672892
-0.011734120239326074
0.7401758550718145
-1.6210099039177304
2.002728640674611
-0.7980335588261779
-1.4018956687676893
3.3622265923995234
-0.7829873288043059
1.6541669731956319
2.4601582931790085
0.8633356584548246
-1.1083129317078875
-4.064180354472058
2.716779782459893
-0.3059321936149532
-3.3321420285787333
-0.3520663349570455
-2.305257779367431
-0.9268026167257774
4.259105346941942
-2.5436563456105694
-0.08570682229060482
3.2430960195958884
2.6066813890348377
-3.405818412876982
-2.925547147048436
1.4125055609797619
-0.8884383332150744
-0.40954813867549483
0.14631060624455047
-3.588369010397571
1.3284314214602475
0.46611782038043914
-0.977232471312373
-0.7481274231878086
1.8234995978142938
1.246251791528258
0.5184628269722312
-0.8218123036372229
1.8986209371060503
0.6434008174109003
-1.242231222009979
-1.197481651755074
1.3737808085481766
1.4904020291629991
-2.6843591047666653
-3.7988616184218302
-1.7468657120695144
-0.08003829197490853
-0.5762615570878797
-1.403298711942326
0.44282595555647336
-2.5348194807824407
-0.719005005769091
-1.1223060021304592
0.27558425446987045
1.6137753356854945
-1.4568259634158158
-1.688290144496258
-2.049592857610078
-1.3919398564694156
-0.26667466962325737
-0.5056681010990656
2.193616091776758
-0.1861919497593509
0.17304325293467018
2.204202189504117
1.0834287514826997
-0.09607909335621674
0.46681002989774345
-1.135768628414711
1.6527814027916412
-1.5106958072604557
0.7463735267201658
-0.7083124318775393
-0.7715214593489123
-0.05023249344603126
-2.9616546629153193
-0.38794092446776407
1.377291527699724
1.2830801316279166
-1.016541170878704
0.9396318167634966
-1.4818724435809905
0.7903517869697916
-0.6248957075127741
-0.7121589153136201
0.36259158433772465
-0.4445540758747722
