17.239685820178124
76.15716326002335
-24.05776216618721
12.027137720478379
-0.32989914295390715
7.26033595358283
-3.548116779624083
-1.339511901458573
-0.5774584658072489
-0.4504671464924864
0.6697436152346519
0.8039703867139424
-0.4094990463134004
-0.4699016631134049
-0.3080675773861987
-0.6271263682060105
0.42820103347428484
-0.3387224522334269
-0.2512752242086751
0.536084467323131
-0.4620669321426041
0.45133580882567864
-0.5561168579515858
0.16921381438514266
-0.663826884151736
-0.5410043787709682
0.6773898128225961
-0.10036704004807384
0.6506981624775983
-0.1830086909127974
-0.12156829341815625
-0.09179581531594233
-0.05847957511189558
0.44443667474050286
-0.7687734139904253
-0.10989737932791521
-0.5013137792440304
0.2479617086302142
-0.8529827816892679
0.07224780246307488
0.2649641018326068
-0.3609742854610627
-0.5148966151968685
0.5012627689809868
-0.5885149436011264
0.36123783212187344
-0.29447030866240037
-0.292611655801186
-0.17166096495207822
-0.13157856419774067
0.2323542746519856
-0.6310427684282885
-0.15278503912852268
0.1278466248508316
0.043142575095007074
-0.1979553552414512
0.22644851890702947
-0.24900921205461413
0.6742697297703565
-0.0016111338937522199
0.7755423400371859
0.3871316565000263
-0.29022914911192366
0.11268861199932345
-0.07143175591340128
0.2649342945563998
0.33477078902839247
0.3780735190752615
0.18571024318932092
0.11735126914782788
0.3864756308334788
0.32101961835718085
-0.34925032377662096
0.16224291588829384
0.3965916630984792
-0.14042387257856737
0.2052557586927617
0.08649574751897382
0.07728955783554858
0.7419747905107219
0.03356734240638559
-0.19454589634293662
0.2338071766355289
0.05720043430466997
-0.12268927839592782
-0.37480786855993997
-0.40146382218597115
-0.28630133697966315
-0.11538379210845674
0.2128755813019614
-0.27515321589633795
0.10361714215245073
-0.29180429017385556
0.21315333335785797
-0.35858158885989155
0.1338384110800864
0.3056483383456928
0.14137235497166079
-0.5665194551630152
0.22924734523682333
-0.37567827877396387
0.23025186668243844
-0.5506850448833401
0.07941270658880202
0.198970775488756
-0.5840245642060573
-0.013445301387599251
-0.43453901499232583
-0.16695697999508669
0.26669817254906614
0.07887777876038482
-0.2133365913805523
-0.7060695531928715
0.33892430145928154
-0.422091886036957
0.36309144735470833
-0.43975603637759025
0.26259973509020346
-0.06500643586855011
-0.4953065933293682
-0.1445341980793431
-0.17174371668592592
-0.20655830899381838
-0.2632919387385206
0.0742690569609772
-0.12894550704477706
-0.352949320149855
0.0840188172981225
