-70.91733116350991
-0.2813957859102629
-4.628428593658723
-12.30672527491287
-8.44463510624443
0.02038112337421416
-0.5955631228317826
-1.232783745399515
-0.27903364773644207
-0.4535757334993029
-0.08977286800842987
0.07527665992807049
-0.33128589055096985
-0.31496151723036336
0.0984521949591354
0.3430162644862278
-0.09063407105254254
-0.1409585994214666
0.39551082929601594
-0.20193863550343294
-0.29263107794362114
-0.04065395666994029
0.24245351196215476
-0.3747750635580383
0.19699846491491196
0.2854652183823454
-0.12800988176658484
-0.3345726195719816
-0.007299154342645216
0.2168080853223055
0.12931001891305605
0.15458314454655137
0.3721111306062772
-0.03547658210088779
-0.09243694666416899
-0.021830984938641988
0.25615598708898535
0.11546271974676364
0.13980908122283608
0.10955492513350273
0.1973954959714571
-0.22935232034289865
-0.08709248218551147
0.18394808094214166
0.06806645641125733
-0.020274439378076263
-0.09900404262496518
0.14833532709114083
0.40999717253123813
0.05887787123889113
-0.15768473149151035
0.12639509345337716
-0.1482213091513239
-0.06009184758232808
0.06388373702695035
-0.08228993384428722
0.29729010058899974
0.03782297905854567
0.11007491293361875
-0.18008234151884614
-0.003447398989670593
-0.06642967821747033
-0.013240409782189128
0.09024760632841211
0.14197347882348818
0.2194590212638609
-0.05228860990726493
0.010085168962301605
0.2199105518317293
-0.044176233227018497
0.030053192629539885
0.007540726326495828
0.021470136205769846
0.15804023518848653
-0.05672782108313746
0.268912146177211
-0.07064528860701372
0.03698429142983472
-0.023364721778792077
0.04266394388807185
0.10029164146662352
0.03264202423368909
-0.07850829179218505
-0.1830436861358958
-0.07184821840381275
0.11067128107075686
-0.24341947298738706
-0.27850356439085006
0.1661866094367434
-0.07601869272469493
-0.0017474633147376642
0.06903570088736477
-0.32731229169267195
-0.06275223721838867
0.14276122774392944
0.02924625127641743
0.02315031225296696
0.12142732708434288
0.08406271742830063
0.05347335194218496
0.026136002372734737
-0.02550534780173282
0.12204159783306798
0.2981279245572716
0.016766606651554106
0.12081527649348286
0.14380112749840115
0.14187225594835057
0.007192398886731705
-0.004213359912000406
-0.010107293090951569
0.07727620910297027
0.17534483674340465
-0.2835178256916477
0.2637455661756527
0.08754334533807075
-0.1499281469673582
-0.18172408473994528
-0.06183198204645703
0.21301136301080437
-0.013400009738494633
-0.21833190692703155
0.11054561814935288
-0.024343448662256004
-0.23471222442478024
-0.06611187153485988
-0.04877941193116149
-0.2566978398750898
