78.14262438995843
41.87232534357816
10.48620081955739
-5.557090829920208
6.343601412526311
-0.3970974679007728
0.059611275508089756
6.420495243648042
-1.7278897198888326
0.6676128584365977
1.5113437289575937
-3.1270625086998027
-1.3213057920326703
0.721171513791048
-0.26232380767747115
7.9857824408233755
6.359969187484592
2.152670170667265
4.973075597556145
2.794157006759297
-2.1550500927577456
-4.121683009400587
4.406697113163316
0.7673402603722712
2.039812121424371
-0.6883261894382935
0.944374766145001
0.48472960763044365
-3.4945383889780683
-0.4651894395240916
-4.79054847496552
-3.3881712983751853
1.0075071422425002
1.0824083858115092
-1.6892747589986907
0.8811612712544643
0.2413082604716577
0.2930434718828604
4.25617959843763
-0.2285165578076166
0.7371189579185911
2.149413603407602
3.539475010317063
0.3723763004963174
4.2409249188591955
-0.5462883538357062
-3.0163418016062433
0.5724857377454783
-2.50522340389187
0.5228436594819369
0.7440223212396855
-0.6113241470606454
2.0501843262826194
-1.869404757568941
1.3945157520404556
-2.7898225907068617
-3.0489583045720448
-0.6776212861469373
0.40194985515530746
0.46453090963881855
2.7224895645788676
-1.3066694233997302
-0.7322853994442705
-4.600920823717806
-0.5421700709714564
-3.489504952809554
-1.6521956692557709
-1.0999693033757372
1.5168523469412485
-1.989310895173039
-0.4649640326940766
3.0353394403313003
-0.9217041507290578
-2.8051772940259676
-0.021189207898174946
-0.7525583896669884
-1.0647796613898384
0.12586263026136646
-0.456869170963978
0.15290256772963973
-3.778383533078975
-2.8014870960827767
-0.48083236042404076
-1.700872683135991
0.4140098240839684
2.582877957760045
0.2718621510994444
-0.418179281324036
-4.180663193764663
-0.17884018667661053
1.8224631266615363
-2.3078279412797547
-2.1014927959676535
2.7749288855276752
2.0844323551459314
3.043601839843861
-1.5107156209399233
-2.3695304394801067
1.4575098195532237
-1.5642858941910724
-0.3728188953733472
-1.061695049984856
-0.07244417180703959
-0.46958362064948467
-0.7200261451784943
3.071846082958645
-1.3166115846136066
-0.5959937898171604
1.5321436568972968
0.10287539653692845
0.2739938547992731
-1.9488973818806734
-0.779494162501575
-0.4588880374246043
-3.521854924313649
-1.2301628777912388
-0.12588400350728532
1.2998058984114844
1.9855936355220296
1.4649056009854737
-1.6867625434653768
-2.105973161189594
3.9753514567972434
2.988787370997712
0.057754807432286226
-1.6877370643513612
0.7188645391486664
4.606643775401966
