28.84440984308951
-63.883532772056206
-24.550798577103695
12.739893146486153
-0.1368553631589113
-5.07848096267253
3.845996394115843
1.3106580191557444
-1.1517275819070065
-0.07072920839009572
1.0728901362774206
3.0308394739738365
-0.7366245847163665
1.262844600057582
7.746809327816203
3.022875984710201
2.8296909926394274
-0.08520457401939827
-1.0910212693565366
-3.0670182893975313
-3.3791636244784913
3.141147820930141
-0.5276140960440272
-0.6811133569170847
2.137215975779774
1.55664099048854
-3.2664316168683105
0.8344624501431941
-1.4991769980284468
1.1964587749847493
-3.9513080736143102
1.6523263377429669
-0.5234119173461538
-0.22533763764599601
-4.593960380995785
-0.7758839850928412
1.7235475176265642
-2.382428639990673
-5.5576105467042884
1.1562404906501098
-5.2695596293776275
-0.46223047301460785
-2.0938076194932838
2.0819170981042316
1.1059986934693613
-0.14771309169594798
2.2454679341347674
-1.196198106496455
-2.811082234751176
-4.21916054810418
0.8826957394600584
-1.8989535588290574
-1.2789770098761766
-2.679776728557365
2.2911241944829235
-1.232993563934091
-3.3856902713137815
-1.0204731986023634
-4.409399238948516
1.1459243792752887
-4.673469414486223
3.997250882290083
2.359976116702165
0.32980369422225125
0.7351563677175423
1.5628488780146563
-2.9485470587935034
-5.501832821710716
-1.5307430678209903
-2.8176445192031316
-2.517380318265526
2.037984955555461
1.4387115098244867
0.9492985429940892
0.23163130236617602
1.3033324931989991
-1.8157174602664465
-0.7916622608309127
1.6606241124678909
1.2754597824698009
2.3888764709075074
1.1380968555666933
0.053757057893879495
0.9212166921587729
1.0015269178922621
-0.8170176396440911
1.953870599522968
-0.3350699146520932
0.8456549689106247
-1.0866409523363079
0.8662704845909477
0.6626009982490042
1.910371889166975
-1.4618655102441436
3.8710445463203893
0.6615972073355432
0.680911173492996
1.9009435292203456
-1.3855157396508666
-2.4675585913808415
-3.445139662174999
-0.17667047734436214
-0.02166071730116273
-0.05376088925797651
1.3835399122159109
-0.007408396088816632
-1.710372092305923
-1.2652385378026825
0.402052475582121
0.5561570888766578
0.34625680310223456
-0.12171811435047741
1.544198885954951
-1.6690099475714184
0.029949511625212144
1.532284575476981
-2.708573978091171
0.31689315138222807
1.8179419654835491
2.09033553980288
0.046998842735274514
-1.858937590674778
2.770022431067161
-0.6588644700221421
-1.6369035787877046
1.6114993507145132
0.10728202447161655
-2.020993089882046
