-23.669219686003235
82.05159903422498
-37.98124786544989
12.384450394962021
-1.193863231028892
10.832639470663423
-3.2400896243193116
-2.6327998560287664
0.7228664456211706
0.009630054419180134
-0.07028455830303582
-1.4180174981014617
0.48316957504901636
0.7395984603016891
1.0998984939413332
0.9657447320527689
0.091077653460221
-0.42695971521325404
-0.5338394725812012
0.08720695420413084
-0.3830932111322171
0.3025138758659629
-0.9312396742157905
0.6493740756133244
-0.4012855634515085
0.4677273796310796
-0.16519541662235676
-0.12852682377658103
-0.5182965750468842
0.37714178505530965
0.06735057096535216
-0.7217356930278189
0.23362223219344816
0.4684608576003717
0.015864740266975486
0.7242705119748352
-0.10171718540824985
-0.10579123778016403
-0.35329722519258006
0.3314945242620584
0.021532100439469987
0.5793028371212168
0.22206109793989642
0.1096726641700766
0.389955026657461
-0.15783578784999408
-0.14979172232007038
-0.039379375795202204
0.4098853050663444
0.5553261256152824
-0.2158948937669472
0.1453708335581395
-0.1912014251491953
0.1162186040977387
-0.23948297099207153
0.415517808219767
-0.5299988391307889
-0.004548667531206557
-0.9125536083906884
0.1827439604111154
-0.1045375442349142
0.03550286531289443
0.008536574881044715
-0.31876052622776735
-0.11825346667236081
-0.10197023624157933
-0.4744058067460355
0.44547407070380934
0.07938547418788118
0.7621940313292227
-0.40253675130581335
0.07004780174078622
0.5475956024728363
0.38241600892573924
-0.6170175093113165
0.057842419463860414
0.20988670679953403
-0.2669166416172025
-0.6772200754459461
0.20147317261170333
-0.47727988644146346
-0.14471845220904117
0.553262300016266
-0.5211311767539337
0.06332305415399547
-0.1588777233633572
0.1640948069927963
-0.0146188401342002
-0.20188934424855082
0.5941559926763925
0.197373563465741
-0.14283351335230932
0.2553695372069785
-0.19112387724104832
0.03634921554016596
-0.3649411577782857
0.043662721934346144
0.5944092367404972
-0.28847905426102
-0.3933109968592539
0.32862633128859675
-0.05772257834555832
-0.017455513474614215
0.014121906963146469
0.02194128736713719
0.4860420379239649
0.5357929882418482
-0.5384183430462645
0.1255004052561987
0.4621756434891898
-0.1053864845755432
0.5047588759340764
-0.5364800673181014
-0.15322579153885466
0.3203546146168105
0.6494013253366643
0.3540935566363354
-0.22653256985898862
-0.30517280485844894
0.5275471540312904
-0.29101184805407154
0.1636545294291208
-0.1280861647484709
-0.5912354181208191
-0.0014511359246499045
0.28338986241112796
-0.15830768782087495
-0.01146433773045892
