31.42464540445523
-40.555305788845075
40.5708783638662
-12.172351071624709
-8.347233129976262
0.8748062147515023
-3.6942995059452137
3.3861355825901627
-1.1222946389629629
-0.34172165846028935
0.012654536587357962
1.694743953484768
1.849713019711842
4.110564832744712
0.932814656452561
0.4445423718205604
-0.0038835298860281364
-0.23766658366674773
1.9302663684084076
1.4772291289451873
-0.5096331381723141
1.242045040431577
-1.106091591450946
0.9793325152381364
-1.1468777207880314
1.5695761171462248
0.1982353117967961
-0.9523890294264328
0.04341111987361006
-0.9519509856094128
-0.14219025782024286
1.789904743703313
1.4699879074918194
-1.2179663572710968
1.4187247917436907
1.0967989463686045
-0.5209864444840304
-0.9093990860094114
-0.9380969326567404
0.5892961098597695
0.03602421175433557
1.5228502515104452
-1.5146937353990364
-0.6137097662359539
-0.5531899844047337
-0.9196817838648474
-0.22967900965120447
0.24602496159486786
-1.1276531140811012
-0.03196556001989002
1.2940889535822229
-1.0427619005484434
0.02299779281501703
0.969928339320191
-0.30674375064295106
0.3379917092536553
0.5740350751108086
0.5329758431473788
0.35988348643164225
-0.5572510591186636
0.1979091214449131
0.851196782043193
-0.8401971661107562
-0.3408517825746583
0.5187003686722191
1.1317537450861923
0.0473287361928172
-1.195292101552587
0.46006429260670645
-0.748975665354399
0.16142815365226135
-1.7061080814094205
-0.08886942828434356
0.7502681196367207
0.5959454385823252
1.267777449402195
-0.36790318975721303
0.8980216831030927
0.0611843682121566
-1.127235370571562
1.3559531624652401
1.6126396952227056
-0.8672875505357708
0.6278752641453423
-0.16913151908661384
1.2015118256389117
-1.5337372109242067
-0.04622802678058424
-0.7114400073299995
1.1278804542641598
-0.568137708575421
-0.13691917932827735
0.8919130125824173
-0.15278404004334745
0.02492750994906981
-0.042112212292755184
-0.3106693860926445
-0.22914430864671592
0.20087672472195173
1.8299890209012855
-1.7321772481228999
0.9093580403043113
0.6652802150568274
-1.8920962318125476
-2.114539736632715
-0.41429571098057527
0.6206013238275536
0.45787917442875303
0.24308518185138248
0.7926765419043448
0.2878406431360393
0.11718228114474
-1.4555765761115718
-0.36746434747929646
-0.9019315758360615
0.4281949127051522
-1.1431678979763757
0.6623531392547362
0.014847958391167995
-0.2006062836826507
0.7607257971930848
1.2845924645198943
1.0504118729460368
2.1000311934036984
-0.41638367446159935
0.4555733196401383
-0.18385893284293398
-0.01285585787554297
