-71.64158230556762
0.2901688496019253
-4.894413485481451
11.08937503490254
0.24870192008533076
9.135389600612271
-1.86282373235303
-0.3875095917512425
0.5971271371119782
-0.3690526298162442
-0.23811386154851752
-0.47984351063786795
0.534487533952209
0.09575021578124925
0.4543254604271757
0.8706014228278739
-0.013133811665396261
-0.20833841094307745
-0.27166039647335566
-0.15224804092636327
-0.39244967119937446
0.011885858898130153
-0.22705180026538585
0.405568722673593
-0.29385421393415595
-0.30093583550825914
0.3025354433296301
0.3348828287857988
-0.26704918815150724
0.25410536275614165
0.22421111498290072
-0.376080437919347
0.20402350465645364
0.12412229265499614
-0.17387646991435504
-0.1946316184884469
-0.14920200598460706
-0.27716270694561806
0.02448547828871634
-0.10562835882005285
-0.12681156791456033
-0.16853347052338832
0.30524436299088675
-0.09870657402838803
-0.043795665076202334
-0.10047344633445902
0.007881982428634415
-0.12435640924851732
-0.036467645237893365
0.3564186080039459
-0.17955058412384836
0.3370150953868881
0.024729353057495324
-0.06495536889633544
0.3240761158131502
0.12255329862220564
-0.22535490061466945
0.014359858442679493
-0.13738382581801123
0.022795611965558245
-0.24429887125110478
-0.3852932930027916
0.2973705473638685
0.021192592420762713
-0.2523579865550815
0.04499403713918816
0.0026073677150271757
0.04779790530487889
0.1467690301808119
0.1844539109738224
-0.00563712466691299
0.3311480494672538
-0.05352131263747022
0.07240496470297722
0.17148906721738216
0.2108498654061165
0.028323232159071732
0.0275327884103458
-0.18290309010575936
-0.273666934081036
-0.09022360213472441
0.1971202973815445
-0.03905749927091878
0.05683939312216567
-0.1555165237615498
0.21770053297473574
0.3966357470604454
-0.3289622944015365
-0.1278589903565962
0.33039179965197124
0.0026929825505080593
-0.12183697063860185
0.2922920269626989
-0.10888461395015803
-0.1095444981818138
0.15947873137942706
-0.30024617503953965
0.48803507049720274
0.14562153660367283
-0.09896862283124334
0.15689213092651924
-0.09251921189216714
0.10314352215316519
0.10860471338838908
-0.06684396352277314
0.39870921648780233
-0.05085907819146544
-0.1735253526445549
-0.27842428904568545
-0.07449251018994704
0.32499793224848916
-0.11753580038608759
-0.09660871522494718
-0.05647026793149382
0.07772688173539066
0.21533811852554513
-0.3476902343990359
0.13197755664731003
-0.32006325429858273
0.027825515286553054
-0.1536973243025292
0.16692632324341572
-0.2594392651141408
0.08035270011404247
-0.22835505026129227
0.36006798945015184
-0.32913128977887585
-0.351775159791449
