-45.825426934405954
11.530401274076151
55.95941924575635
7.946540147351371
-0.033717822248373885
6.761905886456226
1.1316458147708488
6.1886389007562075
-4.4589474186379485
0.10050896058333625
-5.589950799743287
3.3357707335022706
1.4315705866275537
-7.178804163853318
-0.6591678264153791
-4.888511518504774
1.8177522216817559
-5.724014230595366
-2.902069060119288
-0.49321020322982334
1.6563661088106065
3.698351957088877
0.014791873395932617
-6.307612900051676
2.9662386528084683
-0.04080567777875471
1.123382472375304
-0.9214698243368229
-1.1779064150973941
3.881541348107938
0.4337098926125338
7.019523571895238
-1.93153496999368
0.2820344503686365
0.9626468804392323
0.6300816312312966
-0.35717540514404195
-3.985883915037434
-2.5933850547604287
1.272880158966057
0.07204058211191786
-1.1343004523237703
-2.662755497525794
2.648359177672731
-1.099196728061072
5.086501764388643
-1.9472068086424803
-1.3644714629771233
-0.4440187806278951
2.8432875753998865
-0.674992279049671
-2.0175061228508855
-1.711607031852488
2.6878172543171583
-0.530480193552102
-0.8500939333361186
-4.106328931535043
-1.07819083833593
0.9829691793325063
2.061012342217012
2.7969773693014375
2.1128167434808396
-2.1283623811671806
-1.1972885849599322
2.1884826904932972
0.5540225173302402
-1.509587982407599
3.1474978328908643
-2.2539385889318915
-3.028224203866745
-1.4390604994921763
-0.34450507816306464
0.699286415856491
3.3390113691031718
3.1548227282839614
0.552509894662992
-0.5809300830639381
-2.8923083245728667
-2.8622982965785666
1.7375415341753027
1.2518435271933916
-2.5089160585246066
-1.783867931214609
4.186353181705204
-1.3271751915782077
-1.053453240480288
-0.9668042646683871
-1.2270660334740349
-1.644891222961989
-1.9403177173735087
-1.2735151540364207
-1.94622586152851
0.8556860091007331
-3.258477388867992
-0.4096101520756703
4.209471906096876
1.0447436708710618
-0.9963920179850141
1.0024446455668943
0.009106270273911116
-3.8733425338715093
-1.6427263604769449
0.8020609153480529
0.7608513197852558
1.076193288206064
-2.1085799477014917
-1.319249230560125
-0.6755537404455566
-4.390172799063497
0.3296457484459093
-0.1264272167089817
-2.321523342683641
1.180128768125242
0.363889032504667
-1.4935049223524
-0.8308794642061303
0.9951762075851963
-0.19931751203217252
-0.08139738639847524
1.1066240084546994
-0.227780782963799
-1.3037813666017244
2.0557313632359753
0.11064027014933564
0.6616897042937245
1.6705308914499062
-1.8606617774457308
-0.9140964185204008
