-17.54835617370812
62.7587959238811
-53.962833629398695
7.67510669006254
6.229143936651941
4.210514252027854
5.147139994876449
4.636563520586376
-0.8648723334402929
-2.0388408507644638
-1.5221043647376045
-0.5661447372397905
2.077372221099409
2.547753943063799
-1.4491629081944724
0.2603866234997495
0.13852094754186572
-1.0164843503751788
3.198541447564142
0.44208186402267396
0.4231719492287148
0.4060975160125137
-1.3303263876730793
-0.9095962787151982
-1.1191467062274734
1.634835861225483
0.925902522310057
-0.09943577457299085
-0.8317589584729115
0.8113098740500105
1.7966524295320836
0.9363838090646948
2.1836125693965833
-0.23380385112517077
0.6790965327105825
1.817961225091369
-0.6852907637702609
-1.5479621244639052
-1.2003464651665443
-0.8940410358515284
-1.9972032484463587
-0.9124518048351363
-1.6079472902961158
0.7627960867152382
0.07003728032180477
-1.5052162949474646
0.907307807482799
-0.9583488585411314
-0.6048688958159502
0.16909589110871434
-1.0882761486722348
0.8047702367203311
1.374339200495323
-0.5013272826141826
0.2778341336582393
-0.02367323884618322
-0.3187783625651529
-1.1043135219182245
-0.03640604762254803
0.8279122428933063
-1.2952157619655633
-0.7173365160066998
-0.3980322710252748
-1.8928032599417666
-1.062686651735772
0.2405821510226392
-1.672948759318408
-0.532357827006213
-0.35403380763301645
0.9852348336002608
-0.3805676601785908
-0.3216371276583074
-0.010741802756651458
0.9048463634270554
0.3231462610552863
0.592864489414489
-0.1344705747196578
0.09413143465255724
-0.7787027075401722
-1.0388475275146296
-0.8899860082196116
-0.7822826508643728
-0.04054145532538969
0.4633171046696939
-0.9796951522031108
-0.49709814214165693
0.20955892500250628
0.01052665754667756
-0.7905701986561234
-0.187723494536624
-0.10988957009499305
0.6550465996964195
-0.8778184292359633
-0.14438268707291024
-0.7614297140967543
0.8518581012524077
-0.2382967190655442
-0.47208371731711934
0.009477556727185726
0.4168512758862016
0.33459738545755013
0.34708733067711894
1.342784419277219
0.35222469621548197
-0.5296341266902461
0.14691577790210242
0.10868479273655801
-0.3575754820817774
1.024494803936858
-0.573470870225055
-0.07298091757146921
-0.28215684167688804
0.7897842495373195
0.550774277217417
-0.1408475686833735
0.15024895316808817
0.977625043670588
-0.2988438988679226
-0.22135280223306825
0.026050291779554362
0.267236469150063
0.3140162037181732
-0.18859661970227146
1.7053422853942053
-0.31447318490028764
-1.067966477524211
0.4392176529980807
0.3612894685666237
