16.529434365344617
-54.17761653287529
-22.32826246720202
-10.834911834926773
12.054944258033336
-1.6377091546130202
-1.886593053248236
-0.7647980135033997
0.4781974362432554
-0.29699296556805166
0.33632245655382886
-0.3905050535921149
0.4888591306979515
0.30582543491524605
0.06754539820217464
0.06593491018532596
0.12823306554250505
-0.33244598165455075
0.03152705559007277
0.080406709414205
-0.6076583016365276
-0.6766708448402249
0.11156857223656103
0.15537198650906459
0.6517264712247519
0.012033635737015921
0.13536464789531757
-0.38648639264210355
-0.1444061322299784
-0.0524101477302264
0.15669630177467142
0.4451113177809988
-0.04578724935405626
0.16034136843735666
-0.1762418354560223
0.18618824798702388
-0.23310286043128378
0.22095166024289822
0.048994434627301436
0.24616950685590305
-0.39139371932457895
-0.16141442571473424
0.005790874363808762
0.12092133438911526
-0.1791392472055404
-0.2590996481222145
-0.5405502949196672
0.17568218594828072
-0.38625805698221405
-0.5746184395470824
-0.24603855326594365
0.02013459258277056
-0.02253379102572898
0.024140406917104923
-0.21217427279364479
0.22520104250859055
-0.25414052985359326
0.09980351077565178
-0.08530863693812687
-0.013618509864075284
0.17334155227069947
-0.1397682401327935
-0.014839756951367522
-0.13956924304077295
-0.5294240995776396
-0.10608931316437512
-0.10976137581379969
-0.16094344193571303
0.03984836298408176
0.20558903120834396
-0.27099803509040427
-0.07506826440017086
-0.31773502693452216
0.5345887509163513
-0.009264923798224384
-0.21101925350057021
-0.14738172078813616
0.10540171460084569
0.34659485760976927
0.054837879262088766
-0.47439337512340524
0.021795267006877575
0.30171375362206815
0.1707042701169129
0.011490787608378976
-0.2167260005883001
0.22061810339222765
0.3203243448765537
0.6637373279750656
-0.14582852034277424
-0.19934823053669357
-0.3244644962739627
-0.1337736901884619
0.007101157503377115
-0.06073899588736839
-0.33003557406361317
0.30180993221114133
-0.33344825145065476
-0.06084204276736274
-0.2286331226932699
-0.04710257519000691
-0.5269668822233388
-0.31488725696439435
0.033146895919327984
-0.6336091714550223
0.1664720218194135
0.2249894710173756
-0.236221553781946
0.16258504116519568
0.02552029732808858
0.32243005217074494
0.03437238240107984
0.11342097218637424
0.41109536733450736
0.34528550142583503
-0.192597748088025
0.1466457112107704
0.6003738492094198
0.20081371109225252
-0.2991115577481797
0.16117339263228958
0.011381133784045972
0.2821339947750546
0.0035675222596667083
0.15650098036071047
0.241078438002445
0.16126433774383916
-0.11485946066981481
