30.683613602280303
-63.05754825875686
-26.56398377957702
13.55515780400925
0.45982602138171164
-8.095299411455311
0.8649015276806309
0.9587554109758032
-1.0374959952287113
0.6688037556924942
4.538367759273863
-0.4228415711991414
-4.246740438828777
0.8052129027978068
3.458592219378154
2.5730720613255365
-2.712739762756076
-1.4338529277546919
-3.2335620945815022
-0.5356851734920535
-0.6701111837026807
3.7794681235745795
2.7242277751819506
-2.1306286278401636
3.0324684022848496
-1.7080700392216657
-2.9439844930006753
-2.7035059011469325
0.11514260566649442
0.5477702684347283
-0.8526992812136412
2.588453817150038
-2.291976873318069
0.8696781099959239
1.3159599100426393
-1.7365595876176851
0.2800476526939998
-2.132152497211576
0.6005501155738102
0.4691217830399406
1.1500661302561883
-0.9472479070464749
2.236016698046521
-3.115256633464243
-0.45954177848025957
-0.6081147840436206
0.050878884911493893
-0.44709423181770064
-0.0008372877957825708
-0.35412478222572885
0.1636636919121689
-0.6439076566202739
-0.6130499390662293
-0.7099165011092075
-1.7934194734816256
-1.4661928556158657
1.1247597280666235
-1.5651065117412954
-1.3565235374815368
0.4765264885171083
-0.27690111821783986
2.1084193257309085
-1.2505011995290694
-3.3810225940418426
-1.6771277836740497
0.9280572552251873
0.7452104981546449
3.143607731632065
0.7623426665138537
-0.24591633243263541
-1.58720224490575
-0.11860535408352912
1.08805865783431
-0.2078643689052373
-2.9296162074981527
1.1978669421873616
2.884453871872688
-2.773460527113568
-1.0390218499801003
0.7966508448230817
2.6765923100916873
-0.1692437778984426
-0.785427314456573
0.5684403991349622
3.6020628023445487
1.8330702263373264
-1.5685931486208173
0.7714209463106918
0.08481686523876847
-0.004177474723441224
-1.42798705196213
-3.0983025586199044
1.2040749473871595
-1.4465975943561364
0.9176341100484078
-2.743048017570002
-0.9563828797194655
-0.9518478489525475
0.23377252822074335
-1.3013235772058436
0.4410951487253723
-0.10157728333745192
-2.177689470340975
2.0368512630314712
0.9653053270759816
-0.5596954743905739
2.459658118663768
-0.5463447106508732
1.7100436027636534
0.10915567652442663
-1.6376279203392776
-1.9050033926719925
1.0028968867993373
-3.361671883926926
4.553593888707662
1.197927719420132
1.9732819587124693
1.3788577484870697
-1.5597504175065968
0.8510518876027536
0.8585911791272647
0.8913075224244625
0.8165500276415195
1.0501624898757096
-2.234305076903559
-3.7667940033689526
-0.8317336207223044
-1.990032003576647
