-40.7397195650577
-1.137534399251311
-3.0821829181205276
15.509585038955631
0.8420071605885633
10.246090711216734
-0.5063157016640074
-1.4495150799131644
-0.47605660020927854
-0.32913238295405833
0.18421343471634255
0.020236924909547108
-0.2332737212927333
0.4296218670179893
0.204375847450343
0.8470878467534833
-0.056528030506310334
-0.7902556565715371
0.015585269861704748
0.3707636888121076
-0.00638160786272951
0.15463919162950043
0.050502630475321886
-0.13917175327564069
0.006998229067702033
0.08476100644112117
-0.18645025985705344
-0.06914704701551452
0.38044934501386357
-0.12380886070844146
0.3949710750195478
0.16540690216355247
-0.02410532471140027
-0.2711684319897615
-0.31409382268743274
0.36045188979386034
-0.2057464941222703
0.33112821603842574
0.23809789975313442
-0.16973092496610323
0.08831577553281628
-0.025461971495504193
-0.1063153659336813
0.18464186155209172
-0.0038366967676511585
-0.16111265966122956
0.1431896105538691
0.06773808905189875
0.006881379093496205
-0.15451271302920833
-0.2561030075226087
-0.22990113853390784
-0.01851589790541311
-0.15674284787669848
0.12697954248967325
0.31574101561169743
-0.35186397165988825
0.2614129289622225
-0.07818291536729326
-0.3316305698769714
-0.09691348679044681
0.11611751622674925
0.07558207467339804
-0.17099840065110244
-0.152784706345092
0.008327709343064038
0.1764790315409222
-0.1547616633912473
-0.445151736404088
0.028053676484731966
-0.20985415321188797
-0.2216055465697254
-0.05856121426121454
0.19876788753464153
0.019126349060911797
0.3141887149829529
-0.26494072875769903
0.1697360428809797
-0.055145583887299884
0.15655864487943502
0.10805683889502293
0.07123134430028163
-0.27650400108520373
-0.0943220386533932
0.03250490297117307
0.2424441811049813
0.11897103428259703
-0.05472846473450217
-0.012263730906574295
0.065826662537541
-0.03565164148484763
-0.2382534016766581
0.11759167455439785
-0.038237707567817115
0.09806927286514086
-0.09064370901325829
0.17970812667023608
-0.03568637627628543
-0.0010683744644586005
-0.17755808276625676
0.00980864381294018
0.11646849001610574
-0.33624005790038125
-0.16200660647723247
-0.21746369283315664
-0.02426678568026254
0.15471557623915536
0.10027482116931244
-0.13761806045384062
0.041311221929807074
-0.11218934670331669
0.08232189502501278
0.1764824590775278
0.07083803437007233
-0.14786334561008357
-0.1754075349307047
0.09743446215835633
-0.22088626513332127
-0.3320577338801098
0.07294593517107605
-0.09336667776711897
-0.005866965282620797
0.07706487118660377
0.23699714797248833
0.20299266322439485
-0.078377553190519
0.19578214645122516
-0.07286154079827692
