86.07953850573406
23.647442501104013
-38.48012436377911
2.8310157697221685
-3.414124645970477
3.521036994165603
3.154485757763897
-1.3690280242542545
5.315450765533761
-1.2690699753867216
0.6146310656422966
-0.42204022879481
-1.3674370510837504
1.1610577233243702
-0.9609272979339836
1.9905463635123912
-5.905020736920167
1.2889096360460135
-5.376206696279521
1.230788476313295
0.13107636341220574
-1.972332184564487
-1.500379482655749
2.723302064198226
-2.911771725442178
1.3489300364142067
-2.3247379865971594
-1.195920443021937
-2.20974363088168
0.7056515331207472
-1.862988091813155
-5.215173819485861
-4.184147456854788
-0.26489853840928435
-1.1832488917225068
-2.067822326719833
-0.27690136228560946
2.899563573053963
2.7408679151893933
-1.7726957011143911
-0.15247633252191578
0.3803482182947453
0.18872023322459894
-3.1783057115906224
0.5075038871056412
0.28777515795982217
2.4219231771426757
-2.9359846989711236
-1.7836901461549504
-2.2418886540689167
-2.3481784353397406
-4.082161798010133
-0.002892929599715738
0.017351890058028643
1.304559812006654
-0.6626708809591533
-3.113260807331266
-3.5846320557275217
2.8241425266428624
-1.189829364766838
-1.685889391662902
-0.16594235105088678
-0.646528630869406
0.36427453455248354
-1.798419849939465
1.6311383933685457
4.232705816655329
0.8345153899358351
-2.8294286289200397
-0.33469911820384884
1.639218608950594
-0.6721537453048329
3.021454697733458
-1.7427886652628546
2.440483193025075
1.7694041415156305
0.6272748626545261
-1.7399303496857894
1.212085519459652
2.971556629976191
-1.5429990610812854
0.2149432701883647
-1.8778866448730778
-3.5687780042600425
1.0474698979378811
0.2427743405287373
0.04760372099290961
0.9168901308200922
-0.880026612748186
0.8586691327733021
1.9554287375825412
1.1704923409253376
0.1157752129065909
2.8091559781271114
0.8914287320179044
1.6782432409513968
2.560186677166903
-1.2278337472559724
-4.326765098623645
-0.3054032993129496
-1.611261012725759
-1.8202437711717232
1.4850230013795684
-0.033318346978955346
-2.005752617180669
2.3730053663356276
-2.391111518600243
0.41463833806773237
-2.6511694118280857
0.3905986376637036
1.6164575050102545
5.58927088542973
-0.5955614868117958
-0.24605262073367012
0.7332581102232614
-1.3265688268416613
1.8171605319795987
0.21695390787760716
0.2908652137426778
-0.5709005967537568
-2.4079565624074486
2.6984731020789363
0.025175637585588773
0.45080511833422915
-2.1873190393205864
1.1704926282181776
0.9681704443375208
-0.2241988095967028
