19.789049251956985
72.1797973714424
-25.901295801592845
10.657637280624769
-1.7064223284122253
7.974823536065282
1.64377090449697
1.8643488623554143
-4.050606237442826
-2.5968499687273057
-5.442667025778039
-0.010150020973512253
-1.5409828315609229
-3.972156392770569
2.023576194526272
-3.699244794299487
-1.9418458018162235
-3.8364773022293606
3.225877704421635
1.2401460988261928
3.0588764968296287
-1.9580748929365441
2.387050465513369
-2.0634674842127274
-1.5164882643896136
0.9777255264674563
-1.5747407136076665
0.717824534758293
-4.134851628742122
0.6898787340997118
2.21110489615958
3.3797652442626234
-1.641481760258182
-0.9913605593490356
0.16271186262951115
0.08505752416168309
2.0723694994374378
-2.0749474194688236
0.715434319496732
-2.4816809669477298
2.3350145447611363
-2.7908782725980235
-3.494643258963425
-2.0630744936980427
1.0679977282993702
2.398593223149106
-1.67357114377883
-3.013797068263214
-0.2295106722123586
-0.7683223442767069
0.5143581008438359
0.445761371766953
-1.0465327181242743
1.815501949603444
2.0737591504526867
-3.4583557639975546
-1.0623520877925559
0.1951324954774441
-1.2397776530772704
-2.754335861327548
-0.5227233249041507
0.5431610175017731
-0.3140925223553881
-1.144279744087128
2.4662305169688707
0.52531960396976
2.0185167945160694
2.099187824466695
-2.7846171657816936
-0.24346703373916379
0.5613914798828501
0.8875539416848819
0.1350188518864887
-0.9374911737827758
-4.425240442566645
1.5374728592827278
2.5695795361422844
1.0232959447062782
-0.6356258899120836
-0.1564312100954784
-0.8247839850179741
0.7438648973149403
2.266954988088198
2.2675854636173653
-1.9580889304769362
-1.617540195359384
1.3333348832586756
-0.4361322758665106
-3.089199894820843
-1.6196774254784347
-0.332179079666593
-0.4708115660230731
-0.5187346161988666
0.01732231851477481
-3.825747167259126
-1.9215317014999076
0.21197406122651455
-0.8885274506134007
-0.42967158681558265
-0.6121600154549821
1.97116667289015
0.11639524494423384
-2.4726704087917097
-2.1444889266493106
0.6037830898695655
-1.3597713164759089
2.476459680886091
0.7828075920299419
1.9223609144670393
3.4339639552102006
0.7557903794960296
-0.23448377284392113
-3.0735620502744125
0.13081970772721302
0.23322523543844112
-0.28598054396269906
-1.112379370913661
2.0151815482296924
0.8096244057431818
0.19627780052535043
1.3685609869999233
-0.25490371121286765
0.3854182848311276
-2.481258734743015
-0.031273849917755725
-0.17874942850877967
0.43192561530770723
0.44470969609302347
