-40.4509567705287
-1.9111300103551558
-3.3339126201194897
15.579605657086212
-1.0136458507032058
-9.172045221613988
-0.4048287181142545
-0.787929817432845
-0.31025327466513847
0.11132905716577901
0.07351964686736942
-0.2448229667761718
-0.20437921601621278
0.15855350066066076
-0.14231372066173525
0.3807333557718478
0.5461046855994924
-0.29403406384853914
-0.08231804322665776
0.5584320933934549
0.39167647803795
-0.9499744456096824
-0.08921737121637249
0.37198266318716305
0.012882906975356226
-0.38127548085600294
0.31901225182126997
-0.4552957826320633
0.2175543693951958
0.7423193249871577
-0.18788795262798233
-0.6033151940701154
-0.21539673553959643
0.33770969405325424
-1.0921205799247566
-0.9538153634904448
-1.2265754018926989
0.0951556521684303
0.02078732065173758
0.7657536710272682
-0.7805092927273496
0.04544378268161676
-0.16002722735835448
-0.07078626864764336
0.36652395181338254
-0.11092232460630158
-0.3497716447142186
1.3600129523084432
-0.12185147380767207
-0.4660500465636578
-0.1737124148246496
0.16841695592389339
-0.016228408762637175
0.40239284557599375
0.13971844675616593
0.0071346950751206145
-0.3431955179911761
-0.31977845325381027
-0.060168156682213154
-0.13685298370344662
-0.8146130741547613
0.006384645306130754
-0.7390729178044013
-0.39302862662470556
-0.24312838204925807
-0.26090738431855154
0.27030835141539655
-0.23436938250487382
0.011113933784767938
-0.5031162188440016
0.0020469491122782346
0.4948186155251742
-0.309134632775804
-0.2392140781807259
0.3000947568814032
-0.8366596995333889
0.11742930659649387
-0.06344101640930487
-0.2073020561721443
-0.32721077647783575
0.2662760898541841
-0.16592562874672726
-0.3429443310651023
-0.16036145305021132
-0.4437656830164784
-0.7432032831314473
-0.1547164855197692
0.2765526993938948
-0.5998193574116317
-0.08103058499899161
-0.018441747141702186
0.14506454920857687
-0.5620339930863596
0.17919146286387988
0.371207178117607
0.12122875028832301
-0.6548126876585549
0.4717983031275469
0.4539697245167797
0.4998924822883677
-0.15869649929891394
-0.23328761743048415
-0.6522207064131945
0.32001653839945127
0.428380423045513
-0.6470369885959196
0.23473892149449632
0.10224582646802687
-0.037509405559679604
0.09967799613476218
-0.07780671212904446
0.07594685906560852
0.4479537694762931
-0.1531436740804924
-0.4230152376810544
0.015649679629932026
-0.31795436223149665
-0.1049013357272291
-0.45668370549545956
-0.021583493133307336
0.23121564114892265
-0.016899522680308796
-0.049375885296689
-0.11958046941391466
-0.0019362370722934702
-0.5488956041101175
0.8462718211897424
0.19580836296436477
