15.9564783815642
-54.73134254244621
-22.465487279784973
10.424775378850873
1.0762164673612644
10.420661041747499
-2.4913203206811465
-0.09931374342830179
0.7429445993043887
0.03263892143448281
0.46298072937297124
-0.43795857169509467
0.4005270112732179
0.23188308093835205
0.5147482181701555
0.9267313089172793
0.3785970784351614
-0.2981106247480476
-0.6111763691752867
-0.27475638189817136
-0.5210596898474418
-0.17948319220440243
-0.41229836024475075
0.21546488173304257
0.03533635033654581
-0.4519725613714337
0.23534035396547337
0.5565544163626766
-0.21243910568792695
0.6008263906104914
0.15398888664847263
-0.4398023075249816
-0.19377808563041174
0.059464192148100545
-0.04849743499741903
0.06464020332056435
-0.11074352688219348
-0.28159480210748544
0.04030878954694929
0.00512445337360784
-0.20617052723812745
0.06775258594636466
0.1370975124269321
-0.231260944759064
-0.27665372303360275
-0.2361617108527985
-0.1270421647027099
0.024969103653205094
-0.00292933636364498
0.011440828864943908
0.04671570820737825
0.4068527417794493
0.23777294741784263
0.013496453666876518
0.10618503323456052
0.03737091813166805
-0.12633048100623198
0.3968216420597809
-0.36796504363284543
0.11130054657704948
-0.1945202375019342
-0.32595791235131
0.40482294526232715
0.24796923464185794
-0.2939351976689825
0.14567170258432366
-0.39680595745208425
-0.18723421030132598
0.28783481280677814
0.1395147056840315
0.13245412797559705
0.13961916654953743
0.045859009713124003
0.05869656449683201
0.008695401923519263
0.18706731765884876
-0.01845664526095106
-0.0123146982976599
-0.215074512055887
-0.297905951502179
-0.1117424235744677
0.18718805637243358
0.018859759718017184
0.38720692877448515
-0.12086284550644856
0.21806602340875803
0.30843737762605195
-0.35622457765113696
-0.09245528657180455
0.19909237342178837
-0.24229360898363875
-0.05401406992289151
0.2674102170271248
0.04330042683201149
-0.2747421104810711
0.3205148242301314
-0.22580369839875034
0.5259758775914843
-0.28629573094737154
-0.027927269797908563
0.3146077750405068
-0.20677911412164035
0.24368342904358092
0.20739647398747477
-0.015395978534176286
0.3172931684629562
-0.004595753031348274
-0.28221819175443863
-0.21792708841290861
0.02751535601406859
0.5072926871642947
-0.3851684779329031
-0.20902652224539878
0.07740032357121301
-0.04343778031315349
0.5301637637295737
-0.07000489488393488
-0.16298405199469673
-0.11132099088480815
-0.03322600267280085
-0.34781782294587593
0.09798115715659304
-0.3572115282506711
-0.22501382354656244
-0.141717395984581
0.41969014069906363
-0.365567168863252
-0.29705370391142627
