-49.70490422419285
-1.4535425106200748
47.63992532441449
-8.14168884669047
-0.40224347143562145
3.8950401576890332
-1.1811090981845473
-0.08516105049306807
1.7894145864334425
-0.6005387336615247
-0.533964765967075
0.8128790542519078
-0.8333598602860943
0.9628516213006586
0.4291789750579664
1.6447386661662333
1.1525745816419561
-0.23014103859083646
-0.46099156799714114
0.43972364361933114
0.8347787824761486
0.43262570795578
0.03652260872260979
-0.11514823378108074
0.7932196999584005
0.37044613837590745
-0.34838286646503236
-0.3629464344735236
0.02351622940571879
-0.35601549382820447
-0.06821278796640995
-0.047461704652481174
0.17403702452376865
0.0362320258718227
-0.25141639832549423
-0.3779347441078442
0.377732462509151
-0.8963187075010401
-0.013012869407160475
0.24185067825317735
0.6973390031468593
0.5075956858735489
0.34628457339497076
-0.09306871361750998
0.33835510207592173
0.6133008080353738
-0.20945138038160233
0.024903441988885527
0.58207009619865
-0.8432273622724812
-0.3777537555251956
-0.25547822027059575
-0.10378805555813386
-0.3608244419066554
-0.22406050094314134
-0.13268165379727073
-0.11094802173038565
-0.26967677887042385
-0.22326032387216924
-0.3371722094561547
-0.00727350382264352
0.3679594132578736
0.2920755377061933
-0.14511643396217166
-0.27378571571214666
0.5274465984838441
0.23651562046255484
0.10471913891919601
-0.04635509446283061
0.060618550158357536
0.2600441340806162
0.2184242480379942
-0.057094837327767725
-0.26718492719679743
-0.29859335966642114
-0.28836149361061636
0.30306498998197934
0.020411712698960915
0.3439161606103621
0.03710490484614237
-0.4832827632852751
0.033535699849672945
0.2183966215859789
0.03807372208889484
0.1864804126629551
-0.29302769182659305
-0.22821453197404354
-0.12588479359728316
-0.24934038530252367
-0.32696347380823565
-0.06199355223083575
-0.16335312883766465
-0.03703360424505226
0.011974024085339874
-0.03991879122873167
-0.5289808774900796
0.014582172319128874
-0.09828778498990573
0.0005009712853976667
0.2428995653486301
-0.11279089663228534
0.4545166807134284
0.010642959645630258
-0.1332644846492769
0.24392208360004072
0.15888583677095353
-0.28969363472489856
-0.23462719436625015
-0.18033861124302963
-0.02286403544890825
-0.2690536216232813
0.10366233332251568
0.032594038750780735
-0.19080350265353713
0.3118840399705477
-0.22367730621606008
-0.03939537030692275
0.15646104186406085
-0.0806976388729992
-0.10894687752337343
0.14974886178541802
-0.12775676499015604
0.18154031635591505
-0.2749509340616616
-0.14555534445613585
0.06968037971664268
0.04762931994522157
-0.225546670966027
