93.72546457877664
20.489093834533048
-35.82009134152919
14.750000720901186
-1.3843527130624091
9.22539783613511
-4.057352122581627
3.2418984894263057
0.5220630773104435
-4.932421493410997
2.4205741160414864
-2.5790811738392043
-3.6883185026714242
1.5218022557846773
4.482570519341515
-1.839222001376583
-3.182058322273717
0.6386706609023847
4.475977413476073
1.47700121053888
0.044115722020757475
-3.5424525168240617
1.8839338905192144
0.9316998761481683
-4.414795548280036
-2.227629192917844
0.5157400704210471
-2.370485616358748
7.4361453944690545
4.141216793058617
-1.5797861958652557
-1.144274542194652
3.4082105070545468
-0.784785665796343
3.192392183610715
3.843736136554204
1.0823708129522436
4.835230002349594
-0.7256903050833307
-2.3550566013800354
-0.15062348651859997
-0.22245261203494232
1.2525042955255203
-2.9014266882521857
-1.4068557991839132
-4.997580713557539
-1.50724879414611
0.14637001652409554
0.2621522971137551
1.7868296918534146
-3.180529864364156
-1.1902697995980978
0.696531059079889
-2.700037052604088
-2.437913755775097
-0.4207593620529583
5.976711589610375
-1.5738641231850699
1.4093385874327948
2.9059232598179308
-1.5097983386723004
0.3576749703901574
0.3571885541044908
1.853261897075015
3.338030640769684
-2.5427526359496415
-1.770264813042772
2.4473235951519166
-0.8199466358111237
-3.154009464945938
0.37229474695373477
-2.0809516351122976
0.536434419724212
2.202639925955079
-3.593598000568774
-0.6448235367499785
-1.8759207854989033
-4.3311644881840206
1.0223628375761455
-2.857247631088478
2.124980899952562
-0.20668780697959976
0.1605074768023447
0.4039383886580277
-1.1127149077695253
1.2564896193520698
-0.24457826836224675
0.8210813255834861
-0.45368175874000105
0.3128499861160634
-0.691783400629888
-2.7526953029245975
0.2241984041649019
-0.8654706160584267
1.2799976450775505
0.917877841303027
1.1171398576037226
-1.142022893822074
-1.835135534218261
-2.564478427184294
3.188895111939259
-0.4002930192344274
1.4081329285963855
-1.109045334285552
1.6023677173920807
-0.6754196721505943
0.8990764327773946
0.11277109360393953
1.6712696201054897
-0.3575548740931156
1.4435174020377712
1.2371370179043955
-1.4562309858065547
-0.6968828286096939
2.960805285564184
0.4551497668132716
0.36321695335115906
-1.2968677804776994
0.14986790497887292
1.221384686576393
0.3002357705105061
-0.9078877875996072
-0.08066579861067712
-0.48782939436476064
0.5435994968006543
0.6689874969944386
1.344650732833561
0.7295397831712617
