94.5141567922017
10.264897274647307
-42.49427085338707
-8.948258697554591
3.0338248320737473
0.023338770479157472
-3.9108718306061574
-1.6101783964640055
-0.9607871237337466
-0.2767812575722595
0.49960230125941013
0.5604258508291653
-0.3663783319643328
0.3678738567056153
-0.7522877579531959
-0.1648613435966651
0.8064066200828166
-1.8482761451767231
-1.5795042214460715
-2.527737624612225
1.4994201327710739
0.06887381321709193
-1.2489266418187865
0.3309215036581604
-1.1693069407100378
-0.1713724244137606
1.115998490187408
0.14869698348876492
1.2555627874211266
-2.372728522722983
-0.7067335820605884
0.3205264433295751
1.7945538673975958
-0.250289794913496
-1.3824553925759402
0.8533183402503716
-0.7440654933236501
1.099777544344858
-0.6901490014243118
1.5274060243442014
-0.28458573588900393
-0.6958536942526748
-0.7918111406501939
-1.3721308069018185
-0.7070415783974294
-0.7770574241044318
0.8788984598116742
0.3207393381190933
-0.8549393015627129
-0.8292577069340026
1.2481494108320748
-0.8130148167545426
0.56344252649317
-0.8493229409178846
0.47833561059086843
-1.08684697330197
0.784416321578523
0.8970493351418208
0.23596344564188193
1.3016079381712682
1.4354679340613405
-0.15895954908419857
0.18972932329805114
1.816631089749333
-0.5338334944609044
-0.12641344647031413
1.7832874050869318
0.0444720360456797
0.34765907114417693
0.38858686349508437
-1.0762328063534599
1.283880236117115
-0.13810375102020306
0.5629578772197348
-1.4342364124783091
-0.28222931150334435
0.27691111914766886
-1.1471329198595712
-0.3961676024278372
-0.37778532802520765
0.9159764342982808
0.2691176730906057
-0.08075334487251659
-0.34134808164953145
0.5072273372135282
0.7706188423077194
-0.8601217473902445
0.5746803572683536
-1.5571349681515487
0.047835226111840365
0.38982995131909925
-0.36530444942668855
0.3740042280975839
1.286969400315766
-0.66068953588332
-0.7101451019474501
0.13629594531543446
-0.20127274069437795
-0.46882908737819967
0.7589836783888457
-0.19739541242865732
0.11482877154698068
0.5361691018600079
-0.47277291719967107
0.4304689741298291
-0.7187427649134904
0.6346879748629289
-0.44736592616558873
0.11602654344554697
0.42190589542827617
0.15793269534195087
-0.26440059048339704
-0.2334330329077241
-0.15464061188619607
0.716297022275918
-0.024418972955424688
-0.2055597163809446
0.6093661475683373
1.081100248417921
-0.1343966888427764
0.4265262193942816
0.12496441895616081
0.7323251166826875
0.04570888597687253
-0.22429231331128666
-0.008399222551886132
1.491392369590496
-1.2975857360500143
