34.02304605448986
-39.99205509305362
40.64985089630879
7.888586520493184
1.9359831163692443
7.089163455184918
-2.9775671353563054
-1.7921744139492788
4.772326658674843
0.3461405579039322
-0.16528618713039206
2.1671078426867885
1.9881374911724836
0.8744392332739961
-1.7238408718505949
1.8622934051111366
-3.0548412770350435
-0.5627135532163421
1.054311971652142
-0.7093205828406555
-0.44086446163888715
0.9471184149896438
2.6300783700838193
1.0992038800517305
0.9571651116172419
0.7213030335792378
-0.12426133664041411
-1.6686675323401456
0.40933485825469074
0.3453295981644098
-1.4303758335696672
3.3299890485225974
1.28976286368154
-0.7429402425061293
0.35640314615701557
0.8475882161321083
-0.9497475631386764
-0.3023857342410704
-1.9931966703676065
0.32481521428376214
0.7651272608375115
-0.08545015568870203
-1.0985157149876623
1.9925415679421743
-2.1127048210181587
-0.3502753578099162
-0.2425843103572426
-1.0643742301724588
1.5596153171409441
-0.3372016600529182
-0.6465463502740134
0.9955528241327075
0.9253875853226244
-1.4380374777651814
-1.3549072789690184
-0.11413318135265979
0.7687914383171248
1.4542639242880295
2.542080609858596
-0.3855296310366976
-0.031084455535122762
0.16609258110368216
-2.4692254913264526
0.19452383118962802
0.30243000033046047
1.1910647041519535
0.8044603159175387
1.3860345344619531
-2.5150966908721366
1.225823436301819
-0.12188404193680454
0.17615242092207994
0.8138770831447263
-1.974952789560042
1.953084705034942
1.221045449249674
1.8471075563263297
-0.07431998093921233
0.9508515256991297
0.5760817484791741
-0.44441298657787004
0.2948221418683443
1.0583119924070794
-2.257876553223663
-0.7790705915546516
0.1831744605330397
-0.7908683406832848
0.6870783143345904
0.25411878512684916
-0.8364002314490089
1.1118479352785604
1.1032385486985994
-1.3484536046649285
-1.5995091221620972
-0.8915678609267413
1.4729955057123492
-0.5407884883399835
-2.10087505119519
0.47014520426659306
0.37903461760035634
-0.06136095931508097
1.2919740459588542
0.9066293634286859
-0.056549030038589576
0.6954419483980214
-2.7907223954909424
2.622309115438518
0.2967678604206249
0.08628606512504239
0.8108249742484526
-1.6396432587678413
0.8718864806659347
-1.8445263168214876
-2.0986367097248646
0.06992899007231648
1.3605928680346988
0.645450342209142
-0.15507823323049827
-0.6500811475288768
1.90478166828735
0.3656853872407
0.393903955015903
-1.2027193031510541
-0.7316679470595426
2.168160326935188
0.0556418540277093
-0.5392624049031715
1.0645920882272797
