15.171063515728733
89.70151707077196
25.588231674497212
4.980878292261061
-1.7083243138025623
5.907589063401035
-0.17712365029739097
3.584177940746024
-1.2644799833319422
2.3147323143993463
0.14781613684588302
-1.5817201699288892
1.0948764330336895
2.725779320670208
-1.0579987698075297
-3.35389410071668
-0.5827076921277801
0.3993055328006484
-4.09497952706134
-6.587380129809762
3.4523434870547076
4.745149712419729
5.889845650692139
-0.48472255996577207
1.8558002174742823
-1.7400409728409623
-2.5383258593853846
-1.1218373993046364
-2.2813814806107784
-1.5519116742212216
-3.8160934568100564
4.519617942981289
0.22558591606640463
6.371728027651891
-1.1484238280438135
3.479065222654596
-2.476474838497182
0.04024592982372132
0.6786772094881076
-3.919837523851287
9.420632208545593
-0.0715865260458705
-2.2515179669996166
1.3575011512724027
-4.718304636539011
-2.0255965460431424
2.1220489120868002
1.9008185402146465
-1.8955422376124131
-2.1728233785580184
-5.320359601567019
1.42688155898397
2.399519233237124
0.4848386496773625
-1.4343080611380872
-0.2571750031132778
-3.4482105645874683
-1.8606347310550952
2.314707919249832
0.39796139083923043
-1.7841055617801007
-2.1991791761920765
1.667454406260751
1.9859326079681396
-4.570821991139754
3.8210218835183287
-1.3455200426923664
0.18136222872235308
-0.33990740964524213
1.3678886603057796
-0.4154449386001211
1.8890773923065365
-0.19023091960545102
0.7769160390530605
-1.7912905543319348
5.712211224625872
-1.4107323337974305
3.1576965445676466
-2.4271946974257674
-1.3167592706900018
2.662927063919873
2.077814857155741
-2.0827041055559348
0.5661805306751314
-2.575020307308963
-1.4090967981595015
3.32802336381781
2.399020675349999
4.599275528950908
0.04781470298836085
2.605788478684079
1.404672627361148
2.350959255057569
-2.0104915179707334
1.770215565289581
-3.057728429609803
0.942919828145327
-2.477835790158439
-0.09929934813516392
-0.9218074653608953
1.6070850867161477
1.3481553903491508
-1.4360022617999841
-0.7652590486308479
1.1582993424819836
4.206205498650868
2.807606930125394
-2.125248039922211
-0.2078051664599581
-2.098904403890428
-1.603079836800026
3.0258092945800334
-0.9164265128456812
0.8613997432311581
0.9817271358796891
-1.6521583194082317
-2.707160525355978
-1.4899855715025359
1.308943189212342
0.21195906717143398
1.6291096660927076
0.2262248885375992
-2.783150854726173
3.1162894206810816
-1.7852878431029002
0.5162338531649225
1.8635388009176312
1.5800784554205565
