15.454636050244693
75.90027045379112
-21.474057305307184
-9.68783330327805
-8.27804115450853
-1.0087232706441485
-0.802890379811791
8.858558013716356
-7.747112528549301
-10.13045218132656
6.850129986640755
-0.4613323014820876
1.4046213737921904
-1.8075194027311765
2.97485205266294
-0.2717273935720839
1.1835572188631902
0.4859316452295607
-0.3098018154190843
0.6587100063742675
-0.27143923056280767
0.4776404249433595
1.5298450386072626
-0.07523856859963064
-2.098230882683431
2.008723789775381
-0.4359360431650211
2.563469236569544
0.13232135704077602
-1.6235931525046776
-3.6153518068409944
0.518174475444134
0.9866263084118617
-1.2761745352394374
1.716519730439513
0.4620916937239552
-4.180117281404539
-0.6873519851120027
-1.2009188230585481
4.220805045805749
0.3562827459920948
1.1470615473880008
2.9954834431150767
2.0627142680178774
1.2608870696159535
-0.45495526237365047
-0.641855068267309
1.1279741027882166
2.532838721777748
0.668165544466218
3.616603838035661
-0.00791600596989711
0.320709103791416
2.0746743711088524
0.2212092388169909
-2.830021284602072
-0.34418675609235727
-1.678499947421405
-1.578914782047899
-0.02931894302102278
0.2715110964138362
2.444792329399965
-1.9611881073636115
1.7506899265632523
-1.3110171611688672
-1.2613997719595806
0.45851088586517885
0.5514300833084753
0.9676007543029953
1.4709944747823331
-1.0759759419431174
-0.1560419615819106
-0.8432252126273811
0.5616955248941884
0.48683283782896314
3.696304336618053
-2.3116927817601285
1.4241272343400413
-3.331662787826929
1.8559808730308867
-0.575755007479261
4.925242749097608
-2.2960204787629284
0.5593672633079425
0.7252183105471542
0.1776631452902476
-0.5860933622285507
2.944975504978302
0.6494084890067464
-2.9959368735046463
-1.3172363189879113
-0.8776169151723499
-2.9361706882879917
-0.49261831448256804
-0.3625154401787891
-1.5025989555253416
-2.69799021161661
-1.3451572714450237
-0.49974186426588285
-0.9877826445600018
-0.6850849997604284
-0.9704171072421212
0.48161982568825074
2.387554605178418
-1.747308690920986
-2.914396921882406
-0.9358830853401823
1.5344418989589785
-0.034266637296898494
0.03369822084232789
0.11954169420800553
-1.5299870452735698
-0.36538625176871437
-0.3516452587873651
-0.8473216409268907
3.437530353561242
-0.711183163226081
-0.5524399283852561
1.4391545629678064
0.6667421119282498
1.081305269845007
-2.4908977596742634
-1.5717778852154116
0.031350532654656676
1.3357361504389094
1.0523330364723387
-0.5835397613706853
-0.053944333394784605
