-67.32826856125594
-1.2657496784045352
-6.089803391617043
13.774963951732337
0.3403769977662494
12.082891837988681
0.029009657667799393
-2.4289038109871215
-1.6199523092773103
-0.5680903798588524
2.3698138859471425
1.6691409434362061
1.9780370859046204
-0.8675782449343541
0.5334638651787275
-2.47901422965221
3.4208744755480955
2.0885196895335363
-2.0110955075643493
-0.3212301934293376
2.1015232632174055
1.7884301873735207
-2.6440955569231686
1.7737353036315
-0.9845063641345257
1.1452189146447629
0.2556349490289621
-1.4404700486388866
-0.1136643659738883
-0.22847664849904933
0.48704917073952897
0.6310068208709212
-1.6958292192597735
-0.32742504199892786
0.24501046382776534
-0.07648735421872707
-0.6753866454772562
0.2026704757519585
0.5893551649256341
0.09174408846962533
1.2213476131577663
-0.07502307890719906
0.3207297365605407
0.33019159501509376
0.24573342260920428
-0.03628045891986713
0.6063320368828594
0.3925101884396377
-0.4497393498512816
1.0886516028218869
1.4829060067229776
-0.07630814551634668
-0.6479266335582821
-0.6405405206144859
-1.0228711841340643
0.17072144231151745
0.8587676936401785
0.23015849294468438
-0.4394778681057752
2.4469093256896612
0.9610593626371662
-0.9592415583943075
-1.0922202283772657
-1.2209091724531729
-0.3138464576168496
-1.1070842173106832
-0.9319595335373705
-1.8886397451984198
-0.09305512939571872
0.7998349713667309
-0.06043463243743671
1.285691892222917
-0.2478196185313609
0.8125574695850099
-0.14669398184263802
-0.3963084303063258
-1.7202462738452953
-1.6455599155788545
-0.8832748683808866
-0.04712680179340633
-0.4293003400791642
-0.9007001158875853
1.453894525096514
-1.445402490901281
0.29744264635349105
-1.7282191338444524
1.4397186035301262
0.5146706808732482
0.5917847192453668
2.0999749684721656
1.4707964165678973
-1.2667853174831007
-0.26198605140028536
-0.8499537208963732
-0.5830498350642096
-1.8847190943636525
0.7664665047429673
-0.6450120735808483
-0.40117641614071253
0.10446648852083801
-0.8545717045082781
-0.7854952863926693
-0.807124373551766
-0.6358218342706343
0.23474531893831097
-0.43144791831076057
1.264150953610156
-2.124141839845832
0.8436667621846115
1.3510044807825756
0.4120291432439219
2.9520922610420652
0.3787738345419257
-0.20542922451587606
-0.08769359880485827
-1.9907874981450049
1.182541623634344
-1.423607684131457
1.4514774482442818
0.29117625870233477
0.10214020216990807
0.5321179114330965
-1.01754081419163
0.1046888631148362
1.3315742602676643
1.2287583228742107
1.3297238061331706
0.921115170864211
