-50.15637170975366
-19.127650339849254
-20.21810364025307
14.888875793186958
-2.2407994304914847
6.269996297808705
0.7124277483088507
0.7669280426199895
-0.3426880615098148
2.457340202234255
0.14781644384066628
-0.988326918057074
-3.2561359488209316
-4.802932494181765
-1.3798149228972691
-0.6589851970154883
-2.0821037724460316
-0.9637162378908201
0.6916243697308393
0.5261599469124383
-0.36633920127011094
0.4517498128724188
-0.6760602299436723
1.5997669505604
0.6402788887136609
-0.5525512880025097
0.5332391696413827
0.09973431908241567
1.3166801674115611
-1.1322606868528227
-0.8328311292612348
0.11069623549097685
-0.4365926591421556
0.7399296207193276
0.7604826648849208
0.7889028269176992
0.285894902716819
-0.2610361464232523
0.5604251277748903
-0.39037440185250494
0.22816153340999693
0.14578813866599932
-0.5185061232998133
-1.005901640607074
0.19753342130412826
0.11885625395529603
0.318715325332561
-0.6084904015638688
-0.5869080726715801
-0.5213686698349944
0.27208800082510814
-0.3219356863237216
-0.8670201795926311
0.6379543740718684
-0.4152407210623793
0.7485971692327462
0.19423823340256025
0.4254402149076462
0.2635831746356698
0.8069554311348601
-0.019877532317391425
-0.022185090673281557
-0.6411332627865817
0.4081244370428995
-0.3767457550641069
-0.29205672012641604
-0.042236702644620414
0.03143219721746482
-0.6897352345022701
0.21011298302541032
0.3846394687411646
-0.12304832617504008
0.24688300779699376
0.36075551240216297
0.28858059701454863
0.9486677994399406
0.2643853199412438
-0.9635489213570265
-0.6887191520519258
-0.7076678260797119
0.4620551253632864
-1.2193729603486854
-0.6394958619664474
0.49020604617123936
-0.814722378746257
0.21988124785934682
-0.41605980669426146
0.26963481886121055
0.2467971462387139
1.111454400298858
-0.11678591418832474
-0.5236688939439698
-0.267099334436083
-1.2054049057958949
-0.19961579895538592
-1.0411005845957693
0.5722442329931796
0.1377660320925051
-0.278459145969799
-0.06198842974253469
-0.034922664648086
-0.6319063360414096
0.23479822892536373
0.0016475880645224344
0.206550322486934
-0.10935973158484917
0.5729123698489856
1.2363118506034707
0.07405002846953915
0.48891837272511574
-0.2605780204030403
0.29526540347483404
0.7807418457677908
-0.02401670114494371
0.5247406941715022
0.8905266209290307
-0.31130190447638684
-0.13606740093304193
0.17088306063941847
0.30536701428721463
-0.23069453269114476
-0.1754727119063338
-0.33872415422499935
-0.05919655301599812
0.47672924064707084
0.6535793100482528
0.041858370692293395
-0.6281667096565935
