49.097027917512754
-49.56366458319986
-5.382240664432401
-2.7143110722817223
6.202908696740132
-0.7623505230532499
-3.381411988308307
-0.2620975928598954
-3.126031076583534
-2.095973170496002
-6.076072548136829
-1.8448101122525318
-1.9312833569986183
2.7109195611770853
2.2132229890897293
-1.4890676123127933
1.1220575149957388
0.8121434776699504
-1.0432828160750915
1.8287044975732925
0.20633231320303047
-0.1922080221788215
0.8310489365151581
2.458022986279168
1.2844632642875142
0.25078298751352945
-3.6276406066584186
1.202757632977375
3.4776549492010758
0.46739259638633796
-0.39698649233963357
-0.9908442598408704
-2.3167138242085685
-0.5025435971666417
1.7552399555499152
0.9985589793583162
-0.042455893638749354
3.407963282461654
0.9044782933307258
0.3416024061313754
-0.3593371614518003
1.8149335688620547
0.2251940799897233
0.7056806897250067
-1.667013050355324
1.0259147254432877
1.4965867929548118
-0.7665336763516917
0.29839423112861857
1.1700080563735198
-0.8260345739473599
0.6192823897326776
-0.17030417012714633
1.4093342765418182
-2.12228503580343
0.02891915723640548
2.789920086424675
3.4613295640078237
-1.4301556149541383
-1.7686692307314933
0.5618856644154788
-0.885950525265318
0.32498046931387914
-0.16345929001701337
-0.09806246125218276
4.542172798035579
0.20546292042622008
3.796886492867191
-3.8531348570373316
-1.3392215277506134
-1.5328737693517465
-0.18697301373449127
-0.19055311802678598
-0.7233910140617316
-1.5725135386769564
-0.8186552045153428
0.4770241136386497
-0.07791822203061936
-0.23188540890132267
-1.4816988027774844
2.2377620543484444
-0.09708038829496907
1.5910813112303681
-2.3149463124517395
-0.29354280643191094
-2.7122761637010377
-1.1775875831640925
1.3158357714404336
-0.9088317596040699
-1.9461540502981856
-1.9082798157125562
4.251858996702829
-0.9656156433416626
0.9262691541686757
-1.5974549266847782
2.904341541084382
-0.5236010258837513
-1.31713612127623
1.9918049042722636
1.3512427532586173
1.4626308546199556
-0.24936740982804478
-1.2340120574738138
-0.9484390393404181
-1.8229493846408227
-0.16104422741284855
-3.332253715342126
2.2681075598804585
-1.9522899965235703
1.4893854336902264
-1.8881787851829492
-0.29657053458738547
-0.5246925427202239
-1.1312095173885883
1.050595079352835
0.9029710601111907
-0.2911090524981361
1.2829045883250367
2.038118151236323
-0.5768742917990273
0.1584136990464093
1.0899571667511476
-0.47457280498291643
1.640328820713667
-2.8182969292650655
2.430130268313887
-1.5425967063953026
-1.009969073981772
