-70.90496689733854
-0.30327048028981796
-4.5941508242642595
-12.418367840844823
-8.50956928560346
-0.006770104445771752
-0.7170523364257895
-1.2317001653094786
-0.1984202884213638
-0.38663107968222477
-0.029134811896155993
-0.012791065687820333
-0.3629692793007376
-0.24316514807035644
0.10180433359396998
0.37460457458989627
-0.22833391768121153
-0.1900789859964127
0.3257342388873048
-0.1962156805555352
-0.1895406198106163
0.16022777810905003
0.22477843349621418
-0.47572587337469063
0.2553243163812504
0.16919792673717382
-0.18085836303826913
-0.41910484744437276
-0.08475514898327785
0.18735668544928724
0.07333413786918627
0.0024814962698372217
0.4178777676866909
0.021463866639370457
-0.08539638297304336
0.11600899459483044
0.10689818048257095
-0.051778354294117285
0.43056654389056304
-0.12034567855023073
0.19898349574182925
-0.45865279129225817
0.06060145028396684
-0.11036491551862698
0.07237896727391709
0.05009109960035696
-0.0698941737900867
0.06826977905875378
0.17294750808124532
0.4452678693953525
-0.16024426320354507
0.010063142209663825
0.13091168468197148
0.06957477624584232
-0.16623327576922875
-0.10438104425676992
0.13001146879138958
-0.08861363186818048
0.07147695468648704
-0.05502485789178767
0.46006767211871874
-0.2711969397107369
-0.1393996787682155
-0.11586107959008675
0.09886108046029168
0.011016683380400807
0.009735994289473734
0.12694547245737123
0.13454860902444649
-0.03768272854797776
0.089799720206906
0.13622457719703907
0.020836549161509087
-0.018589623853745574
0.3261541389351985
-0.22792368499714732
-0.01491020476128374
-0.17429948022361044
-0.21205558903511262
-0.1777322463140075
-0.022486547260532095
0.1153036277213518
-0.049303884551621185
-0.08870779306318399
0.0018038247535509533
0.07255287326479266
-0.027956088253947187
-0.5706801309559253
0.45652969528630877
-0.23321746144461375
-0.24265469808408094
0.03422621234411967
-0.21471074750755298
0.015127068562378124
0.2603988047647238
-0.08883447839659614
0.20284495818885034
0.30756016457706115
-0.05911672361557037
-0.1638515350831335
0.21710881993931763
-0.1996604912013839
-0.21526175571833178
0.031997222203756184
0.12096238871756605
0.41354723310809227
0.040953262505714266
0.278801198320648
-0.10340245041420801
0.18908133732726407
-0.09229479446618838
-0.01808521107866342
0.2940486817566726
0.04412650494111057
0.02385300397115673
-0.007557314173944604
-0.06647696189206345
0.056259255045620904
-0.1728323227292261
0.07992654057812715
0.3154463975090501
-0.019938049591663783
-0.006282287343358672
-0.0768486117942273
-0.11327143459534719
-0.08033292272622103
0.08882119258082682
0.1686066529433909
