42.91822830134212
-59.70345385217544
-17.53483582785316
-12.600442623580452
-8.13934001297611
2.440417122240052
-2.950814096900118
5.836096394257501
-2.969258087420864
-1.894369996578633
0.8614998877156143
-3.857084152889394
2.077127303186173
-7.301848765475972
-2.460419779282111
1.2826182219090154
3.4172581842609175
-3.316165792518284
-0.19498596898196063
-5.823636164637095
-1.3974190630166121
1.690648446902799
-0.21637350655435927
0.9031194642824321
-0.2211467979146164
0.3253731950378863
2.36068144079694
3.962651460909479
0.2827877874266945
-0.38227732274045867
-1.20072427066029
-1.0979595776330124
-1.3986659561817483
-4.090603525099039
0.9120067317444156
-2.0604402212808495
2.3706773815504842
-1.2165746917583873
0.1584028204502618
0.6045987678029406
-0.4004324629339556
1.0915913163253559
0.9335598794876966
1.1250187251355777
4.772432825293383
-3.0067905416580514
0.23750879357091695
-1.9790496500081483
-2.8523711723867082
1.282250992112418
-2.868803196597944
-0.03167550760564134
1.4976930093576446
0.8786921787877037
-0.18544321808203873
-2.8140836690162807
-1.0080400195112142
0.23909252833970257
-0.798723681917411
-0.1475125244931241
2.3191182885305652
1.7637580148287564
-2.321633547828202
1.3913949117371016
-0.46544007174294766
-2.14048481000415
0.45386859940947333
0.5323573250809688
2.252683850097661
-2.854788151986827
-1.628174437370987
0.4665425911573688
0.48591778603532787
-0.3248302157697667
4.427040905626523
-0.23128074252629682
-2.367238034925937
1.638139846477064
0.2501997437849401
1.1120624374773718
2.64759929643033
-1.8559746477443757
0.9826151576367538
0.9367326307538245
0.6294937403666502
-0.49162345029921595
-1.671632016061547
1.8780812557925397
-0.30090874097023357
4.248425085278798
-1.4563936329830856
-0.8238189243358598
2.1172099009992187
3.880014821810719
3.526720355499427
1.6312829857201396
0.13889842265636912
1.75937276128367
-0.7274787987203618
-2.5818588668221807
-2.111766372400727
0.8414067659580535
2.3651373274412317
-0.6063830885142037
1.1693356409614315
-1.0285446507081473
-0.10568584220741611
1.0715924132384014
-0.21683356380588054
0.4354093465551133
-0.45034449784757746
-0.79804878921596
0.13660661664040946
1.5191451516651044
2.829445511797935
-1.1358490501037573
-0.37708306284075793
-0.3032236995086145
0.8044098549722175
0.7113444164340429
0.7084415450477982
1.3374042099164594
1.5802891072084555
1.2691753437915823
-0.09319937478651055
0.21491256893646493
-1.2733244178716254
1.3980285405079778
