32.09627562505139
-37.45541418977395
39.112232468277654
-7.5612044314602604
11.685867174124162
-2.3513001584764064
6.522024973949029
2.147924515281712
-2.5190661798187373
-7.056191670669921
1.03302778285255
-4.2472069082510915
3.859098441814063
5.303717920104728
-5.075835554455293
-3.3305004183190268
-3.0123895643899625
0.6908622401878757
-2.458595356293735
3.338954573063175
-0.7996465680334488
4.5762347481178205
-2.31413783745152
0.2796945734812065
-1.5017713177743377
-1.7381773039560011
0.34621287370238285
-2.540020587093811
-4.509167493973699
2.711238498190815
4.328222600029734
-2.517215650070801
-3.9726271258613295
-4.903869651013762
-2.8616958256187597
0.40884840060652194
6.113506841095608
-0.9143774229955656
1.1937817132646038
1.3974797903763205
1.875592263466296
-2.838215711576014
-4.096319283466364
3.0541915676308062
1.704732122110229
1.9989274839175952
-0.7158183706800175
-1.2944846455877967
-0.23549333258244437
-0.14445502446625938
-1.6749173077321782
-0.03734115482621972
-4.160126133428036
-0.6732113540271948
2.2418720263077483
1.0315991159487101
-0.1382706121575223
-1.0324478319386279
-1.5240962988746833
1.3972827078577086
-2.1293166418698717
-1.303629861504399
1.4359471407575755
0.16925155299931416
2.861629571411587
2.799546557801715
0.5958217252760413
-0.29334251841901143
1.6345845934651861
0.5512068656482711
0.23540289461848746
0.2524298480711379
-2.0550246160095673
-0.28293208809029524
2.2437118602807726
-1.2296905450209668
0.30873073032818144
-1.3701672967699203
-2.3264313729711046
-3.9747940412953278
-2.9281741717331977
1.822291910261471
-0.833389200273289
4.577730207014147
-1.1233554748540096
0.008215231450865057
-2.419629296157039
1.227686894194614
0.9373732291090424
-4.046299535221153
0.02498276986426222
0.20207125667158993
0.36940526368010884
0.9682847074756508
0.49358170575990623
0.71037747211432
-1.3024807808736085
-1.798081655012792
1.019983016429966
0.7474541826698995
0.1336019256310769
-0.1533739087591378
-2.7257247448725574
-1.889440990973661
-0.11329036682219151
-0.10160267813769137
4.033033999613359
-0.2720865947749029
-1.739803016918653
-0.4915754925848163
0.2120799190046734
-0.07380843874369575
1.2836203583100967
-1.6993869842119187
0.45691787547290097
3.4432765216458288
-1.9609618033263483
0.9958344865225297
3.819511853768571
-1.86517983773634
-1.5944806578448918
0.35011506905727485
0.24132352420537512
-0.9067392803615925
-1.2921923661959651
-0.08261932510162628
2.1623187681622076
-1.7039272768838647
