15.28524669005031
-54.48756993286681
-23.02771754872437
10.966310129143713
-1.885404060106111
-9.739571193623668
-2.1791914333408733
-0.551665825381778
0.438510632142597
-0.41273429671202194
0.31146562896436975
-0.021087433515626294
0.2780831391336728
-0.2897866703864637
0.11173685104036474
-0.3007820691383731
0.37827450871504537
0.1344591922569307
-0.29341238165638295
0.20766771246148075
-0.25714965423214
-0.1371069045517815
0.04832598108006518
0.028167118051121723
0.08088838194858794
-0.10541662631586973
0.15933675513290546
0.626413124691193
-0.2623851058827962
-0.19134613848348847
-0.05763923237225095
-0.2745449444391403
-0.05256679753217282
0.008571555839504055
-0.05733892058424869
-0.31327474626623736
-0.1420321070843697
-0.0052596491314282345
0.20025708036194595
0.006812328274972024
0.21149344979294193
0.06647601580722276
-0.10393173506701363
-0.40142195962772026
-0.16896866358519083
0.04241280918372632
0.13441200200250533
0.06809990395218901
0.07141491321283182
0.09335722441425712
0.08596163074610297
0.03923256535241494
-0.07488630667329023
-0.24883173729224606
-0.37762208755404536
0.07599199994029213
-0.11981186817818043
-0.0023626337725806412
0.04024162952251156
0.17697104216441362
0.21013792915064192
-0.3971119644282076
0.09362258002498108
0.29382642144178883
0.5940059839239752
-0.016810714959838217
-0.0909072550595425
0.5657625782729522
-0.09882655764174678
-0.3181883509743126
0.34997678032806534
-0.6757155567771875
0.27088428039491014
-0.05912435794500876
0.14934105773805015
-0.11146256040628211
0.11280253324549039
0.08774351679314964
0.1116417009041366
-0.011252828325017616
0.015414830326160506
-0.1167106606758809
0.1652970010734652
-0.17738507604176001
0.5083041986943637
-0.07493881803916591
-0.011887723907514493
0.27687994181023046
-0.25543016445294214
-0.5820777217532183
0.07275088836498717
0.03640647895545282
0.10664364943693014
0.2328921223444395
0.24071357503533325
-0.1661839926365081
-0.4131018865969999
-0.7344230231171128
0.023717124951114055
0.21659787353094123
-0.24025571347724772
0.3310340787527612
-0.08330737923874579
-0.11160254707535762
0.37690227670971277
0.049311846268531266
0.01830049191118278
0.3038970737193173
-0.06878136256904206
0.1321692872932259
-0.27066257721407677
0.056411125884285304
-0.02559816144854122
-0.13494136276476845
-0.2389903884600086
-0.06361062611585888
0.18629006088766875
0.16135675466199204
-0.24344359275240585
-0.21442837492176095
0.2575133713839074
0.10751224120995279
0.029768986855050434
-0.12746614449747729
0.08976155022562296
0.09834504399652008
-0.11546628602873264
-0.07361746781196142
