-25.443683462225266
0.5801491776633656
58.272594392023024
-10.624913744151488
7.413648315700273
-0.29262581050251946
0.7809610541402979
-2.826974845800795
0.514474918337091
1.470787131444957
-1.737888468893918
-0.8601918875097482
-4.343992533652618
0.8377813031824917
1.2927861969529577
-0.9780317787475931
-0.17669188504050048
-2.5345200094893783
-2.4219612496728153
0.2932763391375071
-1.883385975777082
-2.353690856381534
1.5161539010685272
-0.12111286923869385
-0.5746747043932297
0.9867938210410825
0.43813296496518905
-0.7659056683676804
-2.269407366509691
-1.247653521983074
1.558192166252681
0.08527724200576736
-1.133227129129903
2.5384779833101128
0.9947381345342259
1.5714621019150816
-2.0176467805702236
-2.1176636264617597
-2.4352977218424616
0.2528919826221247
0.4766831439321653
-0.059394731829858716
0.007555966120412733
0.21328780710116813
2.2642503040257447
-0.8337276465365845
-2.031190560546159
-0.423999449786673
1.358629332893982
2.4745455915894023
1.8637080267782613
0.6348861769798665
0.5213646763509745
-0.42891901704953417
0.460161110355372
-1.6721948294009574
0.24032968802190288
-0.33880665387437425
-0.03973503093524866
-0.746853395554219
-1.1472681454241624
1.3432074303942485
1.0108669768971656
-0.07272272314498192
-0.08821727786256586
-1.5055622653349718
-0.6221155930714706
-0.41884876053810816
0.4302562359860623
1.424319281510104
1.747826444721906
-0.5782848586708264
0.5172707682182732
2.633327352293752
-0.29227019001791593
0.9026853686888328
1.0774160874762688
-0.012452571254720574
0.31787213916345536
-0.8936370610432686
-0.15238509200065245
-1.3514051407484078
-0.7981572433217873
1.1031738986227058
0.21711006383106368
-0.6211209702663183
0.17433428355808134
-0.3457142448940153
0.07276094532501372
-0.40610965584120035
0.44185823414402714
0.07279250263196313
0.7151715687601818
0.0986210893514684
0.5176071752417104
-1.5760279233911896
0.8547661530578741
-0.18233650881961005
1.1115656686369144
1.2047548126006113
-0.14929009813287586
-0.26575448194319296
1.303523208984678
-0.49230666696251046
2.395085205510726
-1.0369075719203864
0.7468509090718448
1.0879070242260136
-0.13751635104217141
-1.8173616481244392
-0.3533009768197063
0.45665598886407327
0.8197889807210499
1.0043659786106913
0.7406768114222773
0.9086422275683749
-0.29427217171856435
0.991257829798573
-1.2232972080004088
-0.7454127151959588
-0.04826931808360366
0.4256343667566342
0.9559835162475099
0.04231320589942501
0.2616395340027131
-1.1906443767777783
0.48027215629572634
0.23883012663183206
