76.5823857462523
39.146605837561516
-38.436823217050694
6.174119732938757
-4.958741375168719
-2.1997256609888227
-4.156883677199992
0.4913673524031903
3.1446390154268444
-1.6589353528582378
1.935527413558141
0.036592933162155394
-0.8500625716179658
1.1627098291037
-4.6482553417051715
0.350706602256492
2.417444688440222
-0.6178153809559128
2.298324637692642
1.8477913721477797
0.09079119964450974
-0.12746696608858094
2.682680784229488
-2.0597340444156367
0.3964477825458552
2.7921386191422384
-0.6150149487447307
-0.6586629082947535
-1.0542832487576155
0.31682358415590905
2.4789682183529433
2.4602812802755687
1.4608011077295182
0.9210029661465111
2.2946289566953113
-0.617295155936863
-0.004075847199996485
0.39903573268896875
1.8068237545197412
3.9003193579116298
-1.4130653191058111
-1.7596323767238793
0.900442398790696
-1.1604689899652236
-3.933949779560054
-1.6497975468400743
-1.0721510683778643
2.1227977261248103
0.852090369686918
2.104228750147545
-0.40518987073318824
2.3650060389674303
0.9867672516443997
0.1968829147762923
-1.2955182100754377
-1.1618582507204052
-0.20756865902178148
-1.5705093486859836
2.0212385171536065
1.9029167447016069
1.328424935471545
0.7478614752830601
-1.3029291284582074
0.3058083059992929
-0.08395503005957615
-0.40760996968851565
-0.9497614582067596
1.4690006437834693
0.15342624400782542
0.338440514690373
-0.1804463665572541
2.5208312707898903
-1.1768497915763556
-0.36293751544563724
-1.3165469351042085
-3.13160226922849
-2.12274647934206
1.4826927725248797
-1.8306498537029054
0.6547716817618716
-1.7492123096850434
1.635052574471613
0.36994262837691994
0.4614331185365378
-4.2808616218706295
3.9258903173489483
1.6338899252316188
-1.6240492575357823
0.2428704203891846
-2.383558671316591
0.43739580152710844
-0.44103036678668806
1.5720950323307628
-0.9768112242074775
-0.033988323650342565
-0.6803682271478826
0.5680481615799383
-1.16830705017145
1.4079599724772105
-0.0399875388971093
-0.6038956388742236
1.7068559844105526
1.8084445377600638
0.40835841901456793
0.2180647886977011
2.773473878510398
1.0165023367256427
2.694226584722091
1.0815241650428762
0.02073447814948754
-1.384640102504042
-0.14142757340099504
0.047853081483825034
-3.016506652441884
-0.4803395159457655
-0.17007510929252562
0.2695562572613502
0.7425276602222854
0.1318325698911555
-2.5705612933206656
1.0601576850579517
-3.1261500191972975
-0.6111837271273368
-1.5552737059374309
-1.117970894600464
-1.2075061856323905
0.8252879036709376
-1.8720376028272994
