56.44453046990935
28.4301454378358
-55.12649813480711
10.74216033084378
0.44606627281668865
13.669305300680023
-1.6812137257938613
-3.7572984626526877
-2.8744944155656635
0.5501746499473547
1.0099506814797619
-1.3305357634035464
0.6790659378305397
-0.17760440182314674
0.44551355961392924
-2.133315752066811
2.1075968555574294
0.27624148643277624
-0.63943922838599
1.0157175833393428
3.9716751563837076
1.9832579368100405
-1.3519823342809978
-0.6796629123459221
-0.8436410635996676
-0.5460434390219109
0.5421427369272394
-0.8268092429825025
-2.4280922970347474
2.4630237373609836
-0.4561650615175169
2.4580993767936477
-2.38324164023346
-1.5890532278922962
0.34676881895082834
0.020922373318655818
0.5523781439631468
-1.1050239875707375
-1.3939309115703573
-1.2809319534888985
-0.3227780056431859
0.9222173598644305
-0.9343668603156339
0.15667134989485698
-1.3504214445381488
-0.22353932536175813
-0.39602088331596075
0.720595146772695
-0.23637565354813664
0.7585576899893762
1.003580115011665
-1.5510457394522805
0.08812105775075227
0.06877435264153325
-0.5073355027831848
-1.34643274333069
0.9782320235682803
-0.16419762112441286
0.7399287381335422
-0.2978061916934922
-0.0693679182438949
1.230281999391111
-1.9626426296958515
0.8698652187407679
1.6006253309521101
-0.3145014552497191
0.4661066846555103
-0.15449625327723898
0.026770673495002832
-1.100756551658708
0.3270780183561947
-0.1590466439956134
-1.3955170904134453
-1.9319232900755527
-0.4296055374953325
-0.6008610969637168
0.09530202750139077
-0.6056378080745239
1.1648738474693787
-1.0546402197261593
-0.5320627483667529
-0.22143576613443566
1.4675257297396047
0.3804536075452953
-0.254944848204709
-0.45355398670020913
-0.46091056940632963
-0.24031283291409952
0.844269752194743
-0.6585165711361902
-0.4215812898757505
-0.12104855724658425
-0.2266456471082908
0.3544490276463452
-0.035612455381659365
0.6563426075354931
0.5442879419452982
-1.4041986793321304
-0.5865316142670672
1.5477228555695774
-1.2191731035044264
-0.602231696885668
-1.1073339952173626
0.21966251314925717
0.679319749360636
2.1994560616292804
-1.6076874677929371
-0.021470014296775558
1.3518911050537932
-0.09861997167280281
-1.1003663783753186
-0.47728897109241764
1.7380838247439017
1.1411903501160574
-2.0051219143913497
0.42198196785931963
0.4241600120244302
-0.6008178137473014
1.7769890439217015
-2.100641445468308
-0.3038444401425867
0.5902343864285226
-1.912567154964167
0.16023746181526677
-0.1186986801976955
-0.06604795085500986
-0.14231905060365035
-0.10055773200532353
