77.45830857752007
39.3926455959227
-36.30820603821261
-4.3827077048979035
0.23334902206828734
-0.11168976918717544
3.924125675461025
4.633439278894041
-9.386359937696312
-4.270322120516779
-6.1820822051190305
2.198529243363459
0.48817239658024514
3.0009802781173174
-3.297199694183452
-0.8591860547357244
-1.7819203564709891
1.8532643641313267
-1.9785614038779253
-2.0495479434905164
-0.30760158573384977
-1.9841513850372854
-0.13604755097679747
-0.9608958844940836
-1.6791299511327424
-1.2909348235755411
2.8446709127870005
0.02710232336746063
-0.1840153905806244
1.63393941470866
0.8606503554002995
-1.3315647038002971
0.7186742944072703
0.558365037743636
-0.3625916323143719
0.4550704700983403
0.9984072234889368
2.3691933828826786
-1.2012027853883935
-0.7331521763403128
-0.3092598139807382
-2.47788734314141
-0.16216829354336973
0.36243210604682063
1.364869975881307
-0.2045999103932446
-0.6198091444380573
-1.3309268303462605
1.0235518398677037
1.5705079795440442
-0.8370091527091146
2.531502623433666
2.495477809256404
0.39117848076987766
0.8198076234142079
0.947797305486323
-0.6502097409873848
1.435301109479151
0.7007414827537272
-0.30984971399402295
-0.9076227384652833
-1.0893955619778803
-0.27003317384657727
0.5030964244696462
-1.4727047489873495
0.4776376927034993
0.12437841929228038
1.1272448139123854
0.08645455145630092
-1.1201227664874043
-1.2046746558720067
0.9264315631520714
-0.20511845820793634
-0.1429363359284939
0.8122727253478734
0.021494431061560154
0.7840955799645465
0.19460282682896787
1.1388382522698774
0.9672753285298002
-0.8519400270806623
0.6908060122556381
0.7473815112874592
1.0299268740753293
-0.35708067289952816
0.18744853832370412
1.5366456199886485
-0.7327890895798057
2.0395942405001106
0.9455293484324847
-0.20310488462812493
-1.5091289368647516
-0.11717979287428763
1.0732433412906128
0.25053433166435907
-0.8332597713164417
-0.4556004817550065
0.8408516163918826
-0.9239217044458043
-0.8882264271544618
0.8583671892931685
0.6917441018024673
0.9089930825982878
-0.8239133068092344
0.2249172914831981
-0.6075132918264536
0.7009605240743882
0.20457957984700254
0.9028604583319538
0.17530129016422868
-0.842226062837201
0.35206194666654306
-0.16920203385372298
0.8511651654259859
1.4882362027273557
1.9342001500317438
-0.8160382856849884
0.18220534241926675
-0.03627702242178735
-0.7874006161517652
0.15411893492754253
1.6765083790427777
1.9241559355856204
-0.6826407398062779
2.0773995388705595
2.5561293890468684
-2.1226692050018605
-2.0468361643340107
