39.24156285832559
-56.32397056188273
-8.632357192744143
-11.500602601542024
9.35539518623564
4.391386999523476
3.420035626935406
6.126367861717528
-0.9539179506712325
3.3844835156593978
4.5643187840773045
-1.2919240270669252
-1.4331573734431964
-2.8868856385438417
1.257631836356365
-5.7181003343086605
-2.8147865978581414
-0.5880446617539519
3.1798227051350776
0.3498657835773442
-0.5126038285648833
1.7301257970924118
0.8224788955697396
3.2790918963227194
-0.5739247296762481
0.10319294286429906
-0.20827696690083725
0.4608235901146246
0.5211294388456581
-0.9752167584166558
-1.4472297162274819
-3.003579370056275
0.1157684979550438
2.6917631398596447
0.48861025681184056
1.2598351399913348
-1.2151128344112847
0.9214678889535636
-1.3099921049351668
0.17805905461519045
-1.528224352124681
0.7571809473377648
0.6874835493945224
-1.3489556313239506
0.7663072131357311
-1.7404298314588398
-1.9906929999480854
-2.2179918414987028
-0.5218909223186811
-0.27515150768561053
1.8907961129160091
1.4909215645746616
0.025268443225362144
0.06242136996859889
-1.0600917743746183
1.0947071447361882
1.1045202768691789
1.5492920494855298
0.30134963559040545
-0.4217017240836043
1.0908199663094593
1.3303395877191007
-1.080947723707366
-0.7853217151421743
0.48848540637069227
-0.3622744130250327
-1.1748104982713654
-0.6610748351960756
0.13262031389490672
-1.177276203352573
-0.893245043749995
-0.48335302617222575
0.3918674253587308
1.2474868651980935
0.21729765159080336
0.11641866820371759
-1.399359335407963
-0.07856392070170182
-1.7175768702537877
1.2669024657253078
-0.027934926665361362
0.48834243622752965
-0.3536237104622766
1.1604070653889809
0.13631425094921443
0.5853165323816287
-0.21840972401756711
-1.0520794229387842
-1.1982222825633202
-1.6982440067815148
1.3585218393857645
1.2981326693277224
-0.17236945360846045
-0.21912998136716486
-1.0491335015535874
-0.9885749765303937
0.30042348585573203
-0.4438782721104126
-1.2183706941720758
0.23881093069464313
0.3684276672874118
-0.9022070569835856
0.8238986402789444
-0.20343308329874465
0.005166769805341559
-1.4442819118609003
0.43232264272554527
-0.0978544587659545
-1.1479527206256472
0.8442133831769952
-0.049926605653812586
0.8062030687523503
-1.12889719348712
0.32846865537935377
0.5625044919807578
-0.26557303959054823
-0.46105140142290096
0.2746372580067731
-0.5898340748799598
0.06859397782391839
-2.0698739976162543
-0.9540572566013833
-0.7428119557417251
0.06279530526517167
-1.4814971776552748
-0.24910020683753706
1.1381525116645184
-0.49730429079964544
