-23.00137179030442
1.3777043296202618
58.10676453653526
10.220172647552571
0.31885331819167473
-7.70033574757471
0.6844470404380061
-1.9751770799401815
-1.5076907047031514
-3.587957682134872
5.7711629742502275
-2.091578030735799
-8.066348076581916
1.2636254604716664
1.5238781772130048
2.215048340787075
1.50884231293036
-1.520739949114326
1.2747553002477512
3.9495939660576873
1.0204055599617219
1.312933498503668
1.6408151897844645
-1.9330493688872674
1.8216006346908502
-1.355883299616577
1.847633719359128
-2.725377443551375
-0.28872729489721666
-2.4660977698596476
2.640840616477311
-1.820090005948197
1.8197075747834328
-2.2441505651597886
-1.2767324099208697
-2.103233707087652
-0.4425829246162964
0.48957389419129393
-1.3407707618098392
2.4201073121550722
-0.25484848864535736
-3.2175836341657926
-0.9834055201828795
-0.9556103221411609
3.7275389018303997
-1.0033268032177314
-0.2060595635609292
-1.3988303949444292
-1.6520559404621518
2.9432425555938617
-1.552501354969255
2.382781012044637
-1.4634123840704263
-0.5146847024466616
0.3414491977311274
1.4057954675130637
-2.040398457766897
-0.34759158638833043
1.3656085636780888
-4.102793787226225
-0.3969134970823498
0.988633509990751
-0.4134460638835498
0.11518304821570143
0.027051100143864998
2.372509239696254
-0.11395172339892691
-1.1541969887352044
0.39956655546377107
-1.0472839207512348
0.17835215910020102
-0.2235928848022473
-0.26138548696575914
-2.278274886122405
2.500406682282436
-2.395008627447105
-0.7085416232670779
-0.9614744372229739
0.7223860585369937
-1.021455768800032
1.2926950517967997
0.7297034677896237
-1.6385598936268975
0.3664211360868874
1.0108489580432987
-0.5198784884919512
1.577300542916103
2.036506183435596
-2.9264629997235323
2.7414550842499197
0.06707128921871255
1.194699211983796
-1.4066979860126672
-4.18643302123926
-1.440326810428556
-2.7190906303287488
0.004225218071682607
-2.8019594297425074
3.063717772073626
2.0255635796835314
0.34794618512480313
1.1045829522553474
1.6656777095520503
-2.458070159953322
-1.2565941825088416
3.608333205459327
-1.2375962703997248
1.2308614822691333
0.48910052300859375
0.9631304225507482
1.5919560090290064
1.784701346400904
0.38228605709662317
1.5455556118868388
-0.19992843485388642
3.7003257451422003
2.2112546964035897
-4.306875938775754
-1.229605552046367
-1.916242249934884
0.39698776758183996
-2.101145176010935
-0.2940246414056302
-0.6587439201680072
1.8080598814787887
2.488887340924726
-1.9058021403564773
-0.046250669798725975
