37.09715119356082
76.3828852165987
38.21102231481111
-8.400931244495423
4.390268005808887
2.2311490530678033
-0.727668360004678
-7.810195403021782
2.520958755457249
3.1751051364447833
-6.209164215594669
-1.6838945868564734
4.050065277177774
0.5299514598035808
0.8994504586071144
-0.42344694004205075
0.10806435715300688
0.855357604323597
0.8167518932833676
-2.230634340633631
0.04481478548967306
-0.670580389768471
0.6679012868247809
1.5779138617910233
-1.1258668683088286
-2.564761783205056
-0.2731873134617808
-0.3931963177996759
0.5709266436582942
-2.723643599117141
-0.8525566743929777
-1.3669252965693066
-0.5272630512774332
0.16678856379594795
0.5798918146155804
0.517060961689173
2.259612288030998
-2.0111319480955907
-1.6408245115070352
0.49850509186166525
-0.47451443909184543
-0.1733450940649491
0.25469511915821963
-1.5763942141647407
0.12959743403398638
-1.9806211119780495
-1.1563555935604741
2.9377595720240053
0.6090353870721688
-1.0324918260390363
-0.27875606041832224
-0.9738458609277436
1.0027012658539076
-0.5688138379512644
-0.2850293540254412
-2.354741010099931
-0.43191783828654723
0.3585754927212599
1.1630110386522934
-0.07794845631141425
-0.021981813065632006
-0.727304027536372
0.9762839290233002
-0.1305316553286276
-2.6190684074475987
-0.35609287143028395
0.9105808484246513
-0.7598529189345906
-1.8215247464929796
0.7884643123866334
-1.4116540512217244
0.9379559978818421
0.33371640261355984
-2.470361076749482
1.0781548982361755
1.9614447914572959
0.6876554993136291
-0.09589022054173271
0.6287318345822328
-0.1478530528484744
-0.5743962489802961
-1.1473216862390323
-1.3307920024595683
1.258165171719032
0.6750309673678516
1.4387907469961272
0.2828285300538739
1.303213614961961
-0.11902691248193667
0.6920493921779745
0.19741362412804533
-0.41979876630067997
0.7501108134305584
-2.3579829312762293
0.08447435214501522
0.12496881740215057
-1.3505401282663803
0.03246239543231966
1.4097940288550945
-0.695197964733855
-0.7611624117108071
0.8497752997814145
0.8367040131353414
0.6078303824411141
0.170364399862714
1.0133755776030857
-0.09797962100850327
-0.5425528888635104
0.1166030839937455
1.077686448101798
0.8040553409483202
-0.7776445026669166
-1.772474680984745
1.8660337417525266
0.46939852175492736
-0.9134057204094415
-1.8391703557021872
1.1462460586600158
1.2849061543497238
-2.6548143448422907
0.14159302686451594
-0.07461006486128538
-0.5037961696683796
1.4833219247416272
1.046308331862615
1.1249651903431532
-0.7109476799111591
1.2181287014279074
