-44.22838246472312
-24.764126972451148
-18.26656486946491
-4.718593800296894
1.2527268296494851
-4.623300106307367
-0.7571013463905323
-3.7941920608202615
2.497112940093715
1.5850470904977698
-4.564047859792194
1.5280114563617602
3.287588937570754
-1.244747415184647
-3.8394176922120278
1.681933767488077
-1.3741774296444718
-1.893064579980684
-3.5128610712955433
1.797420346880854
-1.232066283089536
1.3347959297375949
-1.286101945873716
2.6232727067415214
-3.39351603169644
3.2018003040000984
-0.6071650692374388
4.214788865683499
-0.9717034876588523
1.4937517478053364
1.9776168705404689
-1.0375376167287125
1.298205792748044
-1.0908077168919736
2.33711886593694
-0.327630222741739
-2.8929519431964597
0.06164808043276587
2.1415339103735818
0.5269164730242684
0.28678736462651994
-1.6041448916499195
-2.9344384313246126
-2.3514312801986508
0.4248791903103228
2.8071262998885405
-0.628321824683832
-0.23203184437984986
-0.34488624086153863
-3.917983107117009
-3.398639021631156
0.5061642739196311
1.5116640326794393
3.463472266654223
4.115481108830206
-0.5427706160464218
2.766104430054331
3.2010342019946636
1.9425644632763788
-3.7446526533279347
-1.0308442397977728
2.858589521849163
0.33069611848201586
-0.020811433150307868
2.59041733536883
-1.4265888516346772
0.975543491914051
0.7971963308738004
-2.9056442123052006
2.067381532857727
-2.4094661328846247
-3.246790102494157
0.4052962925370593
1.031492880618665
2.820539638893705
2.685500448607288
-1.392051387294537
0.07458670372963333
0.6122612189687462
-1.4545652769649864
0.3614598491224573
-0.3658298683076743
0.03434352207756129
-4.258656084085768
0.3213356128008189
0.3589027474797626
0.7180649929355977
2.208215391440139
-4.958448179050323
0.42384725067695495
-1.3991857477431242
2.701071062406756
1.793679239964594
-0.9734534201255165
0.8191846714225574
-0.7333028527337292
3.551075123292783
-0.5628909363929819
-0.9076113970735624
0.5173094832550692
-1.4365160972455686
0.8881614379980378
0.878177022415425
-0.4583239240313122
-0.7158860065794975
-3.0296522778685695
-0.64122038056856
0.2770845961275299
0.37903126499079987
-1.9834140260469244
-1.132223468978048
1.6186573381313503
-0.7555132830890405
-1.3623085960478223
-1.1115207615674778
0.7102968864354728
-0.6588253761587926
-1.7125232204898402
-1.2249072455960883
-0.9373108866116789
-0.8993361688946835
-4.04814614408926
2.1818297344400386
0.3691813968791981
-2.437115112548743
0.061990412503135625
0.1658739617136537
0.29450189175288016
