-25.094997913524708
2.5897477372842244
57.44068665170666
14.858784801189525
-0.29012185272728763
-10.378792872891486
-3.8869027431399394
0.9115871472514819
0.30975497294317667
0.43500074183573456
0.5031473434763611
0.5926315553916068
-0.9745422886482619
0.6598624968700513
1.133174477784344
-2.208971950419385
-0.18319155675642393
1.884248711595374
0.29719157207849345
1.297628067613243
1.0865671805337755
-0.7926753725099193
0.45932809674876507
-0.6082808118771272
0.28796354746679603
-1.239408866273004
-1.76222236569893
-0.1386835865726193
-0.25096983225969577
1.5162792453798775
-0.5134873892026652
-0.5764637902483285
-0.4504373909089501
-0.4439701909743664
1.2385535871742896
0.25941261338949406
1.337835229065838
-0.05404526398194155
0.45325008614426626
-0.15976887448047766
0.26227959359171027
0.22082249419116173
0.2183943857063139
-0.2243711349800942
0.027592432256313026
0.363611387227317
0.3066299699866755
-1.0464582951735766
0.3911436747730816
-0.6082685222776003
-0.8643923750135222
0.1902275202132111
0.29282260575761887
0.0799906184468081
-1.0645329608918457
-0.028177276950886745
0.4143040503845293
-0.368458817077316
-0.7727358208098827
0.5753497179375728
-0.39422290659375425
-0.7719466127296561
-0.17910626662426138
0.3714640919758784
-0.04572890991307568
0.06590935955536854
-1.062140053091154
0.24507174338087273
-0.9368701502516881
0.30368672583201706
-0.14314812244051328
0.10642935747620258
-0.633927171666373
0.5587369902730276
-0.530067384895814
0.0444438034274834
-0.6035112602959364
0.7364472704855942
-0.28712883545850315
0.048589844254095266
-0.02395124744884619
-0.830689501628465
0.2084603896414863
-0.1842522517373985
-0.4237324028917582
-0.15588322512855224
0.9378507769403617
0.38882004102207546
0.6113360130714124
-0.17012692413531783
0.2619363255263322
-0.3181733604068504
0.138670631155194
0.27131907949994255
0.4846399673616903
0.6158630595209652
0.28301552898649845
-0.2596620810815281
-0.02752415645986747
-0.8877204755539752
-0.39564577458167394
0.027603200669244765
-0.440051650293818
0.19318694191369856
-0.3055109320199545
0.8381515434867921
0.5769356148352378
0.7225021111414928
0.040354358158948694
-0.47569559216310914
-0.4641723020524453
-0.20075790806766264
0.5795849189644267
-0.19278064031590514
0.21120406012749213
-0.16097135096553417
-1.0783713104302177
-0.5250876862890435
-0.36182381324665136
-0.30996705900375254
0.2781599885463927
0.12812811446431915
0.14140495739026374
0.2860952804253998
0.1768662647484831
0.4625244984009521
-0.11226721477792449
-0.22530947432674903
