-46.60190587557735
-0.8059114467673208
42.63920634378407
5.889018128612366
-2.3689943810704617
-5.339666257005418
-5.245602322114465
-1.7908440483890062
-1.4712697969790838
-2.8500804440883836
-3.8325413737458054
-3.325523969759381
1.738826828220716
-7.762956936019295
-4.870914655576888
4.654453662403293
2.934874002512677
-0.570384330115612
5.346418388606727
1.9882359105400627
-0.07689071828011698
-2.6220057561064487
-4.26214411961691
4.09146741026452
1.9842680545884706
-2.897583259918353
3.7493594995897546
-0.6488503022542698
-0.6538819253857144
0.4727539899857378
2.2257745483780806
-0.3297356490755711
-0.7043967264074117
-3.342625050116773
2.0706097502951413
2.575253531968319
-2.105293965386114
-1.6512530894383959
1.6314113001035009
-1.7237873487024507
2.633972539333087
1.3620081846406917
-1.5737231408918533
-0.12466779401897304
0.5470493405279911
0.7049896812762285
2.4529530827684476
-0.6087981042352292
0.6666969474023613
0.6469413489371232
0.7909659053383873
-2.5935742622598106
-1.0170747137817917
-0.08801504508667268
0.5544198736394665
0.09901420441024772
0.3087587338709416
-1.6169915161371613
1.8632074181022547
-1.5269467823518967
0.6809710684911136
0.4462050995550656
-0.9075557583908991
-1.8520519834378544
0.03235406768408486
3.2067080410066886
0.7867835365767503
1.9446580305413754
-3.493479409827162
-3.373029125381449
-2.45223781462973
-2.034200635905893
-1.580546366661139
0.8328018140060987
0.09366725956078738
-1.0664254310840628
3.0115936190228827
-2.1569298736814533
-2.9462801017484592
-3.1785711651721735
-0.20973894904441964
-0.14494674558334358
-0.4862783406382091
2.8124377568675976
-0.24103879954282878
-1.5493822972844729
-1.3891729575824898
-4.1709968189660644
1.5414861081863158
-1.7490134724958692
2.521802729698007
-2.313399076522129
1.9624933912547653
-2.4677869127481107
0.6853653325825216
0.48649135451455383
0.966105934079884
-0.4526612717570836
-0.2929498026212667
0.6873067616265705
-0.08355666985361475
-1.0739522130559938
0.12966850213828823
0.7893730018560475
-0.780581229916875
-1.429772902068274
1.888687419328843
-2.6496781598733565
-1.1638654036407647
2.4613618763657454
-1.649355615384655
1.1528818299038488
1.2223942233152532
-2.794657469942024
1.5825402494246865
-0.9408295779065619
1.8537896237251277
-0.9629001711971024
2.0243817529997417
0.4168574007945416
-0.41677951740352814
-2.177643457848373
-3.3712297234311643
1.678537475557275
-0.7860567214536536
-0.6925525318763861
-1.8322293338382338
0.6208580600192856
