53.72338340546875
-56.11869966692959
46.11726207521552
-11.76357222390242
-8.215996324248916
2.4990241863625915
0.918092133007399
-0.3099696702981836
-0.8748128986686136
2.1941467711691285
-0.7589481182022202
-2.205471518891125
-3.484684235800388
-1.5460191993266026
-3.073122493763637
-1.6657554749045218
-0.9282586290796491
0.4139880039570132
-1.0166105520477775
4.0466727778074985
-1.1193534781335581
1.149641000152454
1.050761261809041
0.7625560003250785
-1.0798158251800756
3.6379008283584846
-1.8790480276407526
-1.343439213040411
2.0432027876392445
-0.05826976556574859
-2.317890569147522
1.8864733033739163
-2.6962302193538523
-0.44777044505626035
-2.4886801205559506
2.885868836678325
1.773948782291732
0.577110953380974
0.37919846218936415
-3.4282810460347917
-0.9617021082583331
-0.0224552331006162
0.6771903519693507
1.6701829447988434
-2.0564306673832684
-0.506001278342226
-1.6866230315496757
4.223853143118344
-2.0478856787817414
-0.117007924643172
1.9590937524173389
0.7352618470770232
-1.2396636769186873
3.509385175776221
1.4460679247565753
-0.8974758096393313
0.15444949084430928
0.404577782745325
-1.8314750214917004
2.2943697052520466
1.4701621583042892
-0.9063464287644524
0.7016789951881683
-0.18244441107558784
1.3736890614956707
-0.9551084200764288
1.1131262277710594
-1.6848920709047426
0.23426396099336064
-1.33342647383822
2.3342364398138984
-0.9426424869926927
1.4110489792345497
0.8960835749823376
-0.759226007292256
0.7171857005557307
2.3784904858358487
-1.1597722210640657
0.425202558052072
-0.7674785864941374
-0.7522413160048689
-1.6844466288259816
0.17027933528034125
-0.037120843130461545
1.5505191848239082
-1.822749942809628
-0.9537814050790506
-1.1522791315303527
-0.5942780210364658
-0.8190584366632058
1.5218297746712433
-2.4144018427893545
-0.46273529560119314
0.28291720435128165
-0.28438526936176867
-0.9463351317993052
-0.5185548283117601
2.092548652164729
0.5281634817687627
0.41526894015694327
-0.5239089994587118
0.34138670842117297
1.0645619394609587
2.753547103607471
1.14388032552557
0.6801891418022067
1.4420627371851493
0.9576876500375991
-2.7645293673010847
0.5381393142436927
1.5472268634945543
0.7054188074241606
-1.5423409356902418
-0.34664686530011146
0.2952048145028548
-0.22848969716216452
1.457792436888443
-1.6002069281228521
1.4023397372425623
-2.5012021910189945
0.041585388109784405
-0.7844408723289829
-1.466363291830585
-1.563673794248076
-1.1208590000434002
1.380931932473108
-0.6236673288579828
0.8717828268614652
