-47.35669262831543
-2.603059883310248
42.35096930494174
2.0983500753850968
0.8630015895804792
-7.951555512726165
-5.986418050786202
1.4131565763825438
2.062727204912359
3.435577962944419
1.793657659237281
-2.1071656266964034
-1.746730979383771
3.2387543227714133
1.4800001818002329
-1.8294656065287294
3.3573591195093813
-2.0540112700047235
-0.009894214271417456
-2.9131312485357874
1.0434765477839498
-0.4682831790669246
-3.168381545187464
-3.0568994033539285
0.7484962718985929
-1.3384501228946946
1.1896977120371632
-0.3283500850964229
-0.06384956670885625
-2.067082687760215
3.468199664453423
-3.5780105279587118
-3.713525828985529
0.8523153137479984
-0.0709237095242009
2.722562355353784
1.0078847298744695
-1.4379048181212764
-0.8700482000917166
-2.8067321164408576
1.483422563274189
-2.8355876612972835
-0.2602746970507267
-0.12686021812493692
-1.2358893467940664
0.5363121497096242
0.6064710831186794
2.723296152613021
0.329995680776757
1.616997709381461
-3.4967111768060564
2.3175661776422354
-1.6790636821536986
2.745235047024423
0.32819852258545723
0.5311846752140331
1.8664408788754392
1.8512495870441004
-0.2893981926690209
0.1729881840868595
0.6193223337163689
-0.8738634128337222
1.621750234641001
-0.48469611002541635
-0.6161394578075798
-1.1653008559966942
-3.43610741605792
-4.085689439647825
-1.2156898605133963
1.093225659328455
-3.6462496267508175
0.8515463960132732
-0.6712566482787663
-1.580684818469484
-2.5710999656943287
1.0822453713397042
-0.8786130365844553
-0.02973786487945071
-0.4819229085437526
1.457985636306484
0.01579184066163014
0.4792476443667903
1.6721380150569638
-1.3717822476126789
0.31935394029043285
2.0475241862823266
-0.7973944063395109
0.22684355510759016
-3.2572770038316032
0.38402667800269163
2.203944436743664
0.5021490046329038
-3.057303580678489
-1.4082107509792345
1.041979091338149
-0.652072948964696
-0.6551930805773545
-3.8190033124481166
-2.4222554715402995
-1.0509882681699516
0.09932810977109331
1.08441573454876
-1.042764327158082
1.1686941877942774
4.4296121813564024
-2.3151322593548986
0.7198412628830304
0.20035388930286238
-0.9149263231382572
1.4303543284151727
-1.2242560849548119
0.5217268599424298
1.6927245143751075
0.32287745347175634
1.30704786285982
1.4597684441955123
-0.08943962778108025
0.946053155738211
-1.5876634813854373
-0.4831398168944832
0.3310591156364129
0.45906912142872314
0.8432381238595461
1.9072514821908386
-1.2380139894934756
1.6302524995126675
-0.5083447077738059
1.5009984859587608
