-44.808201701412635
-0.42241962393649524
-7.7523458058846835
-12.687674622829231
8.701101856702488
-0.06172513913510667
-1.69865564230633
0.06498132368314335
-0.22649510426557576
0.245981249127932
-0.20563523589772179
0.2236963489153987
0.13871236206068913
0.30526871919987564
-0.590517862406702
-0.08151533735007122
0.12768378937233305
-0.17528079224372792
-0.06892596284872832
-0.2779607714758732
0.6465389815939351
0.26116209683663927
-0.4458033143355981
0.1428697556369886
-0.18292795335392797
0.3768513657758099
0.23527575781933588
0.27528634324432755
0.004139608546063267
-0.18895312896605834
0.3107620063924796
0.14242270179155003
0.08183291831039713
0.1022396999854398
0.20277893725518517
-0.14943166417340084
-0.37209129638800775
-0.48737641518831776
0.31229918780513644
0.4111262218302131
-0.17881921838363807
-0.3321506793099481
0.13780639558266722
-0.09358621580972046
0.45484310519075183
0.033806616819161646
-0.26620563164408395
0.05880472036284411
-0.344380515896314
-0.334231065281426
0.2754081333883714
-0.04638313089841195
-0.24776897487225225
0.24740675345026197
-0.0657851540233423
0.10847405755802647
-0.016530802215508802
0.025735162552780494
-0.13749654035898987
0.006121550999029922
0.09799515926340015
0.014950217400328342
0.1615675013406467
0.3758213699398904
0.10890702638808938
0.09284047124426886
0.0300813061161877
0.2739659788226855
0.09093041797480295
-0.17085771154848944
-0.07986343180271019
0.023913539259094306
0.01085447781281667
-0.03218667809530552
-0.246242888119263
0.3034369860123155
-0.16002950850241954
-0.10613917345298646
-0.05181333872120414
-0.17688692475609147
-0.1316121180065029
0.1554778068246489
0.08347854581483713
-0.1676416784635542
0.1661079037438246
0.08336051094216015
-0.09443965751339548
0.20911501602996058
-0.11213668751309393
-0.00921709997418372
0.026166810814616227
0.028986214250088124
-0.09120682124596714
0.2219371614014316
-0.22729441195983863
0.06741421587974768
-0.06746937646429073
0.19441342955701674
0.23044191414771767
-0.0647810874170276
0.1983883608211297
-0.07462154477950264
-0.20271732169366757
-0.002942110559215033
0.17318197300831814
0.29452176641406785
0.16313260236429472
-0.36591444740903917
0.1939918279574528
-0.027511475964466736
-0.13877680984032195
-0.41313731965514916
0.2010494425789978
-0.06481296161099348
0.03329649130397193
0.3280999353979831
-0.11899121541718893
0.03519460509074776
0.39826549164444386
0.06399364508927881
-0.029809194855376128
-0.05794836754033129
0.22837120426119345
-0.0693387231754351
-0.25220348752811883
-0.017667238018959495
0.029502126361152747
0.12496403166615822
