48.71708348946224
-46.660313285752345
-5.346701685191738
6.0177996948447845
2.8021836655091943
-1.9385663996830036
9.62049305202697
-9.691996511169576
-4.15331856243667
-0.7866698612417693
2.8040638042019306
-4.123806624223501
6.489283054555669
3.653439020564606
4.2560944024588006
2.2889175017106913
-1.3997439264960698
-2.380570580100423
2.032700195329457
2.4770400119455687
1.2007573157213671
-2.876598229794372
3.945150439940554
-2.226256655939505
2.0191872068787093
-5.258933667845086
2.255215685303873
0.3240184459554861
0.5920118802909851
-1.756106190574319
-4.602835505015213
-1.8197182451250666
-3.3808554109440117
0.640598120146564
4.012059531425346
-2.0111882765462945
3.024138467562216
-0.31408255688038617
0.7554927329814163
-1.2744815024074445
3.9525572526916566
2.7584802856824235
2.548993308739139
-0.37700546639742727
-0.312484195745712
0.28164570334576905
0.6324843782084998
-1.4294433634503825
-0.10813140662872094
-0.7865550874348382
-2.222970623650283
-1.4232560934485945
5.41230665565791
-1.250662323785187
-2.390016072081692
-0.57105405133606
0.8105611894456992
-0.11970646993975989
3.9312275773806644
-3.379215639752541
-2.165062577624314
-3.6178535625069297
-6.038876827521872
1.717258038082256
3.382606479917102
-0.4524237200604061
1.3390101121349014
1.4380241164823544
3.071989978859017
0.2894271209918929
-1.6401189111092407
1.240962843409839
-4.465345013605021
2.2420703041769396
2.405745063126431
-0.4094737608815884
0.46518432419808015
1.9003982131513615
0.5300229261926335
-0.16699212076486797
2.8363118546066772
-0.1364781339043541
-1.0031758495311007
-1.3197414443840465
-5.5113248939293635
-1.6542937098224995
-0.24886013646148258
0.4880672167286227
-0.7591419346355762
3.2087827844079038
-0.08596846596802146
-0.5361145616983212
-1.9898622407349569
1.224980486961912
-2.1905324653476215
-1.3346897289375612
3.012499590974417
0.5316849202170584
-1.0227056960015566
-3.2066120170184016
-0.07525722302044928
-1.0780637746073392
1.1878955197269303
4.807436695549067
1.1118927127428633
1.7980650088981396
-1.21368455970413
-2.0253868354766213
-1.2700096680279283
-0.9492096679138016
0.42823447243052504
1.0168374111306886
-1.964468679798461
0.5277562491570426
0.13477708914004988
2.8794720387320525
-2.862528757693212
-2.5035811954663374
0.756097320384834
1.1891528321695888
1.6330436953559075
0.13981427414846642
0.44632285975265384
3.7283773745523616
-3.7604192868731197
1.796678741756243
-2.1060397834389555
-0.14412523605791908
