-45.087420722630206
-0.14934363098508882
-7.499105783143848
12.299376454968208
0.25867547577925276
7.407419695430657
-1.819821395941195
-0.5221077514276729
-0.21117683910547064
-0.6856925822366324
-0.02756854459954383
-0.0005399953792778189
-0.2541553637494714
0.03245115393466044
-0.27395315457540415
0.026986522207627345
-0.29796895844161975
0.03405596139834707
-0.025903085850115914
0.2473623942113453
-0.42542203054425215
0.32249187629147463
-0.38597545481027606
0.4454789115467573
-0.17652422492791114
-0.2539099496412223
0.4261878042905114
-0.21311505956679175
0.15994448728756
-0.5717489908077084
-0.0027578165796364124
0.14426856200168414
0.3852161433931519
0.14006000852039058
-0.05255166390026278
-0.25926213118468866
0.1561401770791691
0.3365513230446182
-0.5543550841183974
0.08619532389818714
-0.0007960653378624449
0.19417564662522022
-0.14552249895500846
0.4377471762174106
0.11197481696960361
0.12263465865043478
-0.07001505276385828
0.22628321845156565
0.04112698289213258
0.15185497134472775
0.2555130163545626
-0.06214625144139081
0.3049970296211848
0.03544976071097044
-0.006284871882295106
-0.2257403892227816
-0.36966324515970267
-0.053156201574135614
0.23308388843852013
0.7524680752888547
-0.07434303198995781
-0.04954498550099917
-0.3814203196861436
2.7522982706994215e-05
-0.2288448748029458
0.014260999539341991
0.2873599185805055
-0.2726649832211644
0.04856893517869462
-0.4169310855216571
0.33526861296753624
-0.16811511193610212
-0.16070530028288824
-0.2638631690029131
-0.1945897518966422
-0.19212605702975633
0.12486552451496269
-0.2794467745982724
0.05111295049927273
-0.0027084607077810813
0.24430744759860776
0.1112673461034548
-0.21341106421136155
0.3669579842562319
-0.36465349675843206
-0.1799539321135873
-0.04849838279153522
0.048338463989088684
0.08976166599779811
-0.1419849124583714
-0.215365559491312
0.12180293465500037
0.38822350999499666
0.11199335619025136
0.3075166791223122
0.054411606924259434
-0.04155150825639336
0.24745938811218954
0.08577213578630995
0.2722210023132638
-0.30130855409859625
-0.22857919969405152
0.2570847955674684
0.16180790708321524
0.03374723421911317
0.18698261519304057
-0.1907773912081694
-0.15973391581097662
0.4437646338126102
-0.14105043523155575
-0.34743990679686865
0.115964838042799
0.06539057217947214
-0.6354255905333532
0.059935880352218786
-0.08105892479467543
0.14300115104763428
0.19677736032737356
-0.10958450845579247
0.09570950380352977
0.2041393882967194
0.2059872515376516
0.24851430099203484
-0.21877839029686533
0.1975868805370342
-0.17489436458467603
-0.1813066939198445
0.28200648553837343
