-69.84657903940054
-2.082300102086485
-4.4976225043750055
-10.490238968943581
11.393920176407324
-2.7667263828341087
-1.582955397195203
-1.1489783602159234
0.39579463035540774
-0.5436581789820777
-0.7610727068615626
-0.5377960872268265
0.8712626101656299
0.3940990067398796
-0.11858328869185912
-0.1724158254771688
-0.24442640318161216
-0.14994958676582892
0.38537133690557257
0.010752863821428038
0.09231140396574294
-0.3937474466350581
0.08528513229151802
0.38421016199492747
0.20193123280186115
0.44540693840093687
-0.3068384529081425
-0.4391078733235858
-0.001845100676083955
-0.2646144315954808
0.39614375322710016
0.15608747621673943
0.0873542585838139
-0.008536049217832978
-0.002907800154239276
0.39426638932028096
-0.2841883163001622
-0.41644573062393414
-0.11344258424788467
0.2716912085564711
0.09717364867784885
-0.2582583736120865
0.10315025177647012
0.2983500565757491
-0.06449395797163972
-0.032873734339358224
-0.4436850384693831
-0.025456278155560084
-0.131503457619704
-0.06197298416877532
-0.11498657933623642
-0.4899522764051417
0.09637390910849761
0.32190050669958986
0.023395028255956046
0.23479490034144596
-0.38288293091711206
-0.15793763563041563
0.3234020633306381
0.20877066675782457
-0.060508225363974454
-0.31448465193644237
-0.3578058912512522
-0.3362630872075376
-0.5701739390082746
0.19295668288947224
0.1856288839594275
0.19628336926721146
-0.07840167652468111
0.10897336086251679
-0.26215578224686964
-0.11711577477098517
0.22693046050664478
0.5524911286019678
-0.05013741636834356
-0.4333780779648386
-0.15712667796522128
0.0870568165419372
0.28072660335724603
-0.28685021069691186
0.06128544649565442
0.18187859447699078
-0.23151872989136862
0.009790814964316667
-0.40750444355571885
-0.05673684917655737
0.2036586657275104
-0.043017388292589526
0.5415006287842442
-0.13124641878679155
-0.27167908099625226
-0.046185801745904066
0.06985724708700673
-0.1341316073449713
-0.33954528028539877
-0.342657522117053
0.28390350782218277
-0.35464762039831943
0.28195967846597114
0.013581979454669907
-0.20238908000772893
-0.22258698058276505
0.019279829905463855
-0.08066212667785722
-0.400157894441927
0.38159806878950486
0.43575752584606103
0.21235395721162012
-0.15714663902266046
0.30532936083064816
0.2903331489979629
0.029835280166722673
0.2811506684335552
0.06919088298457693
0.17487511245312576
-0.04568936349154654
0.36609430065727844
0.7120342480809144
-0.07006743542475924
-0.24254394977052815
-0.06278568305759277
0.4479183958663627
0.16457490754587456
0.46175095492637813
0.24631687341617153
0.3749166725067855
0.44871475684649137
-0.12291516390574796
