78.34737006314418
43.7824803161569
10.711116944264205
-8.938788362334968
11.14219300948328
-0.09660850201934101
-7.5138479615985645
8.335977249914608
-3.955194994604477
1.172508737515633
1.7298434511624494
0.14156971232657184
0.35629041427749186
1.3913671833821932
-4.657161929963513
-1.803870043968752
1.3354639679062164
1.004793959258726
-0.11617310284830529
-0.439895622031658
0.059492301626172917
-0.09674866349357666
-0.11368253954140209
-0.24461651031189036
1.769014483070201
0.024947644187119818
0.8960556188175522
0.7856130636189922
-1.1842201487733315
-0.03276935003148185
0.6599372188486095
1.1850186179020143
0.642673934481011
0.04848396643914406
1.4503749786253364
-1.1998148275034675
-1.696130497643271
-0.6779248269990139
1.2984972815371836
0.6912202875805556
-1.6077821778909367
0.8258406487565281
0.5853448862503983
-0.5727417629570053
0.3190559702451302
0.5112889007933563
0.2792466966708683
1.3772210456239005
-1.5286678058473715
0.08742045482951649
0.7643116258173579
0.638341074901736
1.0999967830128545
-0.23273849312459294
0.5169984870526442
0.3640363789577442
0.3857016760563366
-0.5646129649349098
0.7911087774581169
0.4072347008062643
-0.6817635394308145
-0.07182320381970705
-0.7319895167195652
-0.09016931042853774
-0.450669971646846
-0.59572298518037
0.7736227777557354
0.021192548819198895
-0.9232727530912896
-0.518226779041003
1.1348871363113386
-0.918128326935028
-0.09355235872012439
0.5693551006791753
0.19907718926844584
0.29434261335006806
-0.1078146554950728
-0.23069411960033687
0.006139566776648807
-1.2473246090580539
-0.2689419381549788
-0.6310413212157723
-0.05724338655490202
-1.0877747956430595
-0.012829402630719466
-0.5508441229453754
0.8491580677388504
1.6600463441748687
0.05795996619109062
0.574906715047887
0.6156599359415259
0.09807311980842776
-0.4044938250667336
0.03104573397652885
-0.09846323662289956
0.16300730997426965
0.8012210523625749
0.2264849571904397
-0.34639416511550924
-0.5142970886693606
0.810910920376815
-0.12945514563781357
-0.008818131875884372
-0.5614877366873741
0.14249675547479185
0.03776965462967796
-0.2897063826241408
-0.6427084858702532
-0.5083369813512387
0.6880512161501655
0.32727622827764097
-0.11845327691729109
-0.880225402381613
-0.445235655994465
-0.0209394464876438
0.23611573737152722
0.2518449402763284
0.3023437198547023
0.3743471190787827
-0.17785199248153688
1.174157052972329
0.555333365339392
-0.8606397058405257
-0.9446291339575115
-0.18026413316325637
-0.42919742392507043
0.060203453767793444
-0.13195421465849447
