49.78456255228255
-50.67473952943338
-3.2418125548240773
5.557316563085906
2.814642676581059
3.1420304006455195
-4.235963654972908
-6.493805787480282
-0.9124288250653109
-1.3345186200643147
-1.7700461619902672
5.757787204340282
1.1162998160414297
-0.43639496801035405
0.39907614567367766
-0.34638024310694704
1.2816466348243973
1.4271063769100525
0.13003392716829243
0.9041892324838423
2.9103642138008325
0.5491346366902377
1.187578988323038
1.465194192166401
-0.5643864932101869
-1.1617716455109939
0.39509015162050465
-2.1720261149834807
-3.7039420608920777
-0.9463184158527456
-1.2034326198723329
1.5235081703731215
-2.581144053033366
1.827288165695503
-1.304432946803917
2.7905210129620905
-2.259659132429252
-0.682135408779851
-2.0116710507473847
-1.4562397625007892
-1.1136890731664122
-1.1340424431247433
-0.14227543924807023
-0.5205325021260787
-0.23624446148370343
-0.9990572524434779
-0.40033526845661477
2.540777667262488
-0.9612609077648001
-1.5153701107024977
0.2955279294078688
0.5597718129406242
-1.038160680351758
-0.4220695041931857
-2.019730197794059
0.521226576439147
0.9673783188665307
0.5024730971396336
-3.527580765654688
-1.5326369660564476
2.0764399183370514
0.4485364322117811
-0.7606210981939453
-0.940330542068421
0.0058570826117795086
-0.009746790033977687
1.295846501703313
-0.06363087143224141
-2.5409198101299544
-0.7249889122428774
-0.8774942137242446
0.1977738748301443
0.028567611516376604
-0.5553209022326968
-0.6261250326842411
0.07297621308800242
0.609987471390044
2.3082215310219905
-0.13945354763954373
0.8730533841049651
1.2057660528674077
-1.2261937088381891
-0.22857918197143373
-0.3505545539249014
-0.06468153404145749
-1.2329029065658244
-0.7291472147619074
3.4363632667934736
1.4533367343161514
0.8169021510840275
-0.25693246304808365
0.49513164963124023
-0.007352784568015941
-0.16609027909517163
-1.184396134852415
0.9378934432614222
0.6568011418283201
-2.604301548065292
0.07601834055950564
0.821294755069751
0.5676001857892422
-0.047297891273597015
0.3475623607518532
-3.579888886668358
-0.0035259640143879226
-0.5190129328053973
2.3986481708319203
-1.2968725006516677
-0.9323720446395207
1.628531619155879
-0.6952883010354292
1.3023941756681952
0.6172254951196813
-1.397221405583847
0.9283516372609731
0.4886350974823654
-0.47013327248443065
2.1753011313810333
1.1119310437731142
2.119070917732166
0.31396552845409953
0.066491499672774
-2.6234465796147437
-0.4470001949142997
-0.6911816545636654
1.2096008632013107
-0.5532732759321737
0.4825698140598757
