-44.857475938269204
-1.0346537651235175
-8.689893826150394
-12.899990930946007
-7.421780997583739
0.03605069563383167
-1.288878080183468
-0.33081265069076826
-0.7994040450672006
-0.19067058685430566
-0.3353401533148141
-0.008951396059645594
0.31073546796049656
-0.34377677946576196
-0.2941201209707264
0.36543239623699875
0.44538446031313306
-0.2987879857388359
-0.18552916837895314
-0.8005915706332043
0.08903139723302123
-0.3482159255217593
0.07399459518815396
-0.22088217846572264
0.13000026017026323
0.25267727909748067
-0.08652758448228465
-0.10166576275290079
0.20770297390804973
-0.34156806385251176
0.12986148929932648
0.11538872996605429
0.19943228838815324
0.026488128510281466
0.14248982852115635
0.09884411748173486
-0.38944618773920764
-0.2719546916052837
0.3605969240054778
0.17228497228994777
-0.1220644310194993
0.017166556909917335
-0.09491177851735907
0.2043242755101145
0.21083369663717927
-0.09037176520309562
-0.10425473591381727
0.15492969027789652
0.18380691314929554
0.20899978272896808
0.034450906170488335
0.30427779042927144
-0.04373675942363231
0.07732924023773712
0.1805609439107853
0.07053020882163766
0.22170533813854298
0.08333550427596681
-0.043186056366713355
0.016526758829867403
-0.04254502833598359
-0.24139145566498865
-0.04263075962841739
0.1558778462117785
0.042563247115368075
0.26639906244987144
0.1162480368528429
-0.1239039053384879
0.09321309262661005
-0.1701282987254525
0.054099363231139674
-0.17703927120293342
0.08387215766834313
-0.03174276980587619
0.10593109041853134
0.016446095093541974
-0.0706861047776419
0.080014656911192
0.2102155845052079
0.035242113009790355
-0.1748027189241042
0.30481889577796806
0.06226747026638499
0.05421661990838209
0.16296778356304298
0.03489338733081978
0.26263017833571073
-0.3548714955592013
-0.08583684294409952
-0.06438684116210544
-0.1306677856249338
0.1561139038259292
-0.0970629790862021
0.15371073808253607
0.2815197754317068
-0.0603405909148161
0.08041952910050652
-0.056984243234593
-0.01604193824943656
0.1705058136039708
-0.3117114596035414
0.08389030358301997
0.09213557358592082
0.04695983365712521
0.013291578867469352
-0.1807727771654377
-0.07991465046761248
0.1730939506364548
0.013732282173874774
-0.041811276177993933
-0.20830760331525566
-0.4265710221811421
-0.0846426935155418
0.06009124286253355
0.061668498832079414
0.2801856379391735
0.045932894467126784
-0.24449364972714566
0.03779712955173359
0.02764022152781074
0.2510388273423799
0.27014195513507044
-0.0835274181580931
-0.12624874255049615
-0.10083741855204509
0.0478879524547254
-0.09844660787740384
0.0019061733956112423
