13.622122635955096
-52.25765231091828
-22.386948681270727
-11.383343661746327
12.802330964265451
-1.5949338291531443
-0.5623683145945596
-0.754999957908544
-0.7338281431054341
0.707787587367064
0.8691501500187371
-2.328783173460047
-0.09500930386235787
-0.04038366857916132
0.190623819914787
-0.9418897037345357
0.25041738650944834
0.8258448515006207
0.30536431871995784
0.7941915675713622
0.3139523633861345
0.2932365400341337
-0.15649388144280652
-0.6168979967372002
1.060651326758074
0.9801690081923096
0.5057443294475321
-0.7102439715587232
-0.5610106650313823
0.2124020812747844
1.7739251335450652
-1.311160601243675
-0.6790973558150337
0.5846706828152077
-0.5612702096897135
0.6551941029332964
-0.3089927872471277
0.9235126482682916
-1.136482245674237
-0.3331552762408806
1.393886033479272
-0.9564170183515617
-0.5969350312246813
0.41135746497936215
-0.014496407654824878
1.128120708538687
-0.4296370420780244
-0.5289805252101897
-0.41100709020233184
-1.3924282879237502
0.055500032952979304
-0.3568310966322247
-0.03650606138139339
1.2362505510567345
-0.5342947230670942
0.5638398442707062
2.069839056259327
-0.9281384899042477
0.652537438571994
0.8227787217903213
-0.9769327162705321
0.23767206057041673
-1.3999619178006024
0.18656626772465662
0.6640980558963658
-0.4908112888603407
-0.5574926702234002
-0.5781679105358457
-0.33947206393621604
0.1766112096925318
1.0354131863123184
0.05155414614075465
1.233745089677731
0.09186132993250753
-0.3061236203616483
-0.5774969845321547
-0.2062412234813102
-0.9306246339069632
0.8746938568189302
-0.3252510034537293
0.7401847450724341
0.6496356684170661
-0.9236183076924709
-0.5447993461364429
-0.3925071022271184
-0.03938828878759512
0.5758425870172371
0.5174162608970868
-0.5562128629983604
-0.7410451184486435
-0.79377518301343
-1.0749821856248913
-0.849276417803935
-1.1345005079227406
-0.4362944943512619
-0.07842832654313234
-0.6664297371086598
1.325297812138722
-0.8439641842062419
-1.0727649382115108
-0.5929841660348605
-0.5429490334260092
0.4501246048838809
0.03525083545972297
0.8798936566600615
-0.5511505311378849
-1.2895206073266996
0.09977450788813734
-0.04231872882125172
0.14284909843065102
-0.6803421500826973
-0.27297930436872675
1.4245007465391168
0.7151962884945234
0.022590425306237803
0.2824566468630672
0.3336337150658251
-1.0293175557316
-1.0227436103647758
-0.25001373158692797
-1.2892259510760726
0.5203115790386452
-1.065590154377369
0.5702390524299437
1.0288186961594112
-0.37309594978913635
0.2368622052942778
0.33179055235909877
