84.4293414597974
24.668776140939986
-34.374164579018526
-7.703802243397671
-1.2876784292900567
5.221998800508198
2.3093261334436597
-7.920241495008909
18.53016148775778
-5.551554791676138
-1.3510384212947457
-0.32209312705611326
0.09292130353126549
0.8606290403977503
1.9732760191258971
0.22592599157363508
-0.5118236434405101
-3.264063622563078
-1.0114559558960259
9.729654436461267
5.870202212790999
-4.531191233955905
4.989300952148959
-1.8623450672816855
-2.0885463890827736
7.418053930388339
4.177824130498006
-2.755134413319889
-4.111403868910256
1.5524356680132119
-2.165802254182487
0.6724562902179123
-0.21930974498130934
-0.6213515369425535
0.3961761731907414
-0.5373611697182963
-0.03037933224341835
-2.498588213500586
6.711934570702696
0.4844548894390951
0.7303842813617447
-2.0170219828941827
2.6446052533974105
1.9695205950720547
0.45928858815773693
-5.262602471055789
-5.272257851054326
-0.8693063248913395
-1.6397432333996733
-1.1924064702305976
1.7832503603918013
-1.6896689235105278
2.088190993427795
0.7419179932547013
-2.8709061005887024
0.7350285620008155
-1.1969141761209592
4.780876483848456
0.13975641918152026
-0.7288494297305779
2.027038429073549
1.4148689123439837
-5.495433696159757
-0.10999161733664542
-0.14076143847662284
-2.791721649523175
0.9654337617541086
1.7223243743246892
1.199747887494099
4.654837268511609
1.742872924293148
-0.3255225313037685
-1.5304599571419695
2.777583982270994
4.887615641638754
1.2274553981738507
-1.6519012202934762
2.011119518793759
-1.4686278432013504
-4.76127960219944
-1.1163541551973166
-2.214650609953038
3.127840223133881
-1.5471599746568225
-1.0194538447919417
-0.03649355008054941
1.8122196036874103
-0.5595478663282643
0.5344578982097622
1.3305656726203536
-3.404250206888347
-1.1778065573866843
-2.5638060791332413
0.5633244394964927
-1.4850415071178502
-2.4473966256056103
-1.581221998966329
1.3573718496152412
0.7821405550278622
0.9988521537279204
0.9549034853373004
2.034088499481487
0.3021942982218023
3.4443890394045584
-1.409573197446382
0.8945383007551255
2.9734806539590415
-0.5609040428376605
1.6343311879924178
1.2372615659114214
-4.340255979340878
1.7133025637429429
-3.1010138130239393
2.6194476164420735
3.181054890912682
0.8986673702912781
-3.416255438939813
0.4974180283388183
-2.3668664863486906
-0.7628021911899887
-1.2920345348393023
-0.8147759425336668
1.198751416635921
4.503180605543388
2.0941208168695704
-2.1904302625608674
-1.03237766040949
0.8314571035027938
