48.60112898375283
-62.32811534760905
38.272446471092586
11.799783295626325
0.7799036101771566
-8.334948278889096
-3.3128507367099465
0.9465995989821763
-1.0045738916233553
2.249775083049976
0.7702034122901029
-0.3990259331464906
-3.348625030642287
4.339199821989122
2.295671300325452
-1.5974335962762474
-1.3459817423797067
-1.4151982767581313
0.3469127354495215
-0.3701558167199596
1.7913285777119474
-0.3918836719123042
-0.32057534607073285
-1.579397968236985
-1.3164074815071514
-1.8525171400340157
0.20166919154532448
-1.525255587789143
0.6893419917728199
2.6285630670108806
0.602644471155102
-0.616842463278134
0.5686223067918379
0.24259426108098786
1.10963797073714
0.2127245150070339
3.1747516586747113
1.6874996700344242
0.8921045495055151
-0.9069637395235126
-1.1516760276659435
2.484395466328323
-0.6079827069323976
-2.0508128967346146
1.7841559994218517
-1.7890351649311809
-1.4073978014680466
1.8630130965971128
3.3368921637337223
-1.318577339261646
1.5802850097698464
-0.3523862812596567
0.3960684228252098
-0.5113675651829934
-1.1916775487770899
1.0658214109483242
-2.1454021542675976
-4.427473944886854
0.39232763031413437
0.41887613183783534
1.2127069426241728
0.5655138499499885
-1.3355335169356646
1.4232839852057162
-1.632992557363631
1.2247903472303352
-0.9587372505875499
-1.4522586614298985
-2.078550133460843
-0.2069930147477564
0.6625630955854271
2.238473016875164
-2.576554870789757
-0.24919491410567407
-0.5132270314387205
1.8884042704332717
1.30052912154335
0.14045368222775695
-0.8148325565258658
2.07655008000312
0.30779345043703277
-0.13712671978615415
-1.0102864614922566
2.81155892415139
-0.8492510906786584
1.0864976543680507
0.7135904971229314
1.2603626276078028
-2.257478902393647
0.12718996409780248
-0.6839497701722231
1.9681628456136755
0.9904474631693718
0.7583833822829013
-4.58385891459902
-1.6039182644780157
-0.6502659645309161
-0.7985297423637377
-1.832792305740402
0.6862102036132236
-0.8669378637962755
0.020179269348960374
2.6188021344092167
1.3707023240723821
1.8715413278391084
-2.157789948594416
1.6687307357447319
-1.4373432531456656
0.840036951889145
-1.422207779307107
-1.974964153103084
-2.0095689107589663
2.101857920520145
0.20248968050634797
-0.48393325292737527
-2.45832401338276
-1.0421324506419747
-3.132997277611546
1.09234649677921
0.7154821327766432
-2.01247171919706
0.6602399927194179
-0.7955281900625053
-1.2505876378601986
-0.5006841005322178
0.7323206399509362
-1.421744912513134
-1.2414946203626058
