-37.174741055893705
-5.73789092226105
-4.701409653692157
-10.297871398478414
-7.1573678988558616
-0.28263718058901466
4.008803917245223
4.921972013734392
-2.215819429837115
7.496955585278549
1.3042785410086686
2.878439843879708
-3.519218850087824
-0.3785644754790433
-3.6536512473007936
-3.188041433947294
-1.2351482028917624
-0.12839078971688894
0.403561937098983
1.0480820482081277
-2.883918342140265
-2.2610421704544725
0.5542428734317802
1.7085122314560788
-4.6308489092747385
2.8516472238967956
-1.9621135569092008
-2.645047338652498
5.026502904930218
-1.1615234718289795
-1.137813135250924
0.19931972738436673
-1.1833405187494495
1.0263958650133274
-1.2007632702670747
-0.8061490597838654
0.3442993921279955
3.978451905885452
-2.071130182002329
0.1316104785788602
-2.6021753518882758
1.1070040033075088
0.5037912368541697
1.186438294914578
-0.27063681382527616
0.018526540480001213
1.8814676280527525
-2.453722605795323
-0.013726186834177229
0.2877221511440052
0.7494880481511954
4.145725436253377
-0.5499369170880275
1.6105897585686633
-0.680795602373177
1.7680968242497532
0.16257222637328086
-0.6961147489211129
-1.1939012896368077
-1.5968139414658709
0.8043952451664061
0.7340117317685018
1.3847900908659363
0.7497530695291865
0.6174890642451034
0.6888009157928733
-0.5903769721009378
0.614816112207426
-1.0235143515033
2.7009385226228435
-1.6920536029499118
-1.8251713271338206
-3.178802753782476
1.2522686290431018
-0.04876570832113167
-1.1139419826544008
-2.4445134215568762
-1.411616126330482
-1.2023003136928903
-2.7561994943950023
0.31022288335933973
0.25465434880259974
0.29476683898677786
-0.6602926919929157
1.339041289216366
-0.5658013473800283
1.5054270088188968
4.218482101191174
-0.822190741281843
-2.9700632961619338
1.7600215067792664
-0.2594374231805016
-1.2502629920578068
-1.0316271171796212
1.579627587949714
-0.5589712946140741
-1.3413467756371247
-3.4186765797568006e-05
-0.39013708353643545
1.1471135171284181
-0.6855032186275108
1.734734436764767
-2.855804235268691
-3.1063930339161234
2.1121886823522122
-1.9643602576079104
0.1928606232955674
-0.6280567783407154
0.7109453410468071
1.329287756925877
-2.551001549379148
-1.752772390375692
-2.7121629534900595
2.227996928913936
0.34435321940054775
-0.22096530102258602
0.0485210974780213
2.3030458832026945
0.6580343950277805
-1.8890989860196343
-2.0700369526877624
0.6256404083842051
-0.6085975039060403
2.4747576375310265
-3.5706864567909538
-2.3394634320514838
0.8235349799148896
0.27941989064113204
