-42.66452522534988
-3.453831758909175
-11.009668171119271
-6.126207003423306
-2.0817481345391204
1.7516939489205234
-1.0856079964345495
3.083654432211744
3.7624462345978302
3.076183166386342
-0.242851618953569
-0.08215281927886575
-0.6110309820047153
-2.354612686437662
0.6116198482815896
2.3746077402426278
-4.787357827110665
-1.372913802959632
-2.8208728496662583
0.8912758098268719
2.222480009418643
1.7481594894325463
2.9162099255366494
1.9180855452858248
7.628538827984439
1.7459889472878118
-1.5080754892789079
-2.289451935125527
1.530393504452397
-0.18816270777366267
0.759307940487057
-2.7572777162912487
0.6542968051545393
-0.4964797846590552
1.9913963146189042
0.92929363015297
-0.9315712710836868
0.5763890292347468
-4.019169017047582
1.258219480198196
1.4120672451741991
0.5008145893594915
0.5064333265314543
-1.5469085472688882
-5.630737373517261
0.7258002028865593
-0.6235154828988655
-2.5207233754210314
2.1797222883159764
-0.012460337965392858
-1.6484586811962305
3.776482370018691
2.072788609519555
-1.3141338633032853
1.29231919799068
-1.7925006813298072
5.186580631308206
1.3027921909528324
5.284497750190875
-0.8460846465089686
-0.11331208711699317
-4.990235710929945
5.678044277505409
-1.7787594159845996
1.6388790475848074
2.1116775867562985
-3.1299425220589354
1.7496988801661892
0.33301379543120746
6.390218049165056
5.666298806019334
4.162177373073027
-2.7143133455222803
-1.713919751980126
-1.3065511908260088
-0.29500301338135726
1.9904044199027462
-0.4651324521151057
-1.5302994493504585
0.3297242401751161
-5.588741335106288
3.0158159537332487
0.2716562840792262
1.0769465720477263
1.3769493445207257
1.2930810059979254
0.8019771519035893
1.4202935618377577
-0.021363573507783312
2.6129854502664562
-1.7523719992309659
1.9871539872798203
-1.9552053778897025
4.207139285819643
-0.8830164293643645
2.4787323567721575
1.217200125205564
-0.22906083636587476
-0.20095193545255843
0.048840538603165
-3.3714226401150538
-2.7332198996038186
3.6869654228359474
2.6655430178595556
0.9917057370215058
-0.7529841505226575
-1.1900081320917517
0.12936800390541112
-0.5160182450015302
-2.3470115720884412
2.1852149759887247
-3.6121155353848984
0.2613262210282497
3.914461069930421
1.077698379196267
-2.339196611886804
-1.6623933086885707
1.5811082268873267
-2.287457258171003
-0.7906541795750168
-1.1177334145245972
1.3752934926885705
1.1082923869119083
-3.070038531969424
0.02826302744703818
-3.6409988417966694
2.655197672512519
-2.0259396205202216
