95.16485956014746
24.54354639105989
-33.55050487054425
-11.565515880307101
6.422018864398013
-1.014541829928653
0.6395923848553513
6.976792974676925
-5.467798511324662
-7.104861542344675
5.689911055603369
-2.6660810920256925
-1.5090372592196626
-2.785090162662628
2.303177793931947
1.1453624341956787
8.964695085400052
6.359954551589243
1.0703092411689301
-2.47244060375084
-0.3296517563325283
2.970537819721399
3.614945445441773
0.6670117951000892
-0.2510618158880338
1.3180263028777754
-0.20269769508804983
-3.320708302865742
4.098119792941289
-5.281583083896113
1.3554640079521971
-0.9114658703752727
0.9516265603809415
0.6513313614208234
-2.8976727501068127
1.3062030698757994
-6.698930213863749
-1.5577996923835478
-1.6842042878819004
1.5716264913186904
2.399154280299348
-4.7796795578421545
5.611874707403904
-0.5497910080491216
-3.1680317911848306
-3.7304425363494618
4.569367402136536
0.47618031036706354
0.24542697625645435
-5.979347748999487
1.4978675134582493
-3.4426024210490023
-1.0340239578492993
2.3529855651874256
-1.176589516107222
1.8021039815824584
-2.530725106348526
3.4485478461575125
-1.883822202933802
0.42110809693486184
-1.0510415122996164
-1.1090648315750695
2.5584290899643953
1.4481626740966003
1.0405658293659266
-0.4093891703694564
-1.9049305096957625
1.345416667004583
0.2153276196627055
0.19516074977207734
3.6522363360317445
0.9714556511641009
-1.104978859768749
-1.291265394586815
1.5280047988902332
-0.2901360833937694
0.7810076570654234
-0.5709597785809468
0.3489252502004484
-0.7699469423881788
-0.7953340741125786
-0.364126798961545
-1.4188307377643872
0.2765214129438274
-0.6135831183127264
-0.7452509833272305
0.5700864981607787
-0.9779364467326017
1.5465657977506482
-0.4084981678271216
-0.039066103551622516
1.827734328143585
1.6661254499554372
-0.6494223438448834
-0.8056953669005856
2.9730393993920385
0.024883000705175698
0.41804781880045505
-0.22762280792249864
-0.5640903535569841
1.1018125443172868
0.7407996441276492
0.5748075638936675
0.7745758112032821
-0.20463058659807337
2.1732983381670223
1.4541550783017783
-0.9063016481404564
-1.048266673265077
-0.03326555943326431
-1.3324865892789115
1.2082999103564778
-1.2946568677670005
0.6991826429828955
1.2043899983139412
-0.3012570479881114
-0.3766291676665218
-0.3340382458543307
-0.6735316650391263
-2.28852473733538
-0.06348273845469661
1.07891152809302
0.26958551950694787
-0.7203093247534939
-0.8769554461469705
-0.7093347061979707
-0.6652745460071847
0.57888167812601
