47.82132047781868
-46.54622233747192
-3.605832171728397
-4.1445376459128145
7.228610176789676
-0.41754223008274516
-5.954871939684059
-6.13351704091319
3.4489225011021714
11.970119826089249
-1.9941909126714463
-1.7602353636048484
1.8753340877099842
5.5675359676739085
6.30520256551248e-05
-9.736118100615968
1.7106459211898801
3.435274173959071
2.7138438984711923
2.863089011491843
0.19729532700370597
1.901850418817439
-0.6729063117546686
1.3104519550528906
7.235580577067891
-0.6196600647911896
0.9515850437144917
0.7499377245456141
4.598977005326218
2.9947051779475933
-2.653375147616325
1.0172282754332718
-0.06749148063575688
-2.1472119629531092
-0.7475244689731196
-4.248978173548177
6.1969607140385525
-0.8554959079155523
3.7024318635727864
6.387690954169169
1.5267756925456337
3.347366581906436
-1.7633740136883949
2.49322173755822
-2.344700257063506
2.350633481122547
0.21420490722706503
-0.6115687120794113
4.7974724404102425
1.4249420010609481
-1.8229804600632273
-2.5790069277638263
1.326007902403301
4.515927302035721
2.704886925945529
-2.6077799090731464
-0.19867456747089596
1.7385355423442728
2.3819514652633877
0.3326301644416639
4.435714457616107
-2.356333406532765
-3.506873330862476
-0.07176942766777561
-3.785213712841024
-1.4283344709533314
-2.6607106141122454
2.9521660759551525
-4.934493998822832
0.9407177917015719
1.6673020774458183
-1.8464104013506633
2.3938316282903798
3.781828005981186
-0.7326507863332049
5.6645537980192975
1.0581879120917033
2.899230434168432
0.8218204942481045
-0.14441910825090526
1.5774671628841497
-1.316177702279584
-2.548336385911686
-0.8219758972522447
1.9611921745337846
0.8334475490316448
0.7015171561975938
-2.399755951280593
0.4738283098401864
-2.161981880792855
0.04115091707111901
0.5400852687530158
-3.8810123941417163
-1.7616911235665018
1.042775373079287
0.427761060862811
-2.3326120622194897
2.1648612561266645
0.2873630089847787
2.1506451258168804
-3.8492603456526746
0.9715334617120502
3.3840089048932063
1.6612730347731626
-2.6009032957312566
-1.6149455591806237
0.04330208509032047
-0.2765490549819411
2.8058872774816614
1.3932125413812002
2.4610509758955024
-1.4194951169201087
-3.1732331498749207
-0.7859756890205813
5.124863491725831
1.7829280334551363
-1.4694203507799655
0.0888551419395109
-4.589145827905871
0.5339671631794899
-1.0190464713286653
-1.2742803813443917
-1.1231149436508534
1.6092263530231194
1.471944170477468
0.918645427526249
-0.11507185164115051
0.027629040821145368
