-44.79693287509315
-0.5600609532881342
-7.915770962716144
-12.410446290540666
9.149263069250825
-0.04330237078476931
-1.6253279179779496
0.020374003269895635
-0.2562398521644317
0.13887369849524228
-0.21427155828202712
0.10457893926046379
0.16169740476657468
0.278410773780349
-0.4709727319617949
-0.28768908162485907
0.3394159857790811
-0.2762610020706681
-0.06904338406075436
-0.4092114169756086
0.7865199536627349
0.18894378004329
-0.5293505051437092
0.14897893353371086
-0.3234567357970449
0.5594545816993458
0.16207035599862857
0.30929781393295297
0.04650685055828929
-0.151255981706709
0.2529855276679581
0.23537945934637788
0.1760835427390637
0.07674054766151656
0.018180485810318642
-0.2292412165208147
-0.388483823469831
-0.24252463631346105
0.10990703645819765
0.15427494249538898
-0.2143473697049671
-0.4115442033778373
-0.09825142050271979
-0.3699155076652363
0.3023085436129729
0.011319680298528915
-0.09750328479288353
0.34234881203882206
-0.43866884462794264
-0.2805967191625461
0.14080382450623247
-0.10526842046877026
-0.3272494752145664
0.418738371650326
0.30710733488463676
0.1795186178966291
0.08491577135886082
0.3490988596010379
0.0865386600965756
0.08808344050372846
0.11579184713401866
-0.004865486421591292
0.21768466025380503
0.28577930748508434
-0.0314316524247121
0.1965253594955746
0.08384996054854316
0.09435636338662343
-0.1427324911300115
-0.19456353543426108
-0.0366882718946976
0.3274832923702536
-0.04673293172714518
-0.14453839138339117
0.002213975222826542
0.14012626335413478
-0.17824174242207863
0.1657344507165363
-0.26827056137871896
-0.3452722514092131
-0.12265594048327719
0.022804290120671006
-0.22236859043831605
-0.17211845247093932
0.13290915142612822
0.2858695946894504
-0.0022941883983566176
0.31646489700749997
-0.30003421699422217
0.17320747247512738
0.27167761782000543
-0.04964250056908097
0.3052051507427871
0.25751523360863726
0.04484905079089575
-0.0011683303327173836
-0.24906719855624995
0.13091367921640973
0.20709198087086253
-0.08483118161577057
0.28876757399470077
0.004099324797905701
-0.24990406412386793
-0.0998718481390674
0.3381725957986042
-0.01102353989802896
-0.12134141467385522
-0.21462235554008677
-0.13629192768458293
0.08732984475427327
-0.18359628362250058
-0.08936714993929731
0.1895282937845702
-0.15377965266654237
0.255677293250215
0.0055868229494005234
-0.05979740414254998
-0.10948644306129958
0.41503337077938995
-0.02272380683502359
0.006573970166824851
-0.06414762454698875
0.17301660607242494
-0.1848611511771575
-0.1649461293117671
-0.3012902485096265
0.09553897052480206
-0.017723260256191406
