-19.08537920672122
87.33297498312639
10.464551706990116
3.9839131142179576
6.136361815777284
-4.9367268806681155
-2.039539403535586
1.0997152147553246
-1.738115875204204
3.161405195918719
-1.5898412274784968
1.5306335682618557
-2.3838792603989694
3.0042794750604624
-1.2297678005054555
0.15714930954428807
1.8044754518146362
-2.940405768398233
2.588678644666499
-2.676573201840016
-1.9664023372729196
-2.6831096069733738
0.8996406088958045
3.4210591850154035
1.1786240053438477
-1.9796894275766872
1.4891434846907234
0.9194486117541709
-0.11435511935669862
2.5414991644254648
-1.5986189067451861
3.342902036446522
0.19924411475580997
-0.01296910280248123
0.8287606080470931
2.2132090368752735
-1.6372804561454197
1.0528510384720309
0.7705853782062091
-0.6939243576872185
-0.6258532298902146
-0.13025913989365312
-0.3377690985722813
-0.7677303789686132
1.6247861976655011
-0.33661196947966215
-1.4137962654180651
-0.38459864423162043
2.140373672711825
1.8204164916031855
-1.56562244812269
1.1497721721784055
-0.9612610366599141
-0.9014029055078797
1.1074109807357446
-1.0330255655988883
1.001421768974883
2.7763541222094212
1.3162474588785948
3.087785875455932
0.22706939154869787
-2.8992611252272336
0.4541181465056231
-2.706186240807687
0.8698701450225041
-1.9470171160993475
-1.3020420769079037
-0.11273928394778054
1.9895932271893666
3.365686566460178
-0.27468343900126957
0.5758203190092497
-1.171528928611816
-4.179351417824838
-1.122342753296282
-1.8549065250542103
0.03287482106091963
-0.7497854163924647
3.078537730385456
-1.2707486436307331
-1.0455244580645024
1.1991248337411455
0.03839525677156429
-1.345602455491234
-1.1016377807812383
-1.738535224906607
-2.224721559386235
1.071976247465676
0.6391386065535074
-1.0413160796285725
0.3783377245478651
0.40650075106722927
-1.7791456216974484
0.5432711550187447
-3.2438763762563427
1.8830097736895492
-2.4997486663944626
-1.2571248285853194
-0.430732415799543
-0.12794857270030935
1.1810156468409518
0.09634851542916395
0.7462313769722191
-0.009969153745532242
2.028760790675492
0.4095768273609343
-0.8286370438714111
0.7751987328574319
-1.5943499693208407
-1.6020538077095268
-0.2696818591151321
0.9885577798110396
-0.3088337843857187
0.2672421553238785
1.1525780878493652
-1.2249917142362654
1.5510039375040658
-0.411855469752445
-1.1881451803090641
0.047315503600944844
-0.6647864111188821
2.2489944860227538
0.8104159298427218
-2.107501890239926
0.873194939194797
-1.20062256318593
-3.435795975700497
0.8884267764559906
