-42.57053764830776
-23.1371721886884
-20.210424077487204
-5.003339130254497
-3.9051237839866113
-3.8699087161702685
2.8956748253200684
-0.531073586677665
-7.624460497388134
-3.687404905194042
4.550296929048287
-3.8862954107971555
-8.415452369836077
-1.619350124854176
5.769237981574877
-1.8272381603388705
3.5052187598525757
4.154893358687483
-4.603707133915017
-2.746418493223956
3.926213881246449
-2.62763329000802
-3.269895272676918
-1.2397039292235053
-4.43923786251395
3.5226761674467353
2.7107170072630535
3.115361398506763
-0.13364256649334183
0.41045048514203525
-0.059659363412260524
-5.14956311807102
-3.1310085754277095
-1.7641136603777872
0.9713946121207501
-2.200579527576696
0.22555494561266395
2.8007020923820534
-1.4704070350264062
2.936534717286254
0.5650077944807921
-0.18914119023378387
-0.4522887945847449
0.8845631097681058
-3.6579222588687927
-2.3565621078956713
2.366333824476276
0.986586784016479
0.09793181407542059
-0.26487240728167766
-0.7543063758263904
-1.5217845457153891
1.3741186263413705
2.4809335716790155
-0.4592177524113222
-0.09618057377099776
2.0608702718725675
-1.3578128172376067
1.0641854983862493
1.674826166388827
-2.503695512550882
3.6057789568288507
-1.092992685064148
2.4118898662768973
-3.181645705026321
4.362808963976596
0.16013062980537535
-0.8282735814485562
-2.987358348242382
0.47740175378316624
-1.066302324501291
-0.7974883506161167
1.724033845874399
-1.8110741051329775
-1.7923254632607213
2.44294730801721
0.29673020824729385
1.7495690045892736
-2.3230221861657308
0.07752587350415305
-4.0581084696614305
0.3554536112692817
-2.4321061550468106
-0.10219569325595523
-2.5855763768273725
-0.15191711007766126
0.9779291186541508
0.2182059107377471
0.4381715704654001
-1.2940133100127684
1.866207274567259
-3.320009997372408
-2.2934944204579124
-0.6075667438428343
0.014645442728436209
0.5156766721109451
-1.6127156606087851
-1.1441923800016987
-0.6507501259153151
-4.500658902420338
1.5668082044278624
-0.13311339289071428
0.2751147630005758
-0.3676587063303976
-0.2132045689169072
2.0480849229390294
3.0197454985370875
0.13507488863197117
2.3212284760255852
2.5341132288195634
-1.5366909575493468
2.402254121807753
-1.8161804389076222
-1.1753394019165653
-0.9288755088483852
1.288733720103399
0.3935020141086786
1.1647876410816052
0.5735007401303623
0.22657081747318458
1.489737670344141
-2.765460689725584
-0.8555363687088745
-0.8153702299561228
-0.9056173790885153
0.9858456829985972
1.8564214579410139
-0.5154936313101474
