91.5749951588839
10.689020192990947
-44.86573926109958
6.989719792272627
0.9805246137970182
-3.942911335805005
4.437326651111763
-1.368543573460032
-3.528170852268986
1.038467233955191
1.5623214014810143
-6.274451240220769
-0.3901662726104382
1.2706838828354534
-2.181215466055462
-1.1943840702773665
-1.4493840581923245
-3.5234612332563473
-2.2074343022417864
-0.9650650533699
-0.332152849027931
-3.6407365370955582
-0.4240225569081725
1.5500813898247765
-2.4503620693194064
-2.4243119165400753
2.1320117927969657
1.4409961990173055
-2.8398905229438225
-1.5111431284080514
-0.3113006632646788
3.211639162380607
1.9302228432587198
-0.17452381928371347
3.0103383382682547
5.024132323972765
-2.003601967267175
-0.6743514963343065
1.2184436895624189
-0.5961575613032789
-1.2517862800959525
1.4406400467903102
0.17539431704124364
1.1045740407580462
0.7563725821149149
2.2451991236083604
-1.4191462032771867
-1.1915145572113994
-0.8222726672338381
1.9734605750686696
0.14724308263490885
-0.856708143791638
-1.8626613110420653
-2.2125459033960473
1.492082544610923
0.21845492884513273
0.80195094310173
-1.8945302029568625
0.6872059211939948
1.0425130105822729
1.2000687818704308
-0.6842055034816319
2.689015048252045
0.20210224430721613
-1.4075982838895817
1.5460901037755452
0.031209668379072783
0.5048281158095729
2.292896337643189
-1.9097941241276664
-1.2115671958323733
0.2777071291341323
2.9165596340554516
-0.47338565586225656
1.1996435193338626
3.708738181627036
-3.2607614226583985
-1.155365357604465
-0.5565270033204837
0.46297029596112105
0.5304700173381497
-3.869165763122919
-1.1262138368023396
1.8535292740131932
-0.5021673524612597
2.097633329936046
-2.7165021048564757
0.24084982336833755
2.46842827343394
1.4620032336153281
-2.219092765258014
1.4676139942064386
1.3343416275947761
-2.106279818472471
1.4526941017675334
2.4554085743688785
1.293538089135792
2.140977875518724
1.969448772754185
4.216423870957291
0.039211502180951846
-4.167128783837637
-2.153491413286059
-2.447639172783246
-2.0530792648252953
1.5803033653822103
1.8484435636425434
0.6795939779077284
1.0272642377021786
-0.05888007811678107
-2.5222557833311625
-0.17919650565305628
0.9806844665748579
1.4617632642331735
-0.10628975557514797
0.5875054528287487
0.634047290943785
2.1889096437940045
-0.5177021033820661
0.09411367655277066
-0.5123169348614797
-1.7629517242363058
2.6080871919322415
-1.1208224961110949
-1.999903305273684
1.6007351717922937
-1.6539313367213253
-2.7289060181465232
