-40.61389841364505
-1.569112374734193
-3.2611869117679113
15.610188076367635
-0.8849972333311167
-9.527607148875257
0.051088844388227875
-1.0412762212891213
-0.4086044617072039
0.1909015591646938
0.23508020171593416
-0.10871883269298926
-0.16465059435021054
-0.09274504064984285
0.04946828613970142
0.3499858759137798
0.22433902103131947
0.2597665954348356
-0.26863319609873126
-0.47474730077273836
-0.7230167116357894
0.3347540364408843
0.38045543659288217
-0.04694172511597536
-0.39058792483554144
-0.06002202052985118
-0.46643995179001796
0.20593131616721644
-0.102853327447261
-0.12743094466223254
0.13033701954866533
0.5835732737817727
-0.058265990958375265
-0.28117459524139865
0.404625227041673
0.47638025637965875
0.465820538683357
0.4795487385377969
0.3199917616535356
-0.17050453450264397
0.18485775940564164
-0.21928735450746467
-0.31659986640033055
0.034403660745357396
0.035118816986133325
-0.027859783743411484
0.03160367139219224
-0.26101813885948605
-0.05306211199817838
0.30282190600454817
0.027766526336370664
-0.07109968977544892
0.11362400972509966
-0.15647729350743406
-0.6637034254228477
-0.5452278505767051
0.0702531519144491
-0.1245127417083106
-0.15554237826780834
0.1420444842554001
-0.38889807725825815
-0.24819414164664894
0.17482336787219638
0.11106856273947062
-0.10487957232134658
0.3898127756484132
-0.12994898070524905
-0.35503912229977974
0.33499806676303
0.12214366171073603
0.24861914906634225
-0.36837830893089585
-0.2143464809039599
0.003411643095281802
-0.2375025939377198
-0.17147710029149932
-0.05523248900941591
0.21753790651363264
-0.36500026353440296
0.10577330988695505
0.08678718097428684
-0.20013528451254137
-0.2841343074828693
0.3465867729107451
0.11988276090502578
0.397084436412566
0.4011725042369715
0.2135437924042678
0.0010184234264565412
-0.20481191704628596
-0.11859787139289651
0.08267658921087656
0.18006759553816545
-0.051690017441874375
-0.09683416609195857
0.36681002981949634
0.39926788533644764
-0.17639420631286892
0.1844677930378732
0.20590366368845706
-0.5820596650054519
0.12150000705516449
0.11670026852689185
0.14723465814020806
-0.30673803909335834
-0.3893211219039988
0.04398849701019265
-0.3127909732755741
0.111406097274747
0.09815662939016799
-0.25871368752012736
0.3668771742930308
0.5027877617670625
-0.19443277190564215
-0.36006000457832593
-0.40213885962846924
-0.38774563781750215
-0.020447252222475086
-0.7717969011463454
-0.47571860221010176
-0.07116320254127813
-0.08270943474094372
-0.10672374008493066
0.026411563342084558
0.04527545330449982
-0.267624627031686
0.4734240192371654
-0.12652794339468654
