44.604514959320205
-23.28516962977903
56.06383405700901
6.649978503430325
0.6338656936091789
-3.5571841467206653
0.4883859456486632
6.497828765994097
-3.618669300824576
-4.653343505767768
5.532024566583185
1.7879618150964067
2.9602146361426906
0.5726337690725429
8.94487422231342
-1.1825773362878593
-4.282443072646284
-4.4768600999510015
4.2263252136768426
0.05654393663106877
-1.5629373194586946
-0.9387243259661355
-4.6559208055905135
-1.2688652029764487
-3.572306940031449
-1.7206653957819806
-1.294301606261013
-2.393611279777893
3.547144440213075
-0.11488896371938728
-4.16808603012176
3.262716821869891
0.6637410708255383
0.06444992775176539
-5.51272399027288
-1.8678392080965713
0.4786916435529112
3.0761341751958375
-0.6929739583827639
0.1952337718893551
6.647288052355712
0.09693556937311557
4.941506873658024
-1.366437231860149
-1.5680059930418697
4.762219143080603
2.4711758839155236
-3.966705240295229
-0.28917917375587476
0.37867869377206087
-1.854238147955705
-2.1283323607767946
0.14285471460650967
-0.014939477038968363
-0.8596412548788116
-1.1375146078502076
2.5774454175932204
-2.4310523606190513
5.396687790158518
1.314740940466303
-3.341169420475267
2.0384695342041823
-2.574210968238058
-1.4091790895209841
-3.5862268839688527
-2.4394670621996375
-2.8550382674784824
-1.9003173951386683
-1.5055995114451588
1.7218763122901457
-0.46948213142530215
2.28279256875628
-0.8239395964656777
-0.6181279519072282
4.03961084648624
1.0737420401888627
-6.2279597907720365
-1.9108065458080832
-4.222414421988265
3.117484147532301
-3.8428666728096363
-0.5853619578855542
2.977025117569182
-1.9045399493580337
1.3520564156639043
-1.580453174675045
-3.818339804247476
-1.841465142258716
1.4456407459763623
0.5682242461316773
-2.1275724606285964
0.4202219917004638
1.0152720099868446
-1.6647810831008039
3.243611960429848
0.9695557630584676
-1.888200980149647
0.024588057293013374
4.8219209961522
3.2873551471831703
-0.4480369686903118
-1.6267481010529146
-2.6933341987847426
-1.3527084690990772
1.3681712897241127
0.13274615952420635
-0.4073811868918683
-1.048492128165709
0.7038694448340641
-1.4592677737700992
2.230455593541745
-2.2135043742755265
-0.5020112861773667
0.16889755678153748
0.9987743470405444
0.20516515225539922
-0.08976588097768147
1.2668600574939235
-2.616712868842598
-1.5259461263323975
0.8103805886521072
1.0598440579658044
-1.6653672644134059
0.787370582903655
-2.4679274685821895
2.149941451469994
-1.1348786591119846
0.3069969253455292
