40.58356217970154
-56.07250081257778
-10.317502837458061
9.290308480970705
5.631537381639969
-1.7760732953068745
-0.703401800360561
1.1375324813548926
-0.25614927935836385
-2.5280132420801413
-1.3937824970919834
-0.9214588362502997
6.468386947880112
-0.043626072726629106
-4.701127479439059
-0.6694047594445013
0.6842713150512472
-2.694978836446
-0.3627321119107695
0.7686077567097878
1.766205442099411
2.171479359730037
-0.47698879370191444
-0.7273744460615656
-2.430754372867126
-0.9446570593128993
1.1093014668987664
-0.18424641558876334
0.3258746190303958
-0.5261234775514604
0.2709667564763578
1.9728652296655251
0.9548447827204327
-1.8068969960316668
-0.46560429736351056
1.2140782913776273
1.4922085817069628
0.9166689256883446
-0.5988936565543728
-1.7271410133511242
0.5591886511429689
1.9146030915715124
2.313733839582293
1.5727378896846664
0.1525825220749532
-0.07722330576636571
-0.16520422917934452
-0.9952702121418625
1.945989443848641
1.957896491272214
-0.7915044786263146
1.3012166110765817
0.22597104158342185
1.459263678212047
0.6530635193923044
-2.217134183844286
-0.8564879073193059
-0.17027480106024614
0.5397056071944106
0.010291971263524147
1.4755240041428397
-0.41293030329240377
-0.2759833393375464
1.8161188339851633
-1.482360018390846
0.24832030011897455
1.0464766242496963
1.6228210325868664
-1.1962211285691344
0.5072570007184288
1.0462606753535062
0.33849407942378673
-0.4096726488598261
-0.38258093664233495
0.4593603994233161
0.12037741576246394
-0.018317433908652953
0.5812165811213028
0.9336235428060373
1.477537419253942
-0.7902095383339512
-0.19199410958275626
0.49630373945741535
-1.1442137085486148
0.29290973833755185
0.9378995704821769
-1.3740369575560625
-0.49782659484866504
0.12748893853617083
-0.7391223718741373
0.14033228704357092
-1.4081923800431007
0.9376992254988431
-0.9083549973037031
-0.8187515647238954
-0.7177605665816107
-0.3306944384611913
0.4527319011285836
0.10963741780410473
-1.3622689505063612
-0.3530327435817903
-0.09025735500157334
-1.2670333573700865
-1.5355685814294349
-0.19524303545861332
0.46186605180100015
-0.17112575687116996
-1.0994228994330397
0.17180400572285381
0.6088027767448275
0.11063037589920813
-0.22159695484198697
0.059473379792687325
0.42285129828934237
0.7247740453085377
-0.6671518459822049
-0.5767234358871536
-0.05205871505497051
-0.7393679276329835
-0.04241474191608044
0.15542776275950765
-0.4063889948130085
-0.6605412897854648
0.0805084689853583
0.2418401875408838
-0.08193587042797973
-0.3412333247419926
-0.07837405720723199
