-39.303415438276
-1.8899601067040908
-2.8838481243948206
-15.47114493583401
9.059856727307194
-0.8708781260095907
-1.1694655519355202
0.34647525587272443
-0.8460398271908143
-1.1024617683957576
-1.0131103398339123
0.6728072543162987
-0.012027537499526245
-0.04673471574198179
-0.26903600846956666
-0.23887796156644545
-0.6440190329107298
-0.23655235766332922
-0.25788867520388914
-0.5360386576731027
-0.1016174484233229
0.2404391669895251
-0.4584197632387403
-0.003372673298002213
0.04104061386023066
-0.27890893820656915
0.8151315265687293
-0.06958637286321209
0.8143500004082384
-0.45509460695792475
-0.6689565734378853
-0.9858339014154004
0.6428867307903324
-0.7092900511636182
0.6483407547554675
0.07473058936761548
0.0935070494926432
-0.2439173578943838
-0.4242447867047393
-0.4979822972661042
0.4862690685950287
0.908872416055177
-0.19352149903625557
0.37657160696506864
-0.009798979730652815
0.4891992937674109
-0.29130594301051366
0.006061598238386829
0.8438167201044556
0.09280866352045702
-0.09848080542220203
1.0738564997107405
0.34191468235236744
-0.9003002040427904
-0.9268500684793204
0.3832052426887112
0.7996567809276061
0.2223356270091032
-0.9612535966952576
-0.34222035490576264
0.052283605531459054
-0.07920621990043951
0.47115645858721134
0.1948509584867409
-0.8331983460385493
1.0656208676079248
0.046152693842291675
-0.18821848291939075
-0.3855415884178117
-0.20094517817296706
0.6342659285875768
0.07427064957574055
0.04008381519695299
-1.1388672331056824
0.38575548429162515
-0.6438769877979343
1.346510906108459
0.9446147569861175
0.43359235832776916
0.09073105315191923
-0.30560819851617305
1.1790412048658545
0.9468893797174431
-0.07938572145091055
-0.021947589250653828
-0.8594521259510329
-0.2573598937275455
0.21398968751468705
-0.9423415155288112
-0.5253228486462083
-0.7428066818907636
-0.9286638374956743
1.256065700470858
0.7327560045154857
0.27024833859427266
-0.11144519940470024
-1.235573665695044
0.6695520569855036
0.3495101982432483
0.002922853487318404
-0.2591036639231185
0.8529059257968143
-1.1532634514106794
-0.8356310837319271
-0.45911935156663686
-0.39006743751647777
0.6673553684816425
-0.2991901538602716
-0.9099399899136612
-1.515504542824733
1.1824973067441549
-0.23217689593575375
-0.6123667355399252
1.0280189185859872
0.7537150231695222
0.8434989034051503
0.7162691913675613
0.44531723577072035
-0.008227973918284103
-0.3067478304622817
0.5261555512759266
-0.5210766729290736
-0.3278063884177443
-0.6292644664274465
-0.41113723396843194
0.7134809639827376
0.8663167147179061
0.1758064273340012
