76.2622636414397
43.836925052892326
6.3588354692419875
-10.406224742591096
-11.417187835146567
0.03472377375086988
-5.775155891018558
-5.495523741523953
2.475007499805486
-1.511057557435437
-3.68212894800998
3.4502206767981667
2.028517085093308
2.8995041918415874
-0.9936582009975888
0.6897237916451405
-1.4161203971072596
2.6902154647145577
-0.9543333131220681
-1.868437058340458
4.029101679471035
1.0769848789342888
1.4298214452968723
-2.764338149521648
-0.887825367528842
-2.9388954452517213
0.658573653191113
-1.8514588614887042
-1.0228740086550818
-1.4615589937969797
-0.044368361110601884
-0.9517924580931025
-0.868735398125425
2.3713942532162826
1.0665621073799818
-3.5013782064687096
1.997334294488082
0.6503351673466545
-1.900421551610311
-0.7293361608522676
-1.2694326654551142
1.3769273567708689
2.673832103340391
-1.5786273817971483
2.632131178222189
3.2357513061649086
0.4638317939056725
-3.4477040701199666
1.5734257170904835
0.3920878487148819
0.476688147840899
-0.4414454890002628
-3.533854842020323
0.07708782382272784
3.1848744764696804
-2.2807750717018838
1.485425676139453
1.5063070076802278
-0.6778753764001727
2.636262308714319
-1.4157732365930222
1.7864382447808687
4.146444033603008
0.2634906869231321
1.3052225380831268
1.047991855612142
-3.138132421297369
-0.33574992284274546
-3.265826031663108
1.2457746459925976
-1.8519549180318933
2.807488755746979
0.6127015878158906
-2.3462111643056898
-3.3272061787348126
-4.721014866087307
0.9877826044194653
0.6084816876711504
-0.054165219603327666
0.5444094809972584
-0.031603431562008275
-1.5825235421233264
0.22351196703759008
-0.1723276412726058
-3.6653168644848244
0.6093957509949546
0.784964162087477
1.9077152297940843
-3.588440246484625
0.617896474936218
-0.06127526499862049
1.0315836790122093
3.623667175898403
-0.9042697071217007
1.3781051151114705
-1.2397245349095003
-2.5840547542148316
-0.2103496163293731
-0.9220808311440033
-0.9813969643201728
0.47328544841306275
-1.113392535082996
-2.269666583794933
-1.213851780604663
-1.8437471621138497
-1.2107997178572514
2.2061117654903146
1.1778368408337325
2.550356040357292
2.207814105326665
0.6886728534593562
-0.5977838066742058
-1.5056865535964898
1.0581163225119006
-1.8066800425849505
-3.316916920888776
3.7812537944867914
-0.9678633761642642
-0.10513373605114412
-1.1542330080886665
1.1554799600114247
2.9199700356338605
-0.9622076956984981
5.113073679494366
-0.9653774573634771
-1.2243017886858953
0.17042864188017248
-3.4822276848022407
