-44.78277753317118
-0.10791272124809448
-7.465004410403381
12.095699739910824
0.3677148330922378
-8.625420827828316
-2.0483674207999587
-0.8319289915917287
-0.5463287239980701
0.0003695710266471558
-0.441933439449928
0.5412770780569285
0.09519593578449899
0.16343583513709886
-0.13865281799343382
-0.9219404492063334
-0.3812619202688608
0.08158704140113893
0.08388659651297736
0.206496674232246
0.5636520623589562
-0.48643846977618965
0.02499331097682015
-0.23246049901602076
-0.16942167419516124
-0.11252543105054316
0.712034844021393
0.07846453820398355
-0.2165243507102042
-0.22305452314090993
-0.4030392585661495
0.17895289142586596
-0.29516099631838155
0.47694609320436177
0.3945310498465705
0.3128083370957202
0.5721088633089626
-0.3358568495461445
-0.3730911469527214
-0.3435431724167939
0.977590510413999
0.14882520382730124
0.412310907884478
-0.023099623516424674
-0.38391385585613724
-0.3219902142197307
0.6376719348886891
0.11971522515591232
0.20115859381779705
-0.3070431193432374
0.06780949240271927
-0.4791733212562793
0.024096003568566296
0.38773401243751265
-0.6850011441897227
-0.49799121294985926
0.1363314096714382
0.18483984090955727
-0.7610070063666001
-0.1641860788106947
-0.1660116208855035
0.17037221354394305
0.17657059735774575
-0.008193646358646507
-0.4660386351592045
0.0983913968321107
-0.3112873997202143
-0.5348888063372095
0.20494247200522653
-0.2489074349542957
-0.12692504692810716
-0.4737883941333428
-0.25973664935038604
-0.2626057407369281
0.049320954358570195
0.12161422315258755
-0.040004144768957174
0.13239274628934938
-0.47617098528799656
-0.298511431231333
-0.36095882978532207
0.3407081999896866
-0.17408447505006347
0.42394778909312086
-0.17638155042869538
0.10290486658818067
0.3355138644843862
0.18499605116482087
0.2956732841427061
-0.32824251876711347
0.3149197923412328
-0.3176144338907298
0.10082051729070621
0.07347421789245696
-0.20189329544154763
0.029928465353280406
0.013511292382677738
-0.08707230320814108
-0.39638430038361505
-0.34934412804329934
-0.22887133741037913
-0.047230549065277794
-0.37606184317683683
-0.370204334946772
0.06438356116718065
-0.014206467314941353
0.12615038603417061
-0.30226115375223306
0.09441583973579738
0.14941572185253266
0.2863451741196835
0.09734726194895862
0.3234912130192804
-0.10605268572812059
-0.04755235834594157
-0.31038405436392547
0.1529117143045209
-0.34035406457121886
0.038135234388028336
-0.5263120541998003
-0.22208721042670534
-0.22144276261981705
0.08906346659669762
0.07035052954778248
-0.26745965621066625
0.32504801057253013
0.24180090503073617
-0.01959723511399842
