107.23780545452554
9.350950827194694
22.336246851181656
12.66439026228004
-1.6036957651068515
-5.730006610442354
-0.7863945272144641
-6.16380287110018
0.9939596784516085
-1.550693056409317
-0.262409886358942
-4.286996407750909
6.941181062026147
3.109430868062234
-2.746593648297159
1.1388191682802884
0.9728810390680626
1.7800466646643007
-1.1559116378181296
1.4346300331934576
0.6228521724170927
2.185273971179781
-1.637929175011002
2.085040582719751
-0.1279098103795024
1.7349368092270026
-2.0914282708430716
-1.3633035588795888
2.6946393153483226
-1.4811804404646622
3.85253193401407
0.7603373913367408
-1.7824074798510212
1.3349454355764727
-0.853591788460808
-3.778556619112222
1.49980336996213
3.4945681886899718
1.0830232057571623
2.78130037478524
-0.0776930012404166
0.21458164405364813
1.2247132977882038
3.4635208633015258
-1.9828753079350887
0.3157081820091535
-0.5205763360164029
3.9580462109456085
-2.4275485930554543
2.929483035405193
2.016814907405254
-2.339728789745296
-2.9326245915622455
3.882827456339215
3.928968237356406
-1.9673395401973117
2.42595541074846
-1.812506388139765
-0.03102884778825138
1.3985681431639345
-0.7023404497820109
0.6429222860176302
-1.186102408549236
-1.131177538454615
3.1687420913146696
0.09815244637033264
0.7001031844706102
-0.18412137434151257
-1.683489000543932
-0.43776519915172074
-1.9066537266791257
-3.198157857825961
-1.8469324044140882
-1.8664238789880736
-2.029534507921326
-1.6250587742432265
-0.9849312913753397
-3.3388627374336095
1.9621019353078073
0.7048025974734863
2.6097841355980322
-0.8364090840801677
3.0865364809197557
1.1491137256541384
-1.4238828710239524
3.6846706469855617
0.1008230297057878
-0.15949521688086188
0.16383517966775776
-2.0197641465249583
-0.3092113835177224
-0.8339969066586822
-3.6039476080830015
-0.2832757758889354
-0.9578714358022398
-1.8527196896234464
2.083321185197656
-2.193685974132438
1.7435922399478612
1.0993569531964726
-1.6851870736348165
2.325159361038995
-2.153378065690728
1.7908965042081701
1.3178515269697906
0.2790811451765918
1.0000550350687858
0.8425817268667862
-2.1820982040249755
3.273896004757981
-2.2774873825590776
0.5605878957378508
2.4843810122155725
2.1921105381141444
-2.958274571604268
0.3803719976300495
-1.2860452756349927
2.0501173637987815
5.780611008150034
-0.49630002561704745
0.0800817222075807
-3.512797868268193
-2.1597684491244467
-0.38972934665214737
-2.4211360384026763
-0.754171991871997
-1.1476956756292698
-0.6301724543825474
