94.96640566864909
21.001400410625422
-33.697611224132565
-10.367270233260289
-8.029741199155595
1.602557085747151
-2.3950690365140845
6.371198476511543
-2.9020463205489992
-2.530648502672259
-1.0197200965851534
1.243875092161463
-4.453661656019843
2.4447372315688027
4.629397348084405
7.251322363691551
-5.430778682538616
0.5484228138102307
-0.5962459085575021
-0.9401715400723909
-0.29065773390798966
2.46191932575398
-0.805499083406569
1.451398136504509
2.863473376441254
0.61700186665346
-3.1309607884453623
0.7691665184705323
0.439911817794659
2.8915063868629467
-2.028744538820949
-0.7068241919219276
0.8448346895354695
-4.201638484985983
-3.017974681852715
-1.8195113012927953
3.4272933957912737
-2.9872664941784324
-2.581830633032061
3.3258384374898893
-4.267795547093831
-5.468024053994438
1.0514952026279278
1.2192109350397615
0.029806631228295744
3.3937469190558973
-0.4949187368558061
1.667926045872829
2.2469543791905027
1.859562093742052
0.5521181595474511
0.8479413004194585
-0.24376080739154482
-1.8887890750072711
-1.921004750797886
-3.382945754017766
1.829894377516104
-1.3676649359705102
3.300778386612303
-0.5136471139966733
-4.70676319097807
4.826504328904346
0.4778296229997976
1.3863820894593495
-0.737831408101014
1.376291610924564
2.8476745665628656
2.1869914911305974
-0.8768775503713551
-2.217625799557452
1.41138556053453
2.2946819546750836
-2.0139769294979413
-0.9312328244284414
-0.26694245246865494
-3.7099833934191437
1.7606041404307882
3.873662278656303
-0.9594190612410879
0.11139738340706597
0.6661022123244306
0.7150062839282009
-0.7523107386594095
0.3391061027125273
3.2094457706104174
2.89399338679175
3.08479341584629
-0.08126007342690916
1.3193134788188288
-0.720479409553898
-0.483010259020904
-1.869461828661179
2.3337567624920665
-3.386021607818497
0.32122138125526956
-0.9217481676980316
-1.4610402482728553
0.581534436242601
-0.6114049261671284
-0.5968896687825934
-1.0193417204646915
0.29894576014174407
-0.2921719616766863
-1.5711823683540223
0.6757837987115826
3.138842696711488
-0.9482797843394623
-2.4446946084557024
-1.6951610760029898
1.1498011141779925
0.5669111360463881
-0.4010678397632262
-0.001576353850077039
-0.8819742769018877
0.20469636050780005
-1.6766490801876972
0.5962702286739596
1.1925429846458169
-0.7783763642045116
-0.13576442644818681
-0.5457696521806507
-0.3133606192320272
-0.10798187744001858
-0.16493656744411367
-0.32966034993110815
-1.1085228119230746
-1.1475761010709369
-0.4192054107627918
