-17.174655176710317
84.79617358020968
12.050661126074386
-6.686457226586751
-3.4656395903817048
-1.9025677820322633
-3.0678812358608205
4.2414858643111915
-5.082947820321447
-3.9817860043401816
3.1513955628331516
-7.098442167452943
5.2359988488372196
0.17087580316958206
0.04875193462630603
-6.096672721704614
-3.181050513312111
0.7034939873220554
0.7928917563400817
0.8472980682438145
4.831339301811947
4.0365360172250355
3.1829688381015355
-3.823703602862661
2.5897000631813802
-3.993685191505986
-3.2952860306712886
-1.7521242799845242
-3.3634861461720873
-3.0266705778998815
-1.7706200568475343
1.9220555284829097
1.8521634216012695
2.632832487786434
0.954946032789028
-4.146339887882583
-0.5058575230047231
0.9951903393168532
0.7957410149914237
0.14928407397627347
5.1232329314447975
0.11655653237158012
-2.754839335081103
-2.795393965414991
-0.7048814305300948
-1.520033334437569
-0.8932544132082889
2.115203179345776
1.5220694748823522
3.399975381356747
-1.4143071485982874
0.3998779390709799
-0.9089950201001796
3.454440933276651
-3.1741097162713663
-2.138427181045154
3.824060466508403
-0.7391108263034871
-0.1949287988963427
1.2832045797472198
0.6610484957761769
1.5270255118247207
3.593283438451455
4.1672139830198205
1.640657415245151
-0.9801623007127213
4.963326691763658
-2.464197194894393
-0.08765418402940742
-0.3284645984869938
-0.7544724197093774
0.9498530342354835
-1.0131838470049748
-2.49830244509733
-4.226336995928017
-0.6094243792745964
-1.6542352560763363
-4.120855262837969
-1.9573198034984864
-0.15159074789903437
1.109559051093755
0.43098308109104017
3.4796092827467797
1.1535304777619864
-2.157029170835982
1.0618685014710243
-1.5068475332892466
3.7343321117919714
-2.6361520368979794
1.4064028637237875
-0.6948916171189731
-1.8007708750172675
0.4616762377084444
5.979634386990458
1.0269168986502577
-0.3158471902086175
-2.0692737094523648
4.482445404371169
-2.8401938369080173
1.0238088085230395
-1.4352836287090343
0.5404573070492734
3.1034109858633077
-0.22282538419067047
-1.154019756462434
-2.6005685993565617
1.4448303634746504
0.29621460110611186
-1.3024255201498525
2.616622433988727
1.2295479889855168
2.671487259556772
0.04648199954682179
0.11029955990799745
-2.3876746535831868
-3.404096283392416
1.070985639229876
0.6637556991397673
-0.7961371860326393
-0.2958755740402392
0.646141046201228
-0.5616768713646507
2.1352379606764083
0.6263415229914973
1.9481260644375042
-0.39622386737285575
1.3567817096870427
1.0219559578663964
