32.9100639739297
-41.52834183191386
39.17038107090377
12.698451235297474
1.7452056492993753
11.248696874444134
-4.897295198347994
-1.4659625441101387
1.5204565694811603
0.08133784171951425
0.5534547034686064
-0.4710509627065423
0.18247032174132743
0.10665010480554579
1.1636883352830374
-0.23588655448236334
0.26338727163567494
0.013713970285928374
-1.1592272120788616
-0.0055119145922067625
-0.10512388453494653
-0.09932976686375508
-0.27347382467870374
0.26588672186097506
-0.5104261305361691
0.243501079798125
-0.2804475993569134
0.26417248954999933
-0.13813460433844948
0.1363252044791855
-0.07326742239023412
-0.30825706906241374
-0.14072755521146085
-0.523084062524565
-0.09506259027904126
1.0436675720508428
-0.08927355141031124
-0.03540454219175272
0.006100633209787154
0.06029682712281695
-0.15392099397998035
0.04519436300184032
-0.5116265003416369
-0.136387136721832
0.2155826865001822
-0.148763505980501
-0.5877048427637749
0.34554504811280035
0.3566871825756898
0.04067511716826698
0.15694509247298644
-0.11822967163408299
-0.36554420884832334
0.3300684326229988
0.509012304872548
-0.1208259091061835
-0.34241605449819873
0.6418079956071893
-0.1646083932173936
0.4552998114259994
-0.08441188165837346
-0.14324183100669197
0.2805201467855591
0.40099320168903485
0.08155392212169496
-0.02002179556698125
-0.466764704373045
-0.023985516358082326
0.5853250066010645
0.20222644339462525
-0.815679426223553
0.6336471012533973
0.1896390629255566
0.04232983882518053
0.18838433029678583
0.06614854071620126
0.33739188185167224
-0.36552863182445533
-0.06459358086505607
-0.12862851635953476
0.19570863614989098
-0.47587802698952386
-0.040702320520651425
-0.09266776473625384
-0.13198284561531173
-0.411899651030189
-0.18450166103562232
0.054585778637820014
-0.22300430836539134
0.5701733356897465
0.3939580139275075
-0.10961006576886032
-0.021989171286260628
0.04754969176665077
-0.09993696812679176
-0.5175001028621468
-0.06701988109636113
-0.10481204215091014
-0.39597706991448467
0.2943030616926903
0.42406078139007247
-0.19533719316393405
-0.18778997483757376
-0.4894851569062836
-0.0727564763118902
0.1177563678495942
-0.3188678059584422
-0.015673382948879627
0.0829116439611063
0.41199309795859956
-0.2385896145064018
-0.2594309555858907
0.0330764911563801
-0.13866570453182564
-0.001994951635821418
0.14230268345601801
0.066898121475922
0.5194419854094491
-0.17081319247747162
-0.04766426176806496
0.09546400660105696
0.1588394135192628
-0.041073664789767775
-0.024816548020090624
0.36278995576584605
0.023936796609857813
0.16386141720086128
0.49182903782778964
