-40.831581343360455
0.09911751074992259
-1.4880782532113626
-15.240825988725167
-9.571209241085388
0.7486705304960009
-0.3229214894159922
-1.0438772715905444
-0.4216329735763884
0.2275141527769241
-0.04198673033563513
-0.5565394067797028
-0.13460541165548137
-0.25162147408792573
-0.04453517797459272
-0.9756761939980964
-0.07598337265765065
-0.05649473005374254
0.2021958308443442
-0.07091168941317906
-0.032910122064993885
0.47232217593971554
-0.24441919518465952
-0.10374792748428174
-0.10421781071873425
-0.1735385998871203
0.4508167257725007
-0.08862035750569347
-0.004515024183297023
-0.01705586835908513
-0.5419515559872996
-0.1440013204495768
-0.558561776867157
-0.3212452155224707
-0.07996757818958661
0.4573239874165398
-0.11524633914915507
0.09167928310012441
-0.035566426508874094
-0.35130664348438984
-0.3665879506962904
-0.12385621563286475
0.08153369050225556
-0.14003081199274411
-0.25937625269837644
0.020156508641515913
0.038706846607319434
0.40855662790361663
-0.3014534213681691
0.2752532637549722
0.36797964022888596
-0.07857192317006975
-0.23467741919263185
-0.3358102429312048
0.179831924822188
-0.22410357483242502
0.03692121080766635
-0.04043090791016529
-0.25414802241935336
0.13716859556092514
0.42519685178754846
0.03403078596665549
-0.7593502546358056
-0.18614013279975233
0.2978664399255928
0.15523697270972303
-0.5332116328238579
-0.13450595329080256
-0.0016891293755841585
-0.13430834357865304
-0.10375503063577604
-0.3424675343902763
0.1278082182107129
0.12264521479859991
0.14884148826061822
-0.0805109351406743
-0.07406137304219784
0.42740428573047745
-0.061216765545878
-0.020810911343640624
-0.08671046777100311
-0.1641907988584852
-0.13563483979373123
-0.2974687910383952
-0.04394067848857425
-0.07936781980984797
-0.04009756414646762
0.24098350068871807
0.05628443352438303
0.3623544405639723
0.1708720242110136
0.06653737910756805
-0.34663068353489873
-0.14714583616972715
-0.03501710130126784
0.2704353803443393
0.2040883203611002
-0.7725366273526455
-0.08247816044398659
0.3493001110647809
-0.0795419767429476
-0.13201190199753962
0.4305464159675684
0.15037191402393899
-0.3595600790010408
0.539298781046251
0.350563060823994
-0.5386034196167716
-0.35599322022299423
0.045241623469243646
-0.08456318096051518
-0.2557956114522107
0.2493660051083945
0.03431885680802832
0.07095314755471147
0.23779498097280322
-0.21260309506666522
-0.09806801900343388
0.11280560262643888
-0.2955138783322263
0.2291208214006398
0.3009311065906718
-0.2599816235595989
0.1268881556683654
0.09270892558262522
-0.22613523578679767
-0.32032706784017323
0.19489163841102006
