48.41859176522436
-45.87727532471874
-3.574714221387212
11.463043881542239
-6.428105440295243
-1.1182469078555612
0.5819216348354922
5.839922521949053
0.9948810291498414
-1.8113018527755378
0.9382391558930737
8.876561147835138
-3.5009089889063536
-2.334522485231998
-2.762329858156949
-0.005551204426560069
-8.32449512678551
1.5433643582076895
-1.8917847023055483
-2.6666262094099142
-1.737132219702513
4.773043544672933
-3.7533421914853973
7.319384384277827
9.370509609014093
-4.054149389074001
3.2299069276690164
2.8618334384159443
-3.577551065132385
4.217188977589593
-0.46526758928392625
-6.267301563039111
2.4486088205582206
0.17625931176226628
-2.8344013088549516
-2.53060675194705
2.545586084594412
0.5361016416029641
-0.10437651496040137
3.648023110616731
0.930983418313148
-0.8372888962129285
-3.4809553845623693
3.939369412988608
-4.49814340453635
1.1132110067498457
-3.9191700165722336
-4.645875656099988
0.11007003619549717
-0.5218955912634661
1.0139535410135874
-5.308960916937134
0.8601589314534562
0.7448007117361418
1.3846853753794708
2.365002611927414
-1.980975223564452
-4.246825862790625
4.016674732916632
-0.15066211324913287
2.6532228156310556
3.13015141580958
2.5554987300832948
-3.7147201087161323
-0.4622171081184633
-2.8375118131979287
3.398321327027848
0.9328485043215127
1.6819383958689311
-1.7589299143703576
-0.28606591906907014
-4.435536163829528
-2.513112275750803
0.22018238401623413
0.7599405395321438
-0.5959367866095875
1.0355025799482978
5.54127995633196
-0.5363984015094027
0.635459755745462
3.7075496005639286
2.315771529325569
3.3928962026861558
-3.15903818898495
1.2483785999604133
-1.4418583960420015
-0.7839559564357121
1.4431447964749007
0.40709189471036517
-1.6859715012766345
1.098570257235194
-0.35438363383294835
-1.6506182263324787
-0.964430797478532
1.2382716166709207
-2.8789977475460105
-4.356022379894505
-1.407585679619243
-1.4628178625114927
-1.9790043064118028
0.380066921920377
-0.5777113449028202
0.2909357889861943
-1.787068942932595
3.924442890636344
0.8712777242097868
-4.964219071064399
1.9211379209475614
-2.809002647188134
0.8916009201089268
1.5270861663051947
-1.7407527013240598
-2.1223874645584506
3.3896892858331955
-3.0490181549210127
-1.6773079302151666
-1.4807197134114194
0.9321496573046999
-1.6590096604538893
-0.19494782191382545
-1.2362682692411127
0.33221113167973143
-0.25553733512790944
0.2014627098923402
-2.9131578722083495
-3.500672595365214
-0.4798262785265238
-1.3126533427759552
