-44.330563137297204
-4.830026063955167
-9.374788259577912
-2.960380727248995
1.1309930750709798
6.516247105776282
-1.6383823447262955
-3.3806551343536944
-2.9409915504078468
10.741058782956188
-0.40194510860984795
-1.9852907590292719
2.5813959270022275
3.1072543183540264
0.4020302556242408
1.700536136660503
-2.4800234476334597
-0.407806580603455
1.1545595439573313
-2.8031769844576337
0.2986875046536055
-2.812539881637774
-2.182560969230943
3.2534406521783734
-0.22882319045082783
-1.755721025072744
2.730741696393806
-1.3642959004980864
1.2178884079755294
1.236616720250777
0.8762809923685653
2.7418223208181143
0.4638212264272594
-0.46883102743113075
0.2915605417855593
0.8910554918698136
0.4288068073899069
-3.4879431375931174
-3.0961851545117813
1.5051875918246882
0.8759147936325089
-1.5800745243644723
-2.0354267626834908
0.28975414448541637
1.4648017024431108
-1.8249776571924898
-0.451556920793418
-1.4193781528583478
-0.20469737216661343
-0.29000433107733303
0.7466025273171636
0.03357707475394152
-1.2418032354832134
-2.6284995610667
-0.9921641255686294
1.207712398707986
0.2572081694547831
0.6628584375534211
-1.455883238570443
2.458696290321784
-0.639937201340429
-0.9052946463805588
-2.0340053963384195
-2.498835743126655
0.6637580824966132
-1.1128941471532692
0.8286551717036819
-0.5630605860893714
-0.681248130069487
2.4800586486579186
2.264701430796102
-0.4141636732209074
-0.12674722253150572
-0.7243272117063769
-2.6966090334649766
-3.664379350861232
-0.042503911114775195
3.132377972171276
-1.8534792470405161
0.8849667014688687
-1.8657971806148013
-0.02006791330252483
0.4461625707049048
-0.7736145896335078
-1.9484767102174
1.880743129734647
0.024934610340875282
1.2294313302283306
1.5736392287068508
0.20205318824307417
2.705583666551138
-3.383609023275631
-1.46500307921487
-0.09152137289647296
-1.3671049681933973
0.34671713628222245
-0.6732269207371963
-2.428546418063331
2.0585603029403554
0.7258494926570384
0.34715464946292934
1.1677593308362237
-1.218400040869214
0.20135417182342968
-0.8271408859090066
-0.25275987061605454
1.9616191008718884
0.8060112104646765
-2.7115852908871942
-0.23405572847256978
0.7765496620298827
-1.0932716987252504
-0.7116154346297243
0.13820273023080157
1.3121933841945683
-1.22516904744301
-1.6514541169154506
-3.055481427235674
-3.063079975603112
0.44217391680731016
2.499084391110757
-0.9799288624578052
-0.21096040936286567
0.7851777451376881
0.985953480675297
-0.08143658206220976
0.3173266585582619
-0.07876527355277013
