-19.88125535344663
87.71269724854562
12.178978945647408
1.8043946854813715
-0.39848650177388073
-0.1358483033971286
-2.6689037805973004
-0.15770729905770986
-0.49911685051360544
-3.7666694643796195
1.0050219160411096
3.038270929745408
-1.3122525612103253
1.731043044051769
0.13646882929882567
5.519382580319478
-0.36278142642733674
3.8131833564902196
-0.11754546007855615
1.0497324426957713
1.73511630968141
0.3595787548278464
-1.420247276163241
4.1520899939777705
-0.3743518019061016
0.4655475354251542
-1.0958343743182473
1.2024868215041202
4.911863764868999
1.962142337800601
0.29383767760153323
-0.33089283756323395
5.158916252348634
0.11933373122003929
-0.9791827338762401
-1.1946622297752088
-2.5818596744438116
3.63362236028938
-0.8705294894963387
-1.8657032155676778
-0.4162333676886718
0.9011308786087663
0.1679198932559426
2.5416997998493494
3.273202710287467
-0.1884715509144022
-0.32527862906156757
-1.4531224354765189
1.3746289006132688
1.4759684021302315
-1.1796414012822174
-0.021222998557409944
-1.102493695112826
-1.274612404744377
0.8119182439391968
1.0172366828304642
-2.2576784480492087
3.4044393922503664
-0.04590608641688701
-1.6616970778113636
0.6156358397584307
0.02213696902545237
1.2419696784565617
-1.0127032386486698
-2.5975139826244984
-3.170559113716184
3.096028823259525
-1.8917322898926598
0.663866910856552
-0.40972220755956257
3.837190878047117
2.3812248004138397
1.4407899195996496
0.4303830370995942
0.001517490288501816
-1.7034636845339983
-1.4270093546714104
1.3247706535044421
-0.49062951534250376
-1.6781352048889149
1.200404034119098
-0.7540236425026446
1.7510995308606332
-1.6058222510613582
1.1388616290220286
1.0887582527951813
-0.2768260823787827
-2.7765991832638433
0.7978613423821153
0.7248082034075095
0.11104101983290449
-4.92550850426146
-2.506030240919403
-1.6420448810371513
-0.02776820537301826
-0.31976449753191405
1.3295150512417246
0.26260433967244295
1.3045569976181919
-2.319118625413253
-0.5484654622058844
2.648778071191212
-1.7058625633092181
0.050552525497800954
1.2765884079320984
1.3650686818370958
0.36390759494847713
2.4534619558484634
-1.0090947339028893
-1.4387536156927059
1.415514836753213
1.8545649268211688
-1.7929511820333286
0.8539120091922412
-2.326430694434971
1.1397979566320775
0.5402431981187378
-1.4707519174278343
1.2496408707430273
0.6615459458433
-2.378153463367887
-0.9374127898230445
-2.4034807484008622
1.388869196326632
-1.0639337613210669
1.0956195825995274
0.05487905110744484
0.6407223099975898
