-32.67651287164907
12.773757840133854
54.159788919274746
7.171346515390684
-4.435583569790359
6.093898162448464
-1.4737656556163778
1.554030857331771
-5.5027418001340145
-8.592649682609824
0.4399038310579444
0.4044941442614465
2.3681235928138085
2.2934494333035724
-1.491396501077469
4.154765377633314
-7.227434855347346
-1.414239467515313
-3.6780992105826136
-1.9948721597876748
-0.20437812219973361
2.5368912924695164
-4.1036161462438185
-4.323823171785761
-2.585668934846879
3.563299112276651
1.940790732075211
-3.0628965603441483
4.290327236411989
-2.732972291628847
1.7644803607832618
-0.9597435198714347
-0.6389388423940148
-2.245806524618548
0.3990050544929526
-0.28580622305078157
-2.1203526766439755
0.39270296467878946
1.1344286174827536
-2.6072911584025396
1.8764480917460251
-0.6763826223047147
-0.4750983496419346
1.2841384442770367
2.0722662554002165
1.2327773837475602
-3.910698408062052
-2.4531218364814245
1.6175055871362303
-0.0723782506647146
1.6350696822476252
0.27357470059866706
-2.113565860101549
0.04409615687174512
-0.216528935307065
2.2144730791487275
-1.130039064238154
0.0985623019278754
1.1862462278022783
0.46722968848503105
0.26941102365001957
-0.3368533783071227
-3.815101421669048
-2.0614208034496775
2.0261483856883844
-3.4539878282990983
-2.4453880825351115
-3.800028690615864
-0.2686579333640917
0.9250320390465695
2.9494356967574307
-0.7158569121057818
-0.26645797537487326
-0.00907384388414989
0.2401041819573735
0.497025173029068
0.9297296090509728
2.6068385121988755
1.5941437605899593
0.9722299983911316
-2.834412332485081
-0.5320425156200707
-2.1067051146476277
-0.2885282172551923
1.0600674230541562
1.9358681310459964
0.6206905391332466
-3.2213806918019596
1.2151609408515167
-0.4686155590335358
4.061479044180758
-0.9523051833965348
2.1783688580387865
0.3111462554169526
1.5120721744156689
-0.99934708121773
-0.009716009595531497
0.11767044400656312
0.24544613835758844
-2.0321337464093423
3.9811820433773377
-1.126344598119703
-0.7078082423920383
2.5573613505711728
0.3285961110989212
1.0922769257238318
-0.15212848537552648
-0.03291342071229958
-0.7542171735591793
0.9531785602547236
-2.2564045202077754
2.162348531874256
-1.7590385157561532
-0.6168069108908865
-0.5495909955530371
0.4563342502169516
-0.8865408472172129
0.9945434714877912
0.5240786213424647
-3.804702880757441
-2.9608504634844994
2.5239694417383656
-2.803637568162533
-1.2739982351761345
0.49150394318829127
-1.1798849718408426
-0.5714055798243398
-0.2849252892857289
