-34.546638972377615
10.687990937248742
53.72131759725004
4.399622898358703
-4.49235550669268
6.019693560120608
-4.889586325942753
0.2098065904436979
-3.2022075307762536
0.6659694737924245
-1.4736017493497804
1.6305175028867884
2.617269113138667
2.265702768097558
0.4950827323648149
-1.6806916259405424
-3.6918473512839123
-4.275001789987088
2.104530221875268
0.5869742286205091
1.302006063308244
1.968965270393197
-0.19105654082789386
-5.333384933984465
0.5715513851739847
0.8262003260952138
1.0153296768630407
0.6100183087084308
-4.137119433981279
-4.094467430201533
-1.152537346053198
0.6033433943987108
0.024615647229138865
-0.19146800938582917
-1.567632088937545
-1.163295556929764
-2.714437872544107
-1.6945027125109353
-0.6882858273857635
0.586360242048489
-1.5224871661135644
-1.847267768289951
-0.30152603697107205
-0.12477455470927468
0.3094101580786141
0.7933420028747671
-3.110579268686642
-1.0243742083674425
-3.1237847216075894
1.8306345287854862
1.9897325001346076
-0.27798987621139043
-0.11949500712659414
0.2786436708889652
-2.0311344200084607
0.12797660443082648
2.1030399482134254
-0.43927446281609506
-1.6597519404662582
0.41159454224023023
1.0114247426331786
0.06714456935341678
-0.3437705950561631
0.5556993451585901
1.6257473364997908
-0.14211724992786662
-1.5338469461701705
0.17763006970882383
0.5214275943242422
0.9641755070104611
-2.114297211166418
-1.3268897941701536
0.7299863516571393
-3.3225968391777285
-0.896763147600328
-2.0796657812378
1.7272430752475323
-0.7611845659040287
-0.138753082405223
0.18165796276954088
0.4556763730468848
1.9124179018636407
0.01677686499806475
-0.7628804659117502
-2.3882580574797188
2.0899107078686336
0.7803620785558866
-0.14522823851799
-0.3580080094145907
3.8687061048786684
0.5468105391059778
-0.7086526934945149
-1.3507494310022425
-2.0542491692670284
2.249730360770543
-1.689667568565087
1.070062921425398
1.547650965919303
-2.472337152003353
-3.467616477359643
1.2833286034562945
2.1011728590902616
-1.0886556612460467
1.6278544543656983
-0.2655791310534484
0.2058778091626966
0.4579771391253942
1.063296047912237
-1.386933475544997
-1.237924282672675
0.2919667789614192
2.8685226890888753
0.48908102657325847
-1.8845637517195606
-0.9881710143395086
-0.31519338383856954
0.1768134960082204
0.24058307667258322
-0.7496897373188632
2.1260815288469868
1.046891649222447
-0.914242307220571
-2.7463922324812353
0.9474113653995886
1.0897245367125714
0.45127790627750236
-0.9333128068226357
-0.3812783390890082
