40.84521897439646
-55.464041380403536
-7.789746017793964
5.50781891353784
-6.56570601948659
-2.9462624908469293
-0.6194595567287197
-0.5971020332357031
-3.0689182948125153
-1.8561592272943745
3.913043311191312
2.8063827809491424
5.04295307272062
3.6582568828746456
0.12276873961199516
-1.910792258709855
-0.8366094856418453
-0.6101832721736961
-1.361601201265063
2.3967547820197894
-1.1730992351265566
-2.5814558846295297
-0.026644386701797224
-0.2565238358181187
-0.7129306163511597
-5.005221580708102
-1.2773571226630225
0.0038929981801437037
0.45954624199127486
-4.146804170801083
-1.3542746651628803
-2.0394708520672653
-3.5267352784166133
1.9318165931526257
7.983239984805694
-0.7311843120648389
-1.5168297260164
-1.4671146201555458
-1.2088056922331014
-1.2782811307182045
0.5784587895271385
-1.3733055043737497
1.9164270930397347
-2.0009727228194114
-1.018911120105397
0.7679290768873049
-1.4036334841803215
1.8226563446139554
1.0719575781612143
-0.5183928215864453
1.4104529483331851
-0.10846179528082642
1.9606393999916316
-1.374909104042051
-2.3274108086428202
3.3996685933139528
1.685651698177764
-1.2630522049258257
-1.07177148893708
3.247989539841567
-0.31550760427308877
1.1468895042280487
1.5982383356234844
-2.217394459398879
1.8345198263413436
2.1748458633025405
0.10363651700212859
2.367220832429085
-1.3822536706799338
-0.43595171104144226
-1.160562702493736
0.3263542156889665
0.541586968249427
1.7103588449748846
-1.5386154491141626
1.6659982294091757
2.5489985348622586
1.046867053463263
-3.084650429727107
3.7033344277982994
2.099539295044285
-0.39985894124390686
-3.3714829874093395
-0.7562776288645437
1.2628502198200704
-1.8836517452429735
1.4938062342931564
-1.7277113997354854
-2.744716484535474
-0.8123714944446688
-0.7609325019012206
2.1322979698520443
0.5816117172155023
-0.23911371668049922
1.5420187840624413
-2.9244476371762107
-2.9957273877467765
-1.4793667377752977
-1.9871660658032382
-0.11212607835399968
-2.251042853055117
-0.17693832748657834
1.0914777842243537
-1.7516647041763096
-2.261983013143899
-0.6750277035547902
-1.1704261860881118
-1.174027201167183
0.02723933282581148
-1.0879135984188704
-0.37618503350205407
-1.6230775878299566
-2.512763488178113
-1.4239911288384564
2.649792345533136
3.032275633660468
2.8834575354114196
-0.46613575032335824
2.78460718207281
1.006810361246344
0.6693685329409997
-2.1112152238351234
-0.5139222967065391
1.5689213809130487
0.6260035309854399
-2.5423476407830465
1.595107399346339
0.12083267036975293
