76.54225250662888
37.366911240146905
-39.78119625694128
4.950234208592734
1.5026231639427314
-7.366867120073843
-2.1914154722519172
1.0157028431320434
2.142749322405873
1.258704950494114
-3.4520730045700403
0.6366929118765743
3.650752497766174
0.7762470893136797
0.5077491116644843
4.035658658145576
0.04356577871550987
3.559662511050357
-0.0517008082015592
0.15490809262359487
1.4019047827657647
-0.029814725635088725
-2.121554595646787
-0.13267028060915298
-2.350903355815352
2.399689291593897
-2.4582917719703543
-1.6517808242314242
2.398087535929615
-0.07956466720748256
0.31887307129939707
2.3043395086606373
-0.7277999759090016
-0.09434385146195391
2.073303495787207
0.26482707732960376
-2.2387262102800167
-0.21862555158558716
-0.44520084336010424
0.07215725187685534
0.1484028369959789
0.392851321375863
-2.837205795220042
-0.04753379523717269
5.759145303590792
0.742966954052867
0.8969332349547605
-0.8214149194618194
-0.9447951657990624
-0.5834222206503745
0.29866555311720266
-1.7347177549606807
-1.677503518294557
0.6281527094060555
0.8311388788509754
-0.15366367506341322
-1.3243457459986945
-0.06497692428709911
1.3411182920389115
-0.9925400706971033
0.2484349608924001
3.295931247974526
1.0495733833474157
1.4065216235841214
-0.14758354950111813
-1.7303792685257087
0.9073333541945497
2.1539415121893724
-1.8173916279317541
-0.04405214563023667
0.5539338393971256
3.448211058416781
2.897075775593704
-0.13461091113614446
-0.08224352791529024
-0.1780049932091607
0.9785049869264331
2.75340133491765
-0.12580151392706262
1.7782590651138213
-0.07170723623784558
-0.3307305504459896
2.11628672315293
-1.1736109853499903
0.5927687789295214
0.1317649620058458
0.7708517119370109
-1.4890510565053974
-1.2934986260590426
2.415731435690861
-1.7713687091243948
-0.30036477381934035
-1.031330779899242
-0.11228553278132608
-2.796005869608938
-2.029357430921654
-1.547090956646605
0.9012079642969599
0.5286969056629414
-0.2049737410194979
-0.15392374954350682
-1.6119415004072457
-0.8727498023834022
0.14836070334228876
0.6988879912420213
-0.674855893882494
1.8238903638355002
0.2925474895015763
-1.0389983167052943
-1.4726985203984062
0.7561540827652425
2.522980811463817
0.2860856114004965
0.008246921124376305
-1.316040005048927
-1.6282546205963941
-1.2384778744182237
-2.2612840631352156
0.7721245864198532
1.50585623177874
1.0007379920900403
-0.2867430310497721
2.125453482404857
1.054246038922246
1.468893513307884
2.9834270993520926
1.824073431418449
-0.5313924811684584
