12.102554364511118
90.27342506022019
26.097703730529993
3.921542071477203
0.8486488635489584
3.9048542852322874
0.13394386674315684
2.1226088299218624
6.213188682336281
-0.7836684212203759
-0.9900766144889612
2.546823266218729
-4.61584813261106
-1.7695867956817017
-0.24023628517144552
-0.31444291141933145
4.793905963196142
0.770084207537011
-0.23537708053261638
4.954348801994356
-1.3930859729397889
-1.5819049493572446
1.3801304524194695
-5.2302746514944305
-1.050183391184853
0.0066416677383247524
-0.5922492345282704
8.579162969236906
9.673615964399819
0.30099336493123147
1.8610353499214012
-1.4335833256445942
2.0590968133994205
-0.5093645082902779
-6.735649481414376
-0.5975494980810997
1.242752759061522
-1.3913270213435964
-0.7191828874695623
-1.0585559807604954
0.26349308903108104
2.8788511343273138
-0.929314441819321
-1.4982870054249084
1.7156223530187504
-0.21994294936403697
-4.0070111593837145
-3.5039306387947224
4.921508668373261
-2.7338545188884225
3.022227011413283
4.102818863846868
1.6698701979954609
0.4954611901271263
7.185370304251073
-1.4353557022310566
-2.3207770730809383
-0.6496030654318925
-0.2882643766440801
4.812543794171444
-0.08192610011918579
-0.9860013728784554
-1.9889972693014186
-0.026259932601827837
-2.15814224998498
-1.1105619155993156
0.2727367604782233
-1.7323715481202198
1.4658562072278232
-0.7809138874492224
0.8375278676623081
-1.4317163793855106
-1.6978030912543012
-1.9888452501574745
0.9808888368774483
1.7634941457531448
0.5893631598733756
2.32485411586496
0.5782649396565427
-0.635589931559702
-1.7811995095105928
0.08015462275903595
0.17381248621217368
2.8016387030271286
-2.4774052782283755
-1.0735219396182654
-1.0784684549088341
-1.1083818414238011
-1.3564179950571238
1.5469082208488
-1.4072132544040863
0.8079795337966784
-0.8875975978465869
-1.574260702088824
-0.7083515002597336
-1.7096499310957072
-0.7539749679925947
1.6449356165960087
-0.5858634815731575
5.724273697196288
2.78311494267803
-3.032754733497963
-0.44516894426171416
1.4122651060562172
0.1976728420603441
2.0766490199371144
-0.42983458364632776
1.189776368832478
-1.7042082474441222
-0.777732049747311
2.738915708080471
-2.1681731399212865
-0.9795529216413856
-0.269964216220574
0.4309411565874496
0.6633796155866516
1.0765878811392913
-1.895647908291859
1.4830542843347974
-0.5574330285618393
0.7678279169046531
-0.1902891196125906
-3.743563693044202
2.5975286239095348
-2.4647548836877125
-0.3361152131375005
-0.3205533636930381
0.08431615280306808
