-40.556198493169646
-0.7320145250210913
-2.3865967572424536
-15.08099769455644
9.661621927767888
-0.7384232919268915
-0.18632230010887962
-0.7621465204597675
-0.4027457529932905
0.11889714151177794
0.36714853348133525
-0.11044695996642674
0.23667386728778195
-0.26507208749508016
0.1253016351903962
0.2242486446664437
-0.5116076276097625
0.657425088949166
0.2523971379855786
-0.017801282239049476
0.05056075476006894
-0.4149861919300362
0.2666938323706206
0.5482431070279333
0.4392300011367992
0.004255374807731888
0.5583341416945712
-0.15478733075764092
-0.3464205829011491
-0.3301766263218405
0.23219237855086494
-0.0030860865334899623
0.050519957441917146
-0.701394202151708
-0.0663664659198299
0.286037335924289
-0.34803392606068073
0.3198388378695811
0.6168674903257698
-0.03514970136685833
-0.5169459029109026
0.7355580714011225
0.2839075528491041
0.3094304478692369
0.045650179459405575
0.24535070110148338
0.15191136186980192
0.5421101939787594
-0.1785966784517803
0.10157209138538237
0.042721900336286936
0.06021333012999275
-0.24999555638899726
-0.05959032517619249
0.11957699116126391
-0.2590753303038901
0.1870652217404966
-0.5449207275848417
0.11593879364983428
-0.3705742236353481
-0.294510931498053
-0.017647295367815653
-0.006941390351335418
-0.14360630425248067
0.3766440762369817
-0.35164692559370303
-0.017687154935152768
0.2140288590419393
0.15009694015105476
0.08486497747351829
-0.6614636397537346
0.09224732263015943
0.4588952144078835
0.5603698688322039
-0.10274835698674263
-0.5516377261842325
-0.18035246785243686
0.280356814913288
0.40987449944898513
-0.31865697554771805
-0.07993109584956896
0.1046697390758534
0.040595923364124174
0.006389074585749194
0.3171446301873867
0.5228177605439135
-0.19196682048477898
0.052735029773892855
0.39967532438770154
-0.3862978448368099
-0.15377154400685786
-0.07831902414505733
0.17673898459289883
-0.20535197113083145
-0.13864517929824227
0.17100125754618464
0.3222631784670091
-0.04772828253364701
0.15133360885234665
0.19093280377849303
0.18646039309191367
-0.4371283613780222
-0.10468874330201898
0.10810382820918074
-0.06577000910212041
0.1454154722909145
-0.2758264061711936
0.010716434615904987
0.4533993199958356
0.24220731980912852
0.20019062913010366
0.3720454252452776
0.002482289080035907
0.009240424066829718
-0.3557249967876229
-0.21179835532963323
-0.13377468998947317
-0.39149022186925514
0.11672630103818755
0.05264987397156569
-0.3942000345490614
0.15381505088508135
-0.05448548185857423
-0.09265182138201848
-0.11727032038165348
-0.3819619537603766
-0.4434461922326548
0.13489604224065624
