-40.619311040829665
-1.1300948582533297
-3.104588095793132
15.450680743787045
0.7595572401429593
10.07850463865793
-0.42252886239101023
-1.3350585906454326
-0.20950775527621493
-0.4012195362165695
0.09039823511488605
-0.15885103439765652
-0.376905407243707
0.4904986996507237
0.4334870896777372
0.7835812909818344
0.28667076483708187
-0.9084012244801833
-0.10669952488586326
0.46486333976260447
0.03789564872526255
0.10829802950581863
0.3208698524184499
-0.11269525175843263
0.11346744526409784
0.16408500136839888
0.23213836283329548
-0.09041878512411541
0.03251448132502556
-0.28654838436232016
0.1733890114601571
0.176763188553613
0.41511152294900855
-0.17724696153933214
-0.6277066841093809
0.3050865671266665
-0.2995472817430734
0.23598271355496395
0.12131398735494991
-0.22249611136045844
0.034278375606764444
-0.018177933671327244
0.18739712606334316
0.09844835287565337
0.2776789124107586
-0.24477067021635107
-0.18755009867250566
0.13434551677280948
0.1410628957716964
-0.5093559913307136
-0.406788160691657
0.02292103045866535
0.1493761596956483
-0.07339277577735825
-0.1898462066938457
0.8616155187445
-0.11993883890606838
0.23192344784741914
-0.0003401583287327391
-0.5340638143923104
-0.10929502215337294
0.3456574722578176
-0.022305524002647112
-0.11329329928592302
0.303079539466067
0.10974154966842156
0.36568884739228824
-0.3894382507418132
-0.38017257942007987
0.12390399869975935
-0.2959920280312139
-0.19442399899247492
-0.17247970280545574
0.12372011490306886
0.15356729180247386
-0.3025731167952028
-0.3325070192963141
-0.0440041626943617
-0.2681125613282266
0.28595704106328035
0.03365486415310547
-0.3350848292195785
-0.3442922034221799
0.5218119522375106
-0.15418812725490172
0.10099849656312007
0.40826722916130104
-0.3323786772371302
0.046003716157271286
0.014510784921905533
-0.019298110783138575
-0.4374969712645084
0.07777543198670772
0.002641495855184077
0.10471738911649892
0.37383614973919427
0.11134228406221065
-0.15989678241718525
-0.0937688948988482
0.13449693205231025
-0.05705901833156949
-0.021375302724641138
0.3339372994890597
0.050127986206325185
-0.27310568340486974
0.21415381716335563
0.2621584531452421
0.4250445119235017
0.0848309012840612
0.33168924531146887
0.15661610764366046
-0.06254370576552631
0.35432035258669625
0.12396365107258546
0.19934527904263055
0.13036752600935336
-0.03570177340888386
0.15646889965622157
0.38799063977851633
0.36695417033283645
-0.18701164806600692
0.01959669151800212
0.02137472100873681
0.2764312773942965
-0.044816377990928115
0.37112433693895885
-0.1981352828417612
-0.12536393465056228
