95.37661463444441
22.050524398430635
-36.0277602909325
-13.762452952187443
7.756209017160174
-1.4443619776277639
-6.776090296287022
1.212802474795956
10.052661257803946
-1.0358383172199892
1.8291500688910505
-0.2543713406917491
2.748936210379365
-0.9970912914034972
0.1586551149911678
1.1064503063659612
-2.4517853780645638
-0.06759759676059801
-1.1570375015044263
1.427350563481102
-2.5992499489948093
-0.19306456342319409
-0.1079083971533275
0.08692001611129357
1.2808439043409396
-0.5333179213294832
0.34594629919809006
0.9016724475942581
0.40504030628741367
-0.8387776214278784
0.9007666282865645
0.12357721717262454
1.0348598577324346
1.1288951559719256
-0.8635358615291593
0.022869122735167502
-1.594494775623466
-0.730967826426842
0.5434987286953339
-0.8716716658311369
0.26113792044455236
0.4252111522867026
-0.8103795813229495
0.8086382568813878
-1.0854131835283707
0.6613004343402094
0.08871766307075846
-1.0695950132624712
-1.684031966780277
0.42046257733373693
-0.4928427870783768
1.6620531576388253
0.8516684891456116
0.936736505186541
-0.7204238980221315
0.08523018415962849
0.7816867855677105
1.1311567067926669
0.2643994690933788
-0.08243987467213376
-0.04193434692512785
-0.3923325869180643
0.3567883890984679
-0.22245350502810926
-1.1630912059955119
-0.017107716019412633
-0.5059703396840733
0.7202787619533005
0.1552339035840846
0.5974574781393849
1.0102929659339706
0.3607755705649284
-1.3324597218947345
-0.10870515007873738
0.6722698310153438
0.7064695488208322
0.7512591867224279
-0.9465397271627655
-0.32859352798287966
-0.5284456718522009
-0.12286291815844341
0.4690036706890327
-1.9483794012994518
-0.13509953758433163
0.8220679260189662
-1.1291801189820205
-0.5912402450569226
1.3790910500742846
0.30135316242604526
0.24479226888571404
-0.2949765938572155
0.45423001738879826
0.37392146837648554
1.260528591923216
-0.26071310742070664
-1.0666303794942948
0.9060787855800813
-0.15488582345988686
-0.5318419568668913
-0.30987625405461017
-0.08783434585129077
-1.3433052574176418
-0.47260469624874285
-0.2732867523448572
-1.0613402618404466
0.9479333221316404
0.7308135950877968
-0.12046044455435467
-0.9283262639841194
0.9590078531978645
-0.2581392677439757
0.5071824697688591
-0.3659855117011067
-1.7051044578287178
-1.7247920053699943
0.5289283678523844
0.39128565751162203
1.7747940335484127
0.15980293010610008
0.01889594361254389
0.6986884402388339
-0.9742417248313096
0.12472376241441982
0.16453866835780107
1.3833518930467128
0.5686255833014645
-0.1348925784841057
-0.006122278684183267
