-49.66364078670173
-3.4726066503489963
43.59104892815289
5.6534244601862165
8.480086657955454
1.5103664121571432
3.4517230106254932
-1.2109515770927368
-1.177074192461735
-1.5143220882752746
0.5900745921608939
4.136546728535698
2.7113096592928243
2.0550034548845755
2.954837855145279
0.35041607789121043
1.1000172053118864
-1.4870146367461676
-0.5329315496724188
-1.0881269229800514
0.016532722703935465
-1.2019414893500795
1.4937440507085213
1.796218379658693
0.7217934250711623
-0.02724370696145806
0.1897971432822988
-0.11113765161376968
1.1125721282268386
0.5295633405208082
-0.06439430893806355
-0.30048190619693715
1.4128377553854623
-1.1575749319261037
2.814257956029908
0.21087523858889168
0.33226901559636557
-2.429492661578185
-0.6879320274630928
-0.6690739250773663
-0.7004151558100379
1.5975145874036099
-0.3375474887971711
-1.0677332959341919
1.0906177756217446
-1.4792646638512648
0.8848129419343892
1.111850252331612
-0.5951360103156443
0.7279765453778759
-0.9756344027668635
1.1473664738491778
0.04792784535698799
0.8302668070511814
0.04369464834601533
-0.6466246107517162
-0.5393268695671598
-0.6484910612881452
1.1881306501555697
-0.9131227009354035
1.2226089727885765
0.6425369630561195
1.1664212831667753
-0.18992200197395473
0.2934044039415637
0.248909025363669
-0.8569814714675601
-0.8687073145250076
0.0839474064677118
1.2517137617732454
-0.868920660387227
-0.8937800401224275
-0.5726356119745081
-0.8305126067045036
-0.6440350714075501
-0.1728551703317619
0.6104408205804208
-0.8608995837372485
0.8951681229453976
0.4203900300038276
-0.6081842302820644
-0.7975446041813923
-1.2176447983169583
-0.3854270583610326
0.1678847408866761
0.15568033934908387
0.19546137060225735
0.49948176726032756
-0.1109131180619838
-0.6655699841817075
-0.4074169699570601
0.909334541105709
-0.17980199846790612
-0.054065724305834784
-0.5689972622599196
0.21100792089448275
-0.49288757412760753
1.2878711423913916
-0.4332101555890118
-0.9782153025821692
0.16224537503136222
0.5315056556047653
0.20410211395252206
0.44880917530556896
0.48354158533102776
0.35590185828517246
-0.04368796252285298
-1.4456452227687069
1.666752853068254
-1.0903443491069278
0.18878856693340823
1.0742417126719666
-1.2645871650191123
0.22295802595224057
0.2651171115872559
0.5346038521471382
0.9948838245278525
1.2920389287072174
0.45085017938524313
-1.0002031975189558
0.1156735853427798
-0.5903094148709431
0.07506420025006155
0.1677810739154169
-0.002297713153964945
-0.899831588485988
0.5059004268606097
0.010469279738083176
