89.67319333846012
9.757702766493836
-43.93514294616419
-14.399061542449838
10.413794598563488
-0.3081388440747631
-5.799780523362957
3.1025949703992803
0.9437661447749217
1.4494638420301067
1.0903957897271082
-1.7798954785469587
-0.05040545583903222
-2.9760877543884927
5.51633246198975
-1.900424237842069
1.219996397337058
1.233832063121472
-1.1183166111113256
1.5800605845733868
2.2229777161982724
2.29673274735755
1.831742262948914
1.304954784959863
-0.6783635446595547
-0.20521818913936912
-0.6770979125192046
-1.6173016418637551
-0.5194105396553029
2.773256197415586
-1.0566388606939416
-1.3855485159650829
0.5250172376716005
-2.2160085547424795
0.6024600708894863
-1.560298441499973
-0.776175552685956
1.1170493576153382
-0.7653196163363098
0.23073822706908714
0.7325217315594752
1.2485360367625593
1.6893612824870177
0.0343660395745351
-0.6463265457565612
2.0054990181233032
-1.118619252942107
1.2310418307606321
0.551538581290157
0.2642668015288911
0.8112701886295572
-0.2428710820563311
-1.192847895334443
0.3413412412401632
-0.15844613624396764
-0.012240378805045471
1.4248294556079901
2.1120141783954285
1.100715743263203
0.08739231354378105
-1.0826467159737794
-0.47324114244939314
0.26477028319229445
1.3779197238518852
-0.2202716585822614
0.4560161578711287
-0.6042189448711726
0.44112669776713914
-0.23481260575064916
0.1491095650958795
1.2574173928518682
0.9326335375839214
1.48811623122279
-0.46013905610042505
0.5830949026113882
-1.000137478788603
-0.3822244527265942
-0.22737280608645222
0.13898628048390366
-0.46208304974581726
0.4129558771112611
-0.4291181934904241
-0.6770527789799877
-0.07791488433034391
0.45367004099965036
0.16792951424685204
0.6086991568681179
-0.2306194377445528
0.35586962880250556
-0.06292521206018004
0.10121962184387848
-0.6095845745510082
-0.06797109582232401
-0.8973632760659777
-0.2021936289276612
-0.3634885083454654
-1.096806748778566
0.44119527734415426
-0.9424975982140924
0.1483919716212957
0.20723296241952543
-0.8979649557447762
0.4536045990625152
-0.14692469299986793
0.5644212684895946
-0.9613914767324527
-0.5240302358663348
0.18409832911811375
-0.4701371410924761
-0.41852592787093484
-0.27430189092203505
0.20621627135832316
0.8605221859229303
0.4418935697716116
-0.06064616469957205
0.1403628709376522
0.3708795502849751
-0.036020814363211834
-0.022648900413844292
-0.5707026286369123
-0.11189616256199716
-0.29816806185320954
0.4526909454692963
0.28351673929757937
0.1464377032573272
-0.6100714006051211
-0.2651160667231905
-0.2722788617132548
