37.52931345045884
-57.352230574760696
-15.704917844025072
10.424987560238423
5.137215929766698
-2.842826344097003
1.0108448742325185
-1.6273194769058508
0.18405326841328667
1.9934925912852037
0.333000815013462
4.6240688517170785
1.5350606289897462
4.273866499720941
4.600742426833806
3.154896096396997
2.557139203809741
1.3415432344365694
-1.2115794979627683
-2.3146428738303673
1.2020716862158176
0.45347590955463346
2.5014920025938583
-2.434181322642412
0.8839603006469168
3.712588174204403
-3.01400948397914
-2.5766777588890637
1.591982760254027
0.6549383877028763
0.7888378621781849
-1.7046750896896508
0.5414364056199455
-0.3780667893295606
-0.4616452766596132
-0.3230348124495889
0.38449455654626985
-1.047020227798836
-1.0258212691890016
-0.38073676380263244
0.820128858562186
1.0366013664151434
0.5605364504568384
1.8558591660328951
0.11609768054599878
1.9696966808757828
1.2493681302326967
-0.9559702779235756
1.0978081906959978
2.6984561715107076
-0.6958749583606724
-0.267935443980233
0.5765796786158056
0.29264117486606134
-0.4682187974499884
-0.7241398379174393
2.4207707145307378
-0.5077265286105429
-1.5118120037040166
0.1880220367113908
0.24307700349261357
0.18249305513507572
-1.0790219532281573
-1.557338922580553
0.2026548343306876
1.997131773828385
-1.5270833299778024
-0.5623391800945856
0.90856614768111
-0.7836520302859724
-0.8611021722644441
-0.28541673132389345
0.7347453197238776
0.4969134848310249
-0.0422404408264862
-0.8093763680514326
-0.46985155690032127
0.4009493262988245
-0.2580886214196489
0.013349043965709018
0.2553991720116192
0.22386352808723367
-0.3400548750482266
-0.25473453185304445
-0.6519277268379723
0.7463755012652129
0.5746655396308931
0.1463658006671487
-0.4946269030103597
0.6946595024356
-0.20222674458640788
-0.05605227442372428
0.5732850524163063
-0.6349907740567393
-0.23440675336008093
-1.3107993002693348
-0.04955116213958074
-0.08138092001284936
-0.7686763045927053
0.5014614711139843
0.4416540042050595
-0.51082830017868
-0.2165570619593527
0.3216928214531401
0.1759415224726974
-0.8385508142795266
-0.034039372580255925
0.2776093598107136
0.2926322147939473
1.137676292798962
0.906716816680115
0.23581086313894029
-1.0308339875063826
-0.5727027052874419
-1.1721792697838391
-0.000388395810247813
0.0677773426101464
0.4059623684925186
0.07507618874541105
-0.06761937267552384
-0.27197408485217595
-0.16058194219916005
-0.14796210130830661
-0.5177292617412671
-0.24480574797308174
-0.1737273875294022
-1.0699516408612255
0.6207792541840988
