-45.13203121768185
-0.1133015875755668
-7.452757491460883
11.815307274984375
0.19125633817915266
-7.549148118118822
-1.5803732063755012
-0.8640327849818267
-0.25075002730643936
0.0557330700720981
-0.16296575275848585
0.649771294105087
0.44313272516219837
0.3244641057144717
-0.932713858146081
0.04403576210005283
-0.4205308055932142
0.1849765752859751
-0.33543833866959405
0.26530761459393076
-0.33828465120901396
0.12413168314637163
-0.222937197747346
0.4583381040418649
-0.03337622633834461
0.1315130884121544
0.5913133480809349
0.25016548700003644
0.03364032979506873
-0.30415431051558484
0.20312451071134688
0.1635145013869781
0.12800459632946876
-0.06286716477795605
-0.024031686856829326
-0.39542924852428574
0.049163252794029694
-0.1665128031624133
-0.3354553529218851
0.19144962077854755
0.4832603363054937
0.11005033164285044
0.039437580268090494
-0.05516971671773393
-0.18861728230582264
0.016477824990849557
-0.22491799208515664
-0.14193013614744232
0.7790660219290192
0.4755294493939717
-0.056012534752794566
-0.05169746658465874
-0.35138756081739936
-0.008719610951792758
0.23842795419481108
0.11912576538117312
0.13790261383395652
0.2427172176626891
0.17529315164968046
-0.0169260673726361
0.20749482217107112
0.0025083625935204135
0.28177443096486987
-0.17087825476858248
0.30925425041778914
0.4450198565455368
-0.016356934662176442
0.27835600941251193
-0.3004504043653349
0.05637913629865278
0.13787987317957184
-0.1778036162381872
0.36523569254791416
-0.22056217226214317
0.32211552920849473
-0.4170509724688057
0.03690923951749311
0.2619521716698835
0.3913464426157299
-0.24798281109990655
-0.14745658252657148
0.21406796040923515
-0.47595325588721354
-0.5356538899305084
0.3517200884323518
-0.17727405455916076
-0.08796779333105692
0.474140388605279
-0.04554361593916871
-0.05952321426710974
-0.2847474200262221
-0.1810267048667826
-0.4088961661473311
0.39935065991006036
-0.10313812296538843
-0.052688237878378515
-0.07970789777517662
-0.17626134734657217
0.27742498808456245
0.5744501294599587
0.7111867045809311
0.051285626964328784
0.40803683983794337
0.030896189747734407
-0.05960220780212656
-0.46910805901338015
-0.17951418552255355
-0.07248297230115539
-0.06710273747321488
0.15982866044895389
0.2603577097714758
-0.16859852185006774
-0.5391012179389694
0.2907497472970278
-0.0805148338869758
0.32098761325788855
0.3046069327978768
-0.19181960108491966
-0.37793062492981283
-0.12841421776644824
-0.4336593841289014
-0.094294570926102
0.1123013504198882
0.0408455025911251
0.1450782873413096
-0.2291765347284242
-0.4687105698505375
0.1181131407064673
