-45.030542021659286
0.6037009202939889
-8.72074013836269
13.768756842425216
3.3944710990097584
0.6305452746125366
2.3147919516008195
3.2229223233949873
1.7842621626786634
-2.4596421029928894
1.679717622649718
6.78423960935239
0.4587338399433045
1.3743241728248143
4.226447562481299
3.147385167149356
-2.5417858543241865
0.30948986056372835
-1.0931757428811786
-0.2614758091604767
-2.4270160774710012
-1.5491600528564713
-3.6703411310002947
1.039044739516631
3.352807479721561
0.48011002496524086
-2.714521746691029
3.1402563886968986
3.1563711518963804
4.0648384410043485
1.666949188544686
-0.8034132845553288
1.493627455098501
0.9548985350532694
3.985661450145492
3.1722696936205526
-3.086600111807445
1.595149110026601
2.309757716129147
0.9646792844133493
-0.37827700351949395
-2.1511416441526685
-0.46359453509106086
1.0513810099013554
0.4192973056930334
1.3078980984040425
-2.0986192557520607
1.2622876070907785
-5.172780022514051
0.2511567533519745
0.5610274195182398
-2.931000765780286
0.164719974714771
0.7720085883366934
0.25761599285719383
2.307814522280063
2.758944422930896
1.2468332641426318
-0.4862957326657395
-1.6728004971859463
-2.015307890246544
-0.6906825531182454
1.351186594267031
2.8393059861795247
0.12101830080577289
0.43867138310915216
1.6377502143342835
-0.7336915734163212
-4.178578592020982
1.7039791489756084
-1.3918180844903127
0.23257047552291898
0.46688921520688426
-0.02840917503943524
1.4739078987275547
-1.5413341233339242
1.1784396781071504
0.32510064659913984
1.285694050373609
-2.106248105921506
1.8899080200981728
-0.880592513396062
1.2668892826460147
-1.0749877977717623
3.5932453881401702
0.14511674609988318
-2.655122870327244
1.032549550447167
1.8379281917200243
-0.7227808135510813
-0.7994094564932914
2.170130470904404
-1.5560750097313016
-3.6522783112681476
-1.519853967121651
-1.227635269072833
-1.2151296376779397
0.9816056132324458
-1.3416595334949075
-1.6909674183887597
1.581676446744995
1.3542258952955322
0.14494148462757758
-1.67484948425828
-1.9233528993592828
-0.3428185910331671
1.6239550967082785
0.2941986406457488
-0.7926770767722019
1.3829691384595746
-1.7953687648887282
-0.07277877495672237
1.3068330528774152
1.9597898416811248
0.6569904674175225
2.463892595941458
-1.3165606721260243
-0.40397506044427217
2.335155136525567
0.6650012436731694
-0.6530290548891275
1.3188350148092525
-0.8441147654385709
-0.5393013808505485
-0.9464056483835617
1.017920060341471
1.2586620237706485
0.16532132460742177
