-48.758946246878686
-4.1499921774192785
-9.33441965999589
-9.109552057205095
1.0109610443753816
-2.5938447746654987
-0.3305959375156797
-0.977670026877353
-0.011979296199748773
-1.0365888763487607
0.488159046891973
0.009560988198662995
-2.0053778397800333
3.1713650839781757
-1.8160053776046592
-0.8955285029198082
0.05627370780485891
-0.45793094238694687
-0.05042315409336312
0.8200898242554266
-0.46427799293055394
-0.35049111073896
0.07390931070859169
0.10601218296519524
0.2061297136066323
-0.24575480482386058
-0.23039202166734818
0.40151412362365974
-0.2967445933051539
-0.30351502644898254
0.487623937274552
0.3980203664201268
-0.3683814791516
0.1810329510807437
-0.07402317559173027
-0.2637695347917768
-0.20105213344706177
-0.4752823892671189
0.004597919039638791
0.06406098277870756
-0.029058817814493182
0.17941599532424937
-0.04963869753790556
0.18819030377089666
-0.23329201362337174
0.28042234229835894
0.26108357249083713
0.037838286888818795
0.03765584156995842
-0.13352392845657585
0.13809175217133152
-0.017806374259004963
-0.07244901205925061
0.1702723976184466
-0.03323644341471578
-0.08438464231816706
-0.04128555901218124
0.07368014705940854
0.4171360744494328
-0.2788500044207969
-0.47670399468356384
-0.08543246114094726
0.02131246341581612
-0.02598734955086965
-0.2824790359665127
-0.19789335109311146
0.04727433868566153
-0.11139085901953527
-0.008848811944496188
-0.043726818981213125
-0.44822408205710945
0.15407349044181123
-0.14804301631105066
-0.057693387537041764
0.0681272471560868
-0.0022431897804101597
0.19384165790420196
0.1250457612833203
0.024786246556046637
-0.2415561368072121
-0.17894600579682313
-0.153406962164428
0.07888886020397179
0.023802902496777696
0.03606003035009615
-0.12926529636891682
-0.04332472896198773
0.23445702422501555
-0.44621771422685536
-0.30196652641797983
-0.13594835173382386
0.09816466616723427
-0.18861343601552633
0.4510672615853331
0.10460227771231195
0.12997919929245932
-0.12201806178537317
-0.05451047360722501
0.10981821747268418
0.0445355282659769
0.525357971680552
0.03715025270477923
0.21701748652847358
0.11527109447873161
-0.07984894430525044
0.1744651609687891
0.05778892278424774
-0.03590435957674085
0.021323570995411458
-0.12425923362535321
-0.19300915600366747
-0.03137487006087226
-0.02963087647211282
0.06429092914132109
0.08010976988446226
-0.10036590504621444
0.1670683467292048
0.028401453965899312
-0.21534129805667265
0.3944678392530058
-0.1231675321920431
-0.26628285808714625
-0.1129515247388583
0.011844227708109896
-0.12872759782039156
0.012776164802143782
-0.13237008658371294
-0.12207797663951207
