45.53327955654159
-61.32918190854624
37.75117556798824
-9.94047417313687
-9.045086826280068
-0.8402055994448152
-0.5059663338399167
0.677573586986528
2.3226168570612913
3.4656024356106565
-4.229791506352693
0.3659205442954997
-1.2422639387544065
5.195124169828759
-2.9573261390799592
-0.4181267067560901
-2.713994566669398
2.3592153462977703
4.388976709760775
4.959562869246454
4.266539872757807
1.5226357725211321
-2.704001159612006
2.887051795074791
0.3501770955193987
-2.0060679295785975
6.754704214151388
-5.69448925219198
-0.1604510653142024
6.773989200301502
3.1489957119474106
-2.3142430615688863
0.04473323457280354
-0.4896829927319808
-4.623134197846702
0.7860946873093133
2.6539763999507886
3.6920164622561997
-1.2254527869932452
-0.3429176679686241
-6.517523122037814
4.853131417341326
1.4854976921642469
-1.2217521504341768
3.600162024438837
-1.052449020856168
3.123348950152187
-1.2562928207972437
-1.680486030597986
-0.9135795108976019
3.522526724108622
-0.960259759145686
-1.4205738630845628
-0.3287899019622341
3.0114753157941556
-0.49979467400710276
0.7482542449369469
-1.9109148379252372
-4.653508107275102
2.5591831603312483
0.2042713508444964
1.9913871787221484
1.266709284180583
-1.78534946158662
-0.8665737738714918
-2.0646341613560373
0.5745867801052315
1.986174185984982
1.0515812862018725
2.9091317332056397
1.1310855824615804
4.673677122726156
1.38168127785393
-3.778010854573192
0.5398923467714427
0.701484580743996
0.6254824806057879
0.643339647232734
1.2785527586217742
-0.7148551990535885
-0.9873853824171608
6.358409972661984
1.2337411089673596
-1.736746307391229
-0.6274028944093473
-3.357950321670394
-1.8713474153662422
1.4985890833330802
0.7540252906722102
-0.3349494107807342
-0.13137774407999916
-1.5950933970155685
0.8576928554229678
-2.0144711062722553
0.5377763495986199
0.7195631365399812
0.672340835548798
0.39837709229230617
1.6281444792022266
-0.8136941645634747
3.4746863186823758
-1.3751001704296866
1.1217115818017862
-0.1368579128467388
0.7845031316189076
-2.9742178135184543
2.3807187059878028
-1.6395771077681094
-0.6934073507474878
-1.5524365623227385
2.0194291018166455
0.636270023975184
0.20098084071616323
0.40285372412800846
-0.48474931542457367
-0.2329523120920476
-1.565460090208713
1.3978338188722315
-1.0265097508422079
0.08532597653189752
-0.8994842514833319
1.0080792600228623
1.6769311806282086
0.8214202986060846
-1.8275091476849183
-1.3364601895036037
0.856084783078991
-0.0015846697720099667
