34.277445023265095
-67.72214212265987
-24.374982215399427
-12.444615566782586
-8.69464856461433
-0.0491250989831612
-3.1067255829282105
-0.5948355496648452
-1.233984862518198
0.7000771218291147
-0.7435018128324496
0.07927761359836549
0.667513318921243
-0.7359860541602685
-0.2505637198187991
0.8505358989918785
0.7317272289643404
-0.15111014265163686
-0.2963708743271848
-0.41402887362062485
-0.607297872770928
0.7682285135355382
0.4980017005895183
0.1906729549963896
-0.33014644998496157
-0.651881559451651
0.31584511026432566
0.47208477856148395
0.13806464466136353
0.09770746563539232
-0.26983014712116105
-0.5002789987826435
0.006402025559148893
0.051057229980766075
-0.08458284192289167
-0.1227187011126517
0.3281637637672497
-0.19449836735348575
0.1332481739875805
-0.04610749900728589
-0.17154911492977384
0.024906790900835155
0.14335477314558576
0.09684883437777023
-0.026827453393504563
0.34197586825895687
0.2606760590557143
0.08035533870923331
0.16669021938889217
0.4321847338797719
0.009602403149638977
-0.1781030082762761
-0.361566271709022
-0.9440008401511061
-0.17582416091059483
-0.2274597322898003
0.30762931266694266
-0.2396810135999249
0.3130865038222946
-0.16723320460760846
-0.17395642826903535
-0.29119779905018583
-0.4286812438869745
-0.22239075600059177
0.2844056790820395
0.45493890784463353
0.07075413915629251
0.10575745650488814
-0.11851454391407291
-0.34636140294197415
-0.19680778699461207
0.1620236155067194
-0.18572584644519127
-0.008261844668708981
0.07762350102363952
0.2806600061402068
0.5873430323578296
0.24429142630392853
0.5796511654712088
0.3191898637834673
-0.4703908838585006
-0.09892309191557774
0.1797887568468305
0.22310111140310424
-0.07033101467175207
0.03188247839702296
-0.0029846934802458397
0.2757845838686944
-0.034648476644446854
-0.4944719799927343
-0.35762332833917015
0.05061926127958325
0.24598179928582087
0.16083461244520042
-0.4219566785215543
-0.044262121821865376
-0.55176670067735
0.21838975261238208
0.3644091774222011
0.42317740098368034
-0.05658673235968746
0.2554598723492031
-0.033187685747023674
-0.011478236063247375
-0.5075455047565139
-0.005129947056440251
0.21229550006947456
0.018490697238501885
0.18074957424592678
-0.0621113842434467
0.3294791845376226
0.4610482248354607
0.31488575437073196
0.08334597113014422
0.12911970478068763
-0.0414322990299908
-0.3012043739384793
-0.3554861297942241
0.11819117724205619
0.217084070295548
0.10246506280139014
0.12610703602862294
-0.7552630859685714
-0.4586781060114125
-0.03542386878244935
-0.21205165655186034
-0.07549290136648601
0.14207166274013083
