19.086063734777685
71.90274959454003
-24.01523653228143
-10.182015143398932
6.287311156867275
-0.6994727358910625
2.942325514265668
-0.9721329300461543
-1.9038254945618043
-7.781509337776871
-5.702765152452992
1.8015890117930937
-1.983906052333003
3.081082702968362
1.5567166211421517
3.986924848397593
-0.012462244550215607
10.549246470740034
-1.712301776463401
3.480967266781414
2.047295761993984
-0.010707520155962366
-1.9314584101296222
2.8966648275861284
5.541350031085653
-0.1419824957380553
0.10992670759787601
-1.5629236402024695
-0.5619519121752201
0.16290568087379495
3.6481696843745506
-6.308373435509855
1.320734236985552
3.3834490832571817
2.4172461621322765
0.7956748842254713
-1.6686627880623077
-2.808298182984046
7.060195384791673
6.098867436067083
2.15052860141914
0.0477773751844221
1.351736286315646
1.8883534457448456
-1.8852318924620703
1.0093082830852624
-1.2374405578458378
-2.472241207967057
-1.084693407856015
-0.8924175030515685
5.1246966013201725
3.142960549247521
-2.9345472607523186
-2.0077785236142516
-2.2575212726770633
-0.3267395232523397
-2.6194019308022694
-2.0419951241025824
-0.2259140598651627
-1.6944264421453128
1.3121888841386438
-0.40037366141185293
-3.181065493713159
-0.09109187698580198
-1.3682925053352093
-1.1798082873055824
0.3856851263653869
0.7797678480652724
-1.9318269736830114
-2.54267141349786
-0.39667791655807094
1.752998322406811
-0.5559867092579107
3.695010144168137
-1.9636795608313904
2.5440211427023898
0.1851170036209283
-1.1830667814205569
-0.9334883334916606
-0.3380315089493625
-0.23161642241720679
-3.5720103657692226
2.9174086357125533
2.1960205737112575
0.14115986028675978
0.8563405796691064
-0.8924344931358992
-1.6803521171878706
1.3096069609856382
2.6738555913317867
-0.3080253021627202
1.203405188643796
-1.7554114212533811
2.094296334591702
-1.433332122185077
0.8435303560557128
2.599493153289663
0.4968550750370365
0.02375812644544789
-0.19517614288794952
-2.033433790324808
-0.5961107049865374
2.5413085538476636
-2.884816090434962
3.4786477221938497
-1.633544311360765
1.4279833563734305
-1.3035451749394789
-0.664948197588129
-2.585282433086101
2.5906475597932226
-0.11599771334128735
0.7530442731085446
-0.638812857905901
-1.2938508626109166
0.7212272580009059
-0.08129536482918051
1.0085129219330173
-1.836560759941752
2.45651184851287
-1.6294306134465322
-0.3178288900701374
0.2818179762098862
1.866532430851216
0.3041776274749303
-0.6856717073243672
-0.6338492046731327
1.1004112138758515
