-40.853066404978065
-0.8755149840637448
-3.0077661410156527
15.145384796462245
0.7190424157958338
9.607869683714872
-0.3060043514470243
-1.158428111217359
-0.21329470578388982
-0.3953805900779278
0.14248403123321957
-0.3577970520110867
-0.31697967382812164
0.7114484362368997
0.24833305669203387
0.445536114987679
0.029726965610541334
-0.8245491772170023
0.07347277643301402
0.14301582301854843
-0.2424730917364519
0.3618015655345254
0.38163993935297896
-0.1478252638103071
0.10152114448683644
0.10966758955787458
0.4229553132647271
-0.14769392159127845
-0.07202119056495233
-0.3802433537792676
-0.15712281747294707
0.05463897511440241
0.5381597680695861
-0.4497127699055
-0.815918427133267
0.3883500536969047
-0.47842763059028026
-0.0071306078860547545
0.2767387270927725
-0.2748351790649609
0.2444519829703821
0.11620469003900802
-0.23978290561827442
-0.08337244807579046
0.42945125432450404
-0.15040015481135216
-0.24678987907137162
0.3972941567915696
-0.019595994080482626
-0.8143233928372859
-0.45462507888942366
0.18430340564055683
0.22954576747916117
0.17399100929768618
-0.05682914406344268
1.3129935597217701
-0.0985573849674323
0.4045826611136483
-0.26182715617100166
-0.5272684257621452
0.45067303857683216
0.49815999438044506
-0.020659988439310314
-0.22160599512536674
0.07052705389980694
0.3009972971875416
0.5426159319399549
-0.3268778057352831
-0.5458769311205318
0.5020338135770308
-0.4510874838319959
-0.35339694763415064
-0.24511641366785897
-0.09571174362050255
-0.0488383973934343
-0.30797101354366374
-0.21285455201009854
0.07675777293796746
-0.5177161012126625
0.4522166871491386
0.22806838347477176
0.03183781175409034
-0.41535619696513987
0.45224055132258467
0.3396040088104357
0.2999129531095084
0.31822061005492
-0.5174186597534988
-0.29140466683277044
-0.02189962383663364
-0.10906579025200039
-0.486652339321714
-0.13168673820734883
0.3719244731339044
-0.2575748400790295
0.2920062457830881
-0.2113475762195591
-0.16007418889841235
0.1708828158512153
0.15209542626704434
-0.038324609005561915
-0.045114304854090966
0.27214141149331905
0.08453346942655784
-0.01909217255751102
0.058507674145142824
0.17094678429455903
0.3246643609775528
-0.3992402169095008
-0.10383313686441119
-0.19710008070911178
-0.31623076291483243
-0.03719175943407141
0.2450325566047833
0.15761564977859358
-0.2690359084600343
0.33298957418277997
-0.01958238061306737
0.3455863387214438
0.003524283505008923
0.0816551476814723
-0.18388528615789007
0.22916689596623158
0.060955324639572026
0.15832606616583175
0.21807152400104923
0.05188253597431766
0.22070160907586814
