31.468884126165733
-63.973799985819824
-24.545401954976636
12.058604875838476
-0.46183019262581315
-7.8485158844958764
-0.05555828365017765
-4.331491877646204
1.246121366638484
-4.018768400101182
7.345704397091142
0.21354293598236074
-2.5300871126611364
-0.24973417128942826
0.7873590729954081
-0.6522967628897227
-1.3868175749984328
-3.130288992650463
-0.2386214177394061
3.5633023937251638
2.041116575049788
-0.5140496861655592
0.8578015214945414
1.5457225729385693
0.17805821305407543
-0.005622129540760655
2.728637211310403
-0.2711735139667614
0.12020747306588142
1.313037638583412
-1.1682688967374533
-0.215729271855885
0.01997455351610372
-1.531468963536106
-1.3440606611103543
-0.29556242949179573
-0.34890820151025986
-1.9088153239049523
0.3281196516709219
4.4580167628245935
2.6468141269657495
-1.1888554625746035
0.6656270809086958
1.1637252375956464
-0.5798611510391767
-4.725960520549828
2.392942381218906
2.2818207917434026
-0.9246612475886711
3.256101342625856
0.5891453331148825
2.091138210176145
-0.8538639981849984
0.47741774298733497
-0.22225096661850047
0.8449500655237404
-0.8737715814341003
-1.44061461668466
-2.547936553498915
-2.672956413238655
-1.3085636534903677
2.4624167241470323
-1.4772078199410033
-3.939746231568209
-1.10474987480212
1.5651066052244904
1.1481278746537598
0.9591182525033413
0.9470811817149092
-2.0461226360041995
2.1978151188445283
1.8486558550091163
2.5674356381398415
-3.100302948135509
1.4185753113880588
-1.8013608962360765
0.17134861678798663
0.7392068805984846
4.293744036366655
0.3253491795599777
0.8090849058422015
1.5399623179785518
-0.9005221973410635
0.9862165881161535
-0.6239339975611845
-2.428995563290617
-0.6998420716815893
-0.8592381273096011
-0.6617815135959341
5.8107196431073405
1.4240829118965572
-0.45847183236340305
0.7855042867761424
-0.08380248861086953
-0.43584510215122585
5.33324720017623
-1.4745207993072724
-1.8900883601908856
1.3055210340547077
-2.617924522684656
-1.0735225129849826
-2.407050082323119
-0.9080562744862488
-1.8416260589140525
-0.04853374003222171
-1.8017709163291529
-0.29865379237459294
4.0518973547222865
-2.447964729968791
1.5746585887748148
-1.3087042022489002
-0.7776125740062888
-2.436172634400684
-0.3584783224533037
2.1781620233530217
-0.4269187892179587
1.7614921900650444
1.0509794069913434
2.773200373776512
1.8170843123212088
1.612963962135861
-0.23226899571933265
-2.602760581795731
0.02328134462466926
2.4079607200643505
-0.3144253321915414
-0.7396055196966012
1.1492501325680835
