49.908952008023846
-48.556188248621105
-4.488171559838177
2.7627738431228313
3.5909652472740157
-2.026148166692239
-4.10194220560041
-2.234352442955077
-3.0418694352403928
-1.5775537595374252
3.909328017330947
-1.4629204638615492
3.140612920465796
1.4140255072748202
1.4929911013969597
3.620471788573
1.2480974198480055
-1.1295996366411187
1.250216599048981
-3.3697728494937085
-0.29578300181143885
2.422034156369307
-0.32041247823450136
-2.994242361012105
0.20976182787713607
-0.9510546957671402
-0.7995176159228866
2.720449098074649
0.6690373109181328
-3.2482324217211036
2.6130992010800305
1.91515997382804
-2.419743859090514
0.9808982964290516
4.18562609418769
-0.05446904377567359
0.21221287143774156
2.52411302696464
-1.8295040982282524
-0.028874635883496577
0.7430543162322958
1.2139417957208813
1.6303522116508988
1.1185321732844398
6.115069702376046
0.41968562027123807
-2.6333173339983023
-0.44550185316213187
2.700176725327145
-1.6153531048100331
3.83616298780644
-2.287717700391161
-1.7006328626014113
-0.22963941811213348
3.0349079447418688
0.567527534881655
-1.0958112081404614
-3.350233167722707
2.5292803606009433
-1.3692272248121466
4.913801948833972
0.6296068180750183
-0.9169604102208553
2.289654220009047
-0.6237718684234387
1.6559994185578248
-2.414864738599855
1.1900066927900854
1.1678219897256807
-1.9627271915088524
1.202091831173464
0.7705165335544427
-2.913619865975912
1.5477742714638776
2.840712020871264
-3.0313725437569903
-1.234217394110228
1.3638658407811406
-2.6225544507173217
1.3217338330651924
3.8794674847892563
1.3938376391977305
-1.6962914576788386
-1.5873320766756116
1.2863310885731811
0.24971994722847735
1.180898898705867
-1.3290812086311157
-2.492481172451389
0.28699929978865457
-0.9044379762509047
1.0128676205388336
-2.2883749311751957
0.3665722107820361
5.443855392013259
2.4528179463306543
3.565502443766614
0.9291196404222661
-1.7771929559112765
2.0939763713573702
1.5376322017103141
-0.5145817174185285
4.595181271562901
-0.5589333679106094
-0.3293857483783342
1.3942602307080763
2.9667420233070136
1.1958891823162356
-1.4492339770259366
0.04632989394086422
0.7864877073521586
-4.535333539123217
4.413099294654735
0.5106025983689746
-4.771357216149171
-0.971037656024674
0.295185677903503
-1.3790114767549417
-1.8175522396194363
1.357119770932499
2.8562284185061686
0.39687103022438247
-0.5333690561108929
0.6697918886380998
2.519153207981807
1.1420054466074767
-0.23560944414661486
-0.49279145964722654
