16.20066966147004
-54.457990201388014
-22.076004460144773
-12.748385494821987
-7.105734966451616
0.9153343637668241
-1.3256186889745387
-0.9769106685445318
-0.15720133801160355
-0.15202948817217
0.5259010283689785
-0.1295925825491266
-0.33380532042333466
-0.2234946597111246
0.11017181532737379
0.3370591330112595
0.24507524306237133
-0.42958337058484686
0.22776478814663095
-0.2164918585235548
-0.6957727949810331
-0.4119262578342712
0.3635023342729257
-0.680016054030226
0.6139135765513097
0.2788439854552133
-0.2808280776649672
-0.11426382456681154
0.19431340928801524
0.2876594931108115
0.021113667194799707
0.32896134538979604
-0.022283915811186134
-0.08155494182671622
0.15777837799610928
0.5834911793117492
0.45875133122841166
0.4992123610517083
0.22705247652442573
0.1563198655495312
-0.09841564459585186
-0.11326489995051553
-0.31290432771399435
0.004675459537215015
-0.12053635130699915
-0.14657919561669822
-0.21596496914756277
0.3114237119656603
0.08846950417771157
-0.21188087339449277
-0.18660402318764213
0.13653124587948903
-0.263815032378684
-0.18356728844631579
-0.11752823764443023
-0.4579072355614194
0.2146627710809796
0.3451930197522075
0.010539272109270664
0.1466038720283408
-0.08860757047285367
0.07282688201503319
-0.1342735138166984
-0.1713451542862621
0.23355382209349948
0.3084498244953348
-0.5738506531834799
-0.6652546023416734
0.38244610818167635
-0.2132340432289077
0.09713283349966167
-0.3092977965850616
-0.1448091381943594
-0.0604514036413909
-0.3088964142093919
0.2148787057385676
-0.03565595923091755
0.2165464160097816
-0.16098398323283628
-0.2735089252040777
-0.05296557774820651
-0.04895679160740274
-0.033737421245665714
0.1530076861159394
0.09204229000494776
0.12780547252617153
-0.12570336708388097
0.1264565989074839
-0.024036176671326515
-0.0172384016198273
0.44778511474536103
0.07606829087535678
0.049698300021897124
-0.13165551110545376
0.377963268581374
0.19584537343882424
-0.3203479213834517
-0.5224541845888391
-0.25600711824259237
0.08218343581329529
-0.10272937175388269
0.17681061841325071
0.45743859349695054
0.21359600838250117
0.16540451209581336
-0.3356976747122563
-0.252644081340999
-0.5435211232974675
0.05665925767724955
-0.10972985049339741
-0.33167196769868446
0.10935214994410657
0.08382875100614805
-0.2479138077329202
0.11366334165324214
0.11340629463585408
-0.06755494683128403
-0.23764307074867025
0.030863058030174733
0.04326894358414693
-0.039586195191810454
0.21235651341045814
0.1479658817482114
0.1741648950559998
0.2892013429881064
-0.3349906992654573
0.34256035346891517
-0.052650236476438975
