16.08420926675732
-54.584357633811905
-22.73221827321123
10.719523032879568
-1.7135589857973126
-9.444148400032311
-2.1507820242205664
-0.5735145160485321
0.25767846544628525
-0.31651951092119823
0.4006501344149507
-0.05080813677878997
0.2939557441307825
-0.24008779170583242
0.22339334461730342
-0.18272146853993018
0.5407382928287002
0.03772033388654389
-0.23892221549872536
0.27927242379613426
-0.5024862109511306
-0.20153346634864397
-0.00905520409780523
0.10407556238604201
0.026312345572434226
-0.22864853114654157
0.31243614011412557
0.8941613545945016
-0.32790986110459786
-0.11961244505694868
0.19051371715156618
-0.34195407930864624
-0.09196760195508207
0.079339288772033
-0.2076388891113438
-0.35871348378010104
-0.18506912933570696
-0.02877037573846636
0.24692508517083409
0.16381891030959914
0.2445426958411394
0.07836598643755324
-0.0050460410192917915
-0.5949717124919119
-0.2584956137459634
0.004131898132377955
0.23043650510872368
0.08834150974084437
0.01921770067403844
0.14047927416415001
0.09596699713667539
-0.11386885073846939
-0.09112858057660755
-0.3888861478774735
-0.26428649966754203
-0.15178870798457247
-0.11441963085082904
-0.0537522298123049
-0.04888552999484788
0.3867215643465945
0.25122046299974066
-0.641372782790922
0.07473608837994392
0.23234507673918914
0.6640368901852516
-0.03191164557250899
-0.01159357790979404
0.540339620134626
-0.17958550271976118
-0.48358107847735393
0.3089492489679596
-0.599315005537553
0.35490113241394483
0.08640069156665334
0.1556910970510576
-0.27763602967831774
0.20614745544168275
0.14471809214188175
0.01638660681838742
0.073625373541275
0.24678571320291165
-0.22460298637902454
0.014927436770256979
-0.04091301602529171
0.5312305845058666
-0.033024348969953626
-0.1430978980170884
0.25134128189115246
-0.38362624043537485
-0.6263454465893168
0.13217653870199444
0.10806442611569257
-0.1522978326036395
0.25852720160310083
0.21271129183258183
-0.08415507247619444
-0.3683229049283467
-0.5127975863072427
0.17193384329841696
0.2637718564810413
-0.37726184074939206
0.3066908937950668
-0.1074925448338145
-0.06289060280810642
0.3907212729394097
-0.023646522314150455
-0.029343217334459125
0.25985563845110404
0.013848350568913578
0.23481445542738102
-0.3749346293714191
0.04751189943572014
0.24174043359281341
0.06564590015830424
-0.18131241763177136
0.14029431231920017
0.48689517806230703
0.31406355111939943
-0.3114857088098087
-0.3981253363923725
0.2091977727108132
-0.14729725467145738
0.23532415860671552
-0.029842761565486167
0.371078366614028
0.4011022902662731
-0.0725669552550185
0.02548675513831712
