-4.671339568578053
91.8739409067662
25.074284898242745
-5.456221326473584
-4.956395109548631
0.977905785353575
7.991935736364686
0.038057698781699845
-0.5024807813144341
4.5481146495012466
2.0472619251763473
-2.828086737351809
-1.189233723498056
1.54807156223205
2.3418943209866363
-6.333036306929126
-4.251952768392443
-2.497610396955501
3.6720138719404036
1.2075083289658604
-2.038419034107463
0.6661757929142489
-1.7802864935233549
5.088467120488073
1.001797446800985
-1.2466436500801952
-4.901028334030605
3.4228766493293517
0.4981823435143966
-0.15057199250718248
-3.083390114751445
-1.3016351403737039
-1.1199970420769245
-1.0683053942731309
-2.2971960779141916
-3.6774304196280805
-2.946318808917578
3.487972642149172
-0.44045097417435763
0.9011559933010106
3.351672362342869
-3.4307898013164078
-4.329456574390638
-4.067053793058222
2.0362148621760334
1.737891680360865
-4.3047724897764965
1.135758810415558
2.135776842526824
2.8159919048194415
-3.8305841377360146
2.3529315106027724
4.420396046602139
2.2474052015606136
1.6211210302552934
0.5368796129599854
-0.24191516474553595
2.8156378752397737
2.4464885282483033
-2.473925426871954
-0.751375948962529
-3.2538828756602087
-2.300689099459155
1.1413606410688
-3.6292425489280142
-0.9070901867524338
-2.254113724644969
0.32909676215691624
-0.7776111274479881
3.2487103454677153
-1.4236420041539277
-1.4508321627019656
-1.5015810588729348
-0.037048702974118886
0.49409416492370795
-1.3375777888247968
-5.2006279120791294
-2.8340142786413227
5.051052789358501
-2.4174430238999736
-1.9934573652066598
0.4287036165317147
-0.2619962642045074
0.3505117698460916
-1.9209564377613424
2.06826230901915
0.14352345972381522
1.9360201940090291
-3.4332637129664643
-1.9601350049431152
0.6493912240753315
-0.6560562189390551
0.5974514993322417
1.4090608040514145
-0.765515297054876
-2.5516002093969177
-1.6951142463879652
-1.6326871561019287
-3.5573792051375484
-1.4306697080716542
-0.7184202623772896
0.7239384045098318
-1.2621648449317928
-1.0396788360479363
0.9033937641140806
-0.9169096778167583
-0.025139234985663783
1.0084905336792431
0.5095618111661895
2.06614675149596
1.614605126913881
1.122270136466576
-0.9392652649378855
-2.231049594886656
0.5399243068380578
1.4862463057883302
0.38660881425048466
0.9945510282802001
0.4487536108146844
-2.7470719400998873
1.766353699989162
-0.1539499956458696
0.8692943978337488
-1.2263596488150743
3.2277736022483245
-0.47985401034681224
1.4942532669589506
-1.603580491873908
