-44.693753440059766
-3.307990103430013
-10.222689722966384
-10.041902980818632
-5.572810752293511
-3.8580972296625573
3.6158612539415693
2.2312107239639047
1.0890779706182836
-1.854774255726425
-4.141247553168838
1.2882868052369298
3.7482928442033034
-3.928911143597313
0.7379196692329747
-0.9842853521927807
0.49645509580735864
4.399394077662298
0.7442914019449605
-1.3682864781386375
3.1303378150797183
0.8129941915575591
-0.07154969587059723
-1.1794813581678378
-0.3221308540638389
-2.2340399525009795
-1.4058319961069237
0.6050588787302829
-0.790857384906075
2.0436404076648715
-0.2550295317413196
0.49906545849605877
-0.27299322573741674
-0.30635330436236213
-1.0907721914740163
-0.017108582699858352
0.5030635087771095
0.7674014369474564
-2.1670068639034947
1.6584726649398704
0.9924909444193901
-0.18046000289460726
-1.2319906086596604
-0.5557389607796962
-0.226396624924068
-1.9687556825679007
0.467634749627235
-0.8579420037548189
-0.7537092523672926
-1.9988876012992038
-0.5022006875157192
-0.15736862059350176
0.22379437021951434
-0.23668840267632119
-1.045207662161109
0.5879420916516594
-0.9114309519470046
0.32973736569708223
-0.20540258123863653
1.047955463489722
1.6355993110357232
0.6623526196555779
-1.448089897810305
-0.3419225808621168
0.30941713088341943
1.7267756898682807
-1.2767106421238095
1.1816623048070867
1.4620618207885157
-1.6612666696497485
0.6144946790332522
-1.660835647787084
-1.2079442501887006
0.5698741470898627
1.4111875713136832
-1.093969300986186
1.0947932753175906
-2.048790268710383
-0.5252036613244755
-0.3040918270075076
-1.653800106511306
-0.6109396247357178
-0.019856440074654313
1.9376124623387605
-1.3838530397266506
1.4381179312331407
-0.6209913283841751
1.439416170917016
0.30178137389320336
0.0369461472625629
1.3297714041938835
-1.200604345234986
-0.05749532398054971
-1.427426989146833
-0.4506147008428822
0.9206851854944851
-3.3216488579653194
0.286144631737183
-0.1858077449249399
-0.5950615524458195
-1.7558592230419663
1.016343111973725
-0.4363821961095712
0.6176292425744516
1.6440167997907755
-2.2039236229712005
-0.7555360174581949
0.18666911345866047
-0.21581611330675868
-0.8907744653834336
0.7537018539355018
-1.0957273405916577
-0.8566647124512891
-2.7339923213275177
1.4582655040530648
-1.7752524137502144
-0.19482952873663167
-0.45658034032840944
-0.4143232933610173
-0.43184932850282876
-0.8305740981927368
1.0682825905973152
0.7213268902862979
1.5791184217845051
-0.5150184545365449
1.8146358311777764
-0.04772602662301424
0.8925798626240383
