-40.58023034946592
-0.6177687734798551
-1.765839507788389
-14.967387482391281
-9.687474748904137
0.5210417370937676
-0.26606396702213264
-1.0266861529130504
0.17532450103313085
0.30378512481721154
-0.13084367801184527
-0.2908662359142779
-0.19706221271300112
-0.33721936833299654
-0.1556119264646511
-0.6055737291499753
-0.4060633904476399
0.4080825344897961
0.9179091749871655
0.2834767076811483
-0.06286224967114246
0.4060910560210568
-0.36236803439501103
-0.746783787701126
0.9994867640962626
-0.08255697877964815
-0.5856951782660132
0.08499540470315918
-0.08668079204926452
0.22511610550071798
0.8315871642945788
-0.3557548408119362
0.29521076813748093
0.06574097644126338
0.05892302534252398
-0.7606305328697403
0.3484862922627721
0.01354081055770067
0.5448795417066166
0.5027658191586186
0.8165565077146667
-0.04781288480781908
-0.4413987943613502
-0.4925575309082562
-0.08720381946804379
-0.3249181884975643
-0.5602400576339941
-0.18899959564188626
1.0397933623604911
-0.4829096938086119
-0.35709782162749504
-0.07120395457203449
-0.13486745564786298
0.6396562642549463
-0.6270287031271415
-0.011837887911982557
-0.19365826367714417
-0.11480746176003548
0.282089415437984
-0.008134904452001032
-0.06378476713838238
-0.09996567165613912
-0.007045303480940561
0.11207735729001429
-0.29201033773766455
-0.06173821737815152
0.5487255917773088
0.32860980784169713
0.03012963731838153
-0.4260935819564931
0.1792201425985665
0.21563077629710858
0.41824148401366956
-0.19587755298665188
-0.3928078450721748
0.06574368355098198
-0.758568467822322
-0.4886431869871737
0.4105498471791485
0.3641004442120312
0.12575844287912433
-0.035026867297516175
-0.0600933790003807
-0.02685674884258185
-0.024391110944167994
0.04110852389329073
0.009970830514754033
-0.17781865021410745
0.1000396984514824
-0.5591360719485967
0.40156732573238496
0.3039387304630954
0.07259194795431682
0.06826536800798083
-0.13646849853196272
-0.1456818403016599
-0.625643789694118
0.5289996157282865
0.04446320849464182
-0.03688526836662638
0.2781145109982238
0.46773751526283436
0.45456056970556
-0.04058212575318993
0.0830837829468772
0.167762022222671
0.44621976176734934
0.0012417778160906771
-0.02203418573386168
-0.09426663945469832
0.08903480322020607
0.17954691660450106
-0.5574589100922012
0.44840310855828314
-0.10919949077036002
-0.3125683220993855
0.16732409187868943
0.08778504720473866
-0.5165241937698111
0.6115202520669499
0.3620293247466111
0.07073480483579067
-0.09630057013787632
0.10170815087668791
-0.09979649367970672
0.5697721550008332
-0.22089374163681041
-0.06275527034251549
