17.723609071207765
-54.49904385029068
-21.996573681113013
-13.034047403283529
-7.895706961865337
1.105356749248409
-0.9313606550034174
-0.9098824288373575
-0.14581397699590176
-0.012766874238000464
0.5894406799319473
0.18438127644798136
-0.4651152695934654
-0.08485887969332931
0.10150822001092538
0.41641603990481324
0.20438634258369834
-0.2885648225142633
0.20176546081982474
-0.4342555643760159
-0.47512100367474086
-0.4060581828794835
0.13745862307493814
-0.5322262975620475
0.5250238484684806
0.24107119277776715
0.023390678940724496
-0.29048794457649474
-0.056476547453006384
0.60304563338826
-0.031584117546180054
0.4486115662851835
0.01952470617772603
0.12341372657218387
0.031099604228171943
0.24901348211018265
0.5896611178996553
0.4142484248446308
0.2705737886314959
0.1970699024917768
0.03891199433751916
0.054126453680315254
-0.1117539579459865
-0.19927534878810083
-0.1610141766184271
-0.05973713910331188
-0.2136861424404092
0.27209187891131315
0.20486710218256188
0.0649445028681663
-0.29385889153625944
0.44774102961765183
-0.2920018560788071
-0.11552249616067312
0.13287272627525432
-0.5804092204388636
0.42713722638022716
0.12190319361438524
-0.18600624022063875
-0.11871510899416325
0.16687029946450643
0.36049140966785775
-0.09720958911562402
0.04632790255989908
0.38235641701241185
0.46105522485674977
-0.3034238478504052
-0.28989295953240124
0.43557826839657904
-0.23161970426460776
0.06401308506921013
-0.3098991097110904
-0.1750422843727093
-0.16484276429712133
-0.2174178117070682
0.3893577733173079
0.11278416536370996
0.15695342264846382
-0.2001702173230665
-0.06190424796293342
0.17855092545555384
0.1378219557803903
-0.18681952570956056
-0.13112671927008812
0.28563807777612016
0.016110474199675644
-0.36748446889067354
-0.11222208000661554
0.12839477536305044
0.13603346705932534
0.24361898935813936
0.0923919275315434
-0.29764281381162333
-0.014961534506834295
0.5396657047389334
0.024221711111322784
-0.30726015221490194
-0.1677785761093934
-0.4013886077152532
-0.09033215998208413
0.09395338857049956
-0.007490878626199932
0.0949244537459918
0.32672410816123376
0.14724941910538772
-0.2551852225847624
-0.008479094085826783
-0.25380090946169365
0.03024426901418474
-0.21300324843890361
-0.02360759889545168
-0.2577172979395772
-0.22068300213454348
-0.06354693847746692
-0.046199430847136194
0.3374691856290447
-0.18273019231845028
0.0497474076342791
0.12400061008912805
-0.07243224352721804
-0.1609078450437066
-0.17174760811997478
0.20116735978459868
0.011355092616303755
-0.20200171555656632
-0.22977255987959905
0.011806462675803302
-0.09738139668019702
