41.54732725688098
-55.87398798356863
-7.812368228009404
-14.950693024656383
4.1027024769154785
-3.3531819399983838
-0.8388532047315951
-1.4783621196404293
2.5390316749317527
-0.509804825174355
-1.7028063981269184
-1.2432660739888022
-5.6813212032659655
3.7006572561501327
-1.3343827148794216
0.6493284513779674
-0.3909829743834388
-0.5114975540568323
1.3988434938620136
-0.39585616968458126
-1.801258830947749
1.802974755385978
-0.42055141680569297
0.7950879776267422
0.03999354721049708
-1.1869060325420733
1.3105527704642785
0.27989887010787096
1.139771097372431
-1.783443200605911
3.1322302443432313
0.6373450587806555
-1.0942701600242608
0.9223491171151358
1.7341148171847547
-1.4344539209620881
0.35778984579137674
0.198670239905112
0.31880153653466026
-0.9045519320677216
-0.34519632605241
0.9688491956833066
-0.533691539175172
-0.19747299928181677
0.07513616463071571
0.2617666427949989
-0.18116446297477662
-0.6238299356182915
0.7803540405943447
-0.2422699225177557
0.09609748288663295
-1.2446291275751018
0.17247458029294102
-0.8209614501262578
-1.7663929514512366
-0.8037532018038402
0.5897382972181109
-1.3829829465845556
-0.10672889628294274
0.190310304925555
1.1307972792235357
0.41673239679578755
0.9033772845517432
-0.4542482691647486
0.4182962941333078
-1.1183883588443506
-0.5603235821010307
0.18848278158624596
2.2563298339551605
-0.8897912603975597
0.6596128061429827
-0.7066008138245945
0.17833593291827088
0.7345296125081908
-0.5199148763048802
2.0777685523210305
0.22449337890143298
1.1643774090154908
0.9304815470439809
-1.0691309063844305
-0.25369379819504456
0.9452234524060479
-1.1915554093578309
0.36147728624166325
0.4920480994717903
1.8449387191358637
-0.6852340820118947
-0.6598229620157688
0.6552681301728643
-1.18521261639507
0.6215714617295751
0.7721442490264615
-1.593078837386904
-0.4991181612220229
0.827709300962537
-0.6622869058085695
-0.21717366984316505
-1.7161471396084882
0.09575188435222308
1.6301452050114826
0.8998003074966534
0.7559547093628451
-0.906248475837561
0.5174217389923121
0.5473408030490958
0.3020741447543439
-0.3716387803066015
-0.7048704034757688
-0.8709710692869437
0.05505952181798246
-0.1177959486933648
-1.0399983544464249
0.8042468530434325
0.03837089467514357
-0.9258030234086875
-0.8175834177729417
-0.45370136576453446
0.8615253030166832
0.2795163304944987
0.7442361856783907
0.4083622589613929
1.1922904667530292
-0.13136368050852282
0.4511442803864078
-0.7688595303760035
0.2084210687723968
0.39088197166662053
0.7535674375721986
