49.23422276829999
-40.278720592232155
55.17580071663796
8.830774584761805
10.055812211391089
-1.9330145874024043
4.5587666668891655
-2.7084388177283123
-2.352551198698539
2.73058185457669
-3.9495097910609154
-2.4340706266635768
1.396104632012308
0.1687730739635513
-0.20845063220279003
0.8326501640956291
2.358652209318826
0.3436140288149908
-1.908046146151124
0.711835820545055
0.4599230728350517
-1.6612236257569568
0.18561066212572797
-2.591655233720679
-0.08093833288670699
1.1731942677043297
0.7736335254206003
-0.5801497511009021
-2.037286753340971
0.21031003548332178
-0.21001211623725866
-1.4460221480296194
0.1284544458467466
-0.08744087786413257
0.551418837477156
0.02803885497962251
-0.50293699163642
0.17905915140709205
-0.16226377844741544
0.9601794752060983
-0.5689595633207811
1.5534251044996699
-0.6599342502528425
0.3857268474821825
-0.46411685174358724
-0.5073174307404352
-0.01918355384148203
1.5362348959043652
-0.1058036978656739
0.8197753443986877
-0.5536049455085701
-0.4941769325399199
0.7030114507125187
0.13712447394676075
0.4949315753936715
-0.057718128744951136
-0.29354315440468737
0.13306993655098276
0.18899477882379406
-1.3385979128513068
0.5392647951421508
-0.6018959150615908
0.5042810253401698
0.31014994254564704
-0.4498704605807962
-0.9949437582114848
1.0539351107747168
1.1679116985071056
-0.6049320360272556
1.6676042201100973
0.3784934063876007
0.277640739637471
-0.31511908484005036
0.4456685718094565
-0.4945766972896777
1.1474320516029344
-1.0281606198991893
-0.22734248483048175
0.2785085976357779
0.0574831545020377
-0.539454471029185
-1.0540628895860005
-0.5122269883144281
-0.9346164487127797
0.946997811821549
0.628744627494189
0.11929468606970806
0.352619228544098
0.32503372916924067
-0.33463279452794825
-0.37881329191906954
-1.020906973833819
0.5022042786303744
0.13636882943457052
0.020019279516321736
-0.6044825568275024
0.5124228176890898
-0.12076555028435648
1.1460596849697098
0.18043292593490518
-0.9580167521022834
0.41397275926853727
-0.3337754804809228
0.45203349241763885
-0.11877177015131943
-0.031862355015491756
-0.1537830100074258
0.19183890156999
-0.029644979390485642
0.8286672344006334
0.6575861027468447
0.10096286631153803
0.9099458910633815
0.12048437833085059
0.10532257158936405
-0.15476098938592353
0.5593853231814649
0.3977040381574918
-1.2141242463780837
-0.251283941385007
0.9161643614342361
0.3763627704935798
-0.4030237274844249
1.3571006849983387
0.9447342069605844
-0.74969339924795
0.7474036532260198
0.13501654295775256
