49.45966164926931
-38.066831412775095
53.16862685674919
0.6500424736201385
2.694000713686796
4.0834207649613115
-3.405698571372046
0.6251463679147597
1.602699137836288
-0.9169120593093287
0.3390712003605144
-0.3541083000462803
0.36230176881746645
-2.3685457604209166
0.38798083922289106
-1.6422658300423318
-1.9171415093715256
-4.747507038431102
0.30803481320155657
4.075212025858312
-0.7028973990722738
3.656683313421107
0.2422412469757978
-0.9618026389392581
-1.131907056755772
-0.15545152737640464
0.8408920672399801
2.5943649301026968
0.1598260545787742
2.9385071072759272
2.1338820814292943
-3.3517810491087223
6.214564742278903
0.5036266741414368
-1.1882052594821917
-2.6612847535152047
3.3406125302917338
-0.7603687723652306
0.6774183526070656
-0.018328872110911804
1.8928699925088532
-1.9893524185114424
1.0020780570081076
-5.904719822440688
-0.8485520327845005
2.202985726779018
2.599506691414466
-5.600841652286457
-4.611914976929471
2.629759379897224
-0.3903467829173712
-1.769910844728704
-1.1022178670211904
4.723792561836001
0.875421634500181
-3.0903068604427357
-2.791570902037624
-3.231405512746806
0.9639467603330343
0.018066654998087628
4.034638604259043
1.526388559244352
0.9572647020771802
-2.7644962776287665
0.7098565688795295
1.370162476051246
-1.8750904347891946
-0.9926356816557956
-0.41025881742060827
-1.339433439336599
1.9536855299741547
1.393252876324976
1.3051565051778264
0.8175264109364926
0.303868275582376
1.2205099328399958
1.6231622628710998
-1.912015761159319
5.323553829421081
0.12515766969851355
-0.27452337821339823
-0.2510526758842514
1.6693082190633017
1.5864485212084738
-2.8749800848386196
-0.4745749137466507
0.10200844488840755
2.5664622898543383
-2.1372884157080194
-1.2869431220611152
-3.597933637882266
-3.525767086321649
-3.975489564970926
-1.8776872518130618
1.8712528212066943
-2.3857053204735723
-0.6491817283127863
-2.4038625902092012
-2.156356436496603
1.7109761558650023
-3.326855169552152
2.255142519833649
0.6876082884544631
-0.8291595888557239
1.5203501594077478
-0.9103480459077842
-0.6547597602549495
-4.314771978866058
-1.9176422993007096
-0.2974395740594137
-3.9713051045008676
-0.5924253696021907
1.2440984300297162
-0.2296214982831135
1.5074395149290853
-2.421566402181103
2.101635517286149
-0.18842081152755036
1.414237370718334
-0.017817654569203978
-2.546055273957536
-0.2188778819916345
1.7845218815170603
-2.6176851745851364
-1.9582520873271554
-2.7842019271477163
-0.3331471280163173
2.57818158249714
