-44.70388359774472
-0.77955852398783
-8.226980363762566
-12.62152075597378
9.469907871311083
-0.11034741942911754
-1.7042876388499166
0.0790194268660496
-0.1467204525708335
0.3144846738168497
-0.25611675333231526
0.045011910927368726
0.11978454659377225
0.2444784716582042
-0.5599560628391105
-0.23417571568858303
0.34394805111863214
-0.19812638733768126
0.07318001167756583
-0.45100429555576327
0.7052122820239634
0.06433984357867395
-0.40811513444931774
0.2462778516127972
-0.15769143530420213
0.726438000914112
0.13883836759794302
0.4078136791541607
0.1779345443999723
0.07617708966372003
0.2927108123953738
0.48214848148446665
0.23405703873888278
0.21098728840365674
0.05864290918444126
-0.39455331323496046
-0.26295874516428597
-0.4522899513761518
0.20817300683779366
0.2861931232708702
-0.2073507405742881
-0.48567218523885464
0.0791737680671853
-0.13267044947339934
0.44575147984929375
-0.016292399633025083
-0.21705800871410552
0.40895432319813807
-0.5490953891522248
-0.23169269701542392
-0.07564696728099726
-0.31105803028772483
-0.18105374538340974
0.35229322472883745
0.0999387076655118
0.1856338276165857
-0.17135058569947786
0.2519075384651822
0.17260174861321997
-0.0405467446681031
0.09766042458559968
0.05268742754809139
0.18803326341686
0.1557811650060967
0.061811271563606565
-0.05770428966321807
-0.041832416350548136
0.09609471651146535
-0.0698600813392505
-0.15562009936337587
0.08544558042521892
0.22922134674007016
0.23815303371068017
-0.2748919674150014
0.1327787548579794
0.28534892846537413
-0.15321663757493081
0.4553460351951174
-0.15192603242173403
-0.42958332195805476
0.0698334702139022
0.15365510388087827
0.06670928065223725
-0.17094895637611135
0.20037610638752285
0.12147183157854112
-0.34632240705553835
0.27724009394368404
-0.22529748200883634
0.07064473757295986
-0.07536316562224707
0.062450210000490364
0.1009394988100321
0.15815426935054464
-0.12421768482968673
0.08696416733155266
-0.0013308696644388218
0.07876375765581725
0.3155698371134299
-0.07268955173231326
0.3124222139922084
-0.056244165604673574
-0.17522712206682806
0.017823485699582715
0.06521875497277582
0.16726814378994415
0.06249053061845712
-0.2825236191799186
-0.18705657771872475
-0.11717413527895779
-0.2001726234356736
-0.1339859463242394
0.14439682674831625
-0.22331679602599458
-0.18714659440920206
-0.1122425142908981
-0.13489499790378923
0.025234863651273844
0.412731296546687
0.13892599962246818
-0.08022102456124039
-0.2495755297982169
0.037283047556869946
0.10122009332461171
-0.005746991360615593
0.04446525168503024
0.006742301861232383
0.29412180154686024
