-45.170664696902286
0.5563123677143522
-6.881786098949727
12.19736350212811
0.15843278171253994
6.611170544262537
-2.0525882936158917
-0.6126566060970084
-0.07936451491687457
-0.3301449438493123
-0.29654308168716664
0.15252390308616953
0.11192417144201189
0.024439155080192218
-0.2386652798286855
0.02694668015136767
-0.43054479904976656
0.19697241212280786
0.0707239034859713
0.8583589171641464
-0.6611484608901571
0.24845968306096416
-0.20534153186356816
0.4840547450231113
-0.5581624622043915
-0.22549693012966682
0.4111156920133773
-0.20342796510415695
0.23696680572038636
-0.06521334380612412
-0.1777907528006317
0.3358005662278885
0.05942007065270603
0.3194460673499101
0.11766410816414197
0.17585062505712637
-0.07617530873934777
0.03531047859055329
-0.797018888804226
-0.39727730538422457
0.009422985716863355
-0.364923377876055
-0.07470801872716051
0.47009158215784536
-0.4350002166120232
-0.48953759379064693
0.036918585335890146
-0.21751601763472203
0.013434639689699462
0.64085788039244
0.1907008938137453
0.06480191046813696
0.38243510036130474
-0.06189033044312292
-0.2747086813480021
-0.4232455252174162
0.17045234912673343
0.0034214508264761856
0.4186690418054182
0.06069637284386119
0.32752867000860447
0.3907560914240774
-0.37458600322823477
-0.17190638006059425
0.1735301844517964
0.2036377943971519
0.17177041628328227
-0.044367579147640446
-0.22693109616778862
-0.29391207506492106
0.40369235319035823
0.1996430838018904
-0.6173090335830853
-0.2505634404212824
-0.07162296863719778
-0.07538524259620455
0.06657900449022738
-0.01807228713938548
-0.2811853582872013
0.34720362876336097
0.24826438995099928
-0.05747386278124718
-0.0837575814825769
0.25337671065003875
0.1753815287879091
0.21855499100108045
-0.009670216432162392
0.3807602472247119
-0.11152726041079798
0.04604147899730907
-0.05734194915964837
0.0789116750201275
0.04059572193865817
-0.09052426934732954
0.013436028592028068
-0.21358056647990836
0.28887471610218585
0.1849901628017267
-0.2307362841233591
0.06547527410291776
-0.2733719009489085
0.0620956447318452
-0.21134659597237543
0.37002077609608564
-0.27035842863187004
-0.20054638104380207
-0.05260076236460512
-0.5517866693873344
0.28463079913213973
0.23038849836022748
-0.16129600954250628
0.0014447039807254647
-0.23015785522326684
-0.24713917408488334
-0.2711978087275808
-0.23294205512731533
0.3272725101043869
0.12496072976357774
0.1145636615950699
-0.08400925525197106
0.025954516110947755
0.2526359521310673
-0.41497568992291434
0.10097849742015129
-0.3859248848643688
-0.06631675084533575
-0.3378904996916837
0.303299518227316
