-69.15399972089689
0.392217072805508
-5.080836376700179
-14.680882911496727
-9.597052679804674
0.1509211847363623
-1.8996679944657708
-0.23218154724315543
-0.4963933144348237
0.04556939280551012
-0.24757726268907285
-0.28083866390476114
-0.8589790721069851
0.04702491366020501
-1.5996894372444406
-1.418525156535041
1.1689592016289843
0.13592689653161677
-0.28078884722017833
0.3331506814845061
1.0814296609456622
-0.10941222125422276
0.27378250743930876
-1.3686643795672964
-0.6207011560442787
0.12431016292058207
-0.8422307295352142
-0.20419434109649248
0.8432437754459688
-0.409133245643709
-0.16316817081060525
-0.6830030426137388
-0.04499396041163761
0.4780093420188547
-0.43754390445890423
0.1386709655744536
0.747120179601407
0.43699920177306384
0.23242070685626404
-0.7559702666121292
0.7138226230261551
-0.5623241569807582
0.2652381737175164
0.5070556012277216
-0.3509911752001425
-0.1235595237454894
-0.10529531626283599
0.4774929892275246
0.11077360562660335
0.44147370634500055
0.35052985511453194
0.40059118317611786
0.9460182060477551
-0.13037504510881162
0.3930523710133732
-0.08078403073500356
0.4749853742714244
0.06333384242526599
-0.5756436745331908
0.3535764406128173
0.0548657737057105
-0.24463265339722431
-0.8486661468250205
-0.8680761069151253
-0.32281599191979904
0.6545842050891594
-0.3926272367532159
0.6970919796889681
-0.09738170506108028
-0.36411830141542734
-0.1684157253815241
0.5737985906641225
-0.11226983730821298
-0.012422522910362374
-0.09203096937127345
0.015760807561798845
-0.09318483364374808
-0.6076965048871821
-0.5456877877010113
-0.3626275158187111
0.3657447133163054
0.7191291784920961
0.10701763159813284
-0.20399399265204687
0.34556628152921065
-0.2373572629751104
-0.1509574875082616
-0.5676916667477856
0.6055244222891227
-0.6147817889450559
0.11537412053295229
-1.2977442501669179
-0.6285160702301296
-0.2087449032155136
-0.20128999663309374
-0.14845953400982081
-0.3325305999073305
0.6469592423020383
-1.3116348829592421
-0.25790194661470306
0.050541818541062294
-0.2627722749419512
-0.11096965424268461
0.7859668017892143
0.21980076933955806
0.7555108400073648
-0.8801408749808651
0.24842302138063638
0.035017755145969255
0.1299666715073181
-0.20571967333259314
0.361273052916972
-0.053176302111197615
-0.10049066666256988
0.24117368153195373
-0.035222906751950625
0.06872343691859434
-0.5877107454908846
-0.1722731131609359
-0.06924319258906961
0.1348067647863515
0.45929833628748973
0.292080497684601
0.1079094147515619
0.4358362359358247
0.14734540630288157
0.058083815607340654
0.33624777280534984
