45.90047491790677
-63.890349336061405
40.798939633795804
13.590753797627555
-0.7341673069731558
-7.998733598825017
-2.4987774703491876
8.950037886132142
4.7736521209590705
1.5853499450739565
-2.0911416166374384
-1.5827641134239623
1.0046098139540747
-2.8163560714363625
1.6539123279274772
1.7000368480165131
-0.797149978742185
0.9280780858303458
-2.1845239127012834
-0.017568996297442352
-2.0511857510340104
-1.0193057259523393
-1.8710183757662935
-0.2446182959329901
1.4665982261396384
-0.7496592953005361
1.9412224743361646
1.2499617019739184
0.957179938049765
-1.6686814120988096
1.10221988987549
1.3506869076652743
-0.5701891078542479
0.8858216287094679
1.544020292517021
0.5810610415607371
-0.8574289988893894
-0.32199419132734985
0.5690807454361947
-1.137345977864054
-0.4203434326059879
-0.630986650000114
-1.7318750243079732
0.13984790755199866
-0.7056629067835508
-0.5386122820719872
0.011743691375885768
1.594100626191448
-0.42118633426397
-0.3376538837559617
-1.034619139592528
0.5682490622722474
0.6431701481579388
-0.24347785604194322
0.964184927448098
-0.4231355828503167
-0.15649470717142336
0.09181154575641759
-0.9074640699820753
-0.09403236837963573
-0.8991455855150443
-0.2683429727671164
-0.30786076188497363
-0.6957157908950666
-0.2248048935126886
-0.16174467374642687
-0.271952127738889
-0.6587009287543628
0.4304735423730826
0.19391854448410215
-0.07874683876312161
-0.12079697702164255
0.015179118585973372
0.6742785819403945
-0.7790565276359303
0.2924698607524443
0.33655168548451064
0.5367925246632607
-0.39683822418626985
-0.4114098911207992
-0.24586258927355553
0.1909652313618127
-0.008116780432634876
0.04722974163379696
-1.1364933195080729
0.039975975838027866
0.29661776723053074
-0.04913441078158175
-0.6158898672969637
0.2636817714103741
-0.1612262109632901
0.4650303660245646
-0.40802706202430694
0.89623392609149
-0.35108919416060486
0.8874576823528728
0.22732152139911577
-0.6086395268464514
0.1692774387788073
-1.1220484649863849
-0.20763890984710534
-0.4859552929063965
-0.05924432001710872
-0.19146854112026587
-0.8882101693860966
0.0702755837127162
-0.5115316286659095
-0.5026899274516715
-0.375197545778564
-0.014156773868002626
0.8940341860184278
0.9225643037680754
0.01613711102068882
0.6947526343959115
0.8137059611770309
0.7302665492919517
-0.23062133292838213
0.5322854845340099
0.29522328676572773
0.8762612329042418
0.6381154833380931
0.2202175596006571
-0.016611730752397587
0.3045966609847574
-0.2790135389539903
0.02606100967675201
0.5074443886455839
-0.1412631929475323
