-36.47580929626634
-5.637098448531452
-8.129212176719028
13.470395542807122
0.049127305246021796
-7.996299325459409
12.21603947915161
2.1776690419402835
4.8214629274399305
0.15657484973486402
1.0694909916637363
-0.675002271900046
0.5938003789717405
2.7017871033472938
-1.3631233903406903
-3.7351825485454313
0.10067676858026414
-2.2213345967088944
-0.06111722969268152
-1.763715403975101
-1.246649232471174
-0.9725019997613263
-3.0940205351702854
-0.7050188487256752
1.4678968529128436
1.9647714258392255
-1.7020003147592044
0.4754144750779411
1.976790631955145
2.8267640819066666
-2.8650363975637267
1.4004258689634685
1.1534647363258888
1.612090504577382
-0.7246556911509602
-1.173497520198536
-0.35596150887303424
-0.07246985362966896
0.7115467124855008
2.281892856943594
-1.0648282353668121
-1.0774032093529455
2.140723936732504
0.1487647506105696
-1.7860173968169708
0.264312423585374
-0.2408354211348777
1.1802862378683379
-0.06826344111662719
0.7649495121609524
-0.5636670278257313
0.14527778871805158
-1.055669636341059
-0.33967238819059226
-0.36085534851632184
0.3342646302625716
0.10237924275516339
1.124611333130701
0.3580445982983284
-0.9336144987381172
-0.019857328683944464
-1.5876738558678518
1.788715555154838
1.3913050924887211
-1.1221853866407823
-1.7655637601940382
-0.9032511662275903
-1.0717682257488979
0.8847072652044234
0.09110470978922902
-0.748498527752276
-0.5621487824485223
1.238595793402366
0.7563909858334379
0.15488256697837127
0.3472615032112853
0.05418992284808777
-0.6410116163760072
-0.858955733993163
-0.28936022296120545
0.13509211421773593
1.1541265052032388
1.7263815253241808
-0.7482183106325546
1.4226922360916052
-1.011874396088221
-0.044625678424964524
-0.23312637814458145
-1.1733084671656306
0.9075532989322515
-0.49085150049008397
0.4942411735909895
-1.0227999259023703
-1.68026575928876
0.35321608843093927
0.4789135415264617
0.33477876878270185
0.3531010216959738
0.9075838952345193
-2.534697232561312
-0.06936856563226196
-0.7715515886040014
0.8597608370665896
-0.3737288721887546
-0.2062541963525455
-0.35919162696222473
0.41236366738980024
-1.026132518822563
0.44749611879650597
-0.3262952423182925
0.8350567074460578
-2.444618286329407
0.40401875569196355
0.452087636822146
0.22875125239502145
-0.3198051318851292
-0.6323597211130738
-0.22425263224836323
-0.01655489683164041
-0.5149029197763769
1.3476028592871823
0.2521477084246243
-0.6288192374903099
-0.79416233411035
1.3480199160821944
-0.4419505092092214
0.7685412389601275
-1.4356461893336838
