-47.929762072541855
-5.982569203708118
-11.003152391930344
9.479438607490227
1.5769036603289406
-2.229806479781785
-0.2659531674298106
-0.7886295701866107
-0.04932882554192036
-0.6215842725994715
2.5031320623116926
1.931167988971079
-0.9596725397073695
0.9422228193694765
1.7991499877810035
-0.7572636708895653
0.578175426084222
0.39474807747022245
0.10471046284943147
-0.12248977798094347
0.3784495573681138
-0.617455512651744
-0.3573653584628114
-0.8749749455630091
-0.723368466311811
-0.3001370519472554
0.24133242832032645
-0.3147436638085585
-0.20398819792491524
0.8403751196636774
-0.3910923394476149
-0.24517685471493755
0.09308827832956844
0.2299437510289079
-0.03947817097876061
0.49276166955480805
-0.031009256495623305
0.2227553815213718
0.08420082305051453
0.07049864295419905
-0.375135836204768
0.3876472920758824
-0.21408372216286156
0.10055131441874679
-0.22340685428244292
-0.025472190715539814
0.09097217298797478
-0.37771203492460453
-0.4035250263325109
0.3807128573602396
0.2094140058095233
0.08438133052707988
-0.029816292078476705
0.21941363338850015
0.2763807620786703
-0.2286465473754697
0.39901155812067296
0.22335005229345495
0.11694938984943784
0.23175996341982863
0.03854961961741449
-0.0034421608983924816
-0.1015015317381478
-0.01811403502782663
0.05449311938523142
0.513845674488539
0.21567753258746408
0.3895757803126376
-0.038959534676381
0.2319096065830321
0.3271552721360059
-0.23257354556057425
0.003523949975865054
0.03630390770557805
-0.1618788835272988
0.0012453853805722004
0.018523454070697914
-0.11216144198555639
-0.12239274795561148
0.1655190343858581
-0.1443743976682873
0.022905139594407466
-0.060154702339358275
-0.09937340143846331
0.21632509626814855
0.07411941610926145
0.07391261281348577
-0.3099706739714486
0.05167598035686499
-0.07111338647414356
0.2792312150732658
0.15807161335946016
0.0006695406001519799
-0.06904213199333391
0.19412952900098088
0.14924761258681532
0.4325793723745844
0.3602491979098661
0.36370429597143805
0.035154650725231364
-0.42786343171330843
0.027496312131653544
0.17021469563981378
-0.008449229079627467
0.3233928382370964
0.21246626623399273
0.050170913664168426
-0.2577319375648442
0.2652459481063315
0.4111404119091788
-0.18893562480298184
0.10819361137487216
-0.03205144431678553
-0.12343020125928134
0.1751506988299089
-0.13513187021922593
-0.3386276383408188
-0.2047659907240874
-0.39785719945579406
0.10603757482616472
-0.16239187570246386
-0.1618221042831686
0.04477789935539372
-0.07562874080774049
-0.22710801963864286
-0.07039006950183392
0.03258325049223976
0.12170501623814893
