45.99210511023266
-25.592726823626972
57.14521575363678
-7.040253139583259
-0.977820607350413
-1.015398532178656
0.732662392125665
-0.33942595251366636
2.8864364405425795
4.222912381981259
-0.8658578777305012
4.084787616070745
-6.136461602591781
2.4771965891695378
0.474979818724451
-0.8358633076414065
5.192509343398359
-3.0527644796097517
-1.6540914366331045
-5.638689926178686
3.1156394774829437
-0.5206853740794528
0.33955728198049684
1.3659553919319751
0.08465287058635024
-3.853313327248211
-2.739467951974349
0.5685039016667784
-0.8566117158575768
5.429465948875527
-3.0884979109760557
1.7420196276463351
0.48387387078364574
0.30436752139298573
0.6119277386807136
-1.5607554116722404
0.5917137429464265
-2.469067934372993
-5.568751044038651
0.4790589297809813
4.198540164636111
2.008151819656267
1.737954711825319
1.982899412079051
0.6836136062053682
-1.5313061129229488
-3.059519409664707
-0.054433324208283645
-0.7696534184937646
-0.602926690871305
-1.9622552766707884
1.2275689554213793
-0.9207858383719114
0.49433706754314005
-0.15022496333622706
0.5098999364715621
0.5500333184374834
1.7632156386664442
-0.1148389463247744
-3.635656188530134
2.688331467900219
1.9301492606472843
2.406073849351382
-1.6696332653663923
-1.3773289534189077
3.0037170323804085
0.08852339266588702
2.227169261541266
1.1882050972100624
0.2489027707568256
-1.8489853214513972
0.5572452198697525
1.3549788225484851
4.832202087118362
-0.3429964648814618
-0.9152700946425274
1.8619341030872798
0.16613412119753468
-0.8102635157276336
2.1031689247441463
-0.28529214060914176
3.540299835407015
1.6513316785634151
-0.47147816187546354
-3.7797315789782813
1.628588576263359
-1.0729267794022423
-0.29956684844155324
-0.05033713526701426
0.8832513207194862
0.1160828048055168
-1.98778435580361
0.7033444970509752
1.350310347900267
-0.6280516408733735
0.7665925636523955
-2.065614135291065
-3.23703919775117
1.8369015835852194
0.8004595263531163
0.30413619584478346
0.604270923678108
-0.12884386881655074
-0.9701408266402539
-0.9443970214487296
-0.5350911667877665
1.4939428680637774
-0.2565249091956372
-1.4518760417042889
-0.36181655468714824
-0.24930459627293108
0.524423802104382
1.3534181382246269
-1.8158452431731165
-2.9299713893551558
1.7529442255582819
-0.18050322336252914
0.5372283896436413
0.42757369497775644
-0.988158165880575
0.697061577975042
-0.3807776826130748
-0.7706880761056565
-2.2636386095689383
-0.5334039293301622
-0.16883493306472622
0.8731575629457327
-1.6461198334507217
