-40.09726949214828
-1.1726504279946142
-2.5587321828292477
-15.634289776580253
10.5235973030342
-0.9682539228256963
-0.5109645704892407
-0.8697791885063186
-0.6667571632771448
-0.03262752539594255
-0.14177381892529156
0.2883121459072495
0.3028436090833014
-0.03138393627913164
-0.1389713142738887
-0.2154450825749944
-0.208614885576639
0.17703591058482895
-0.11770391554316192
0.11293616508144136
0.05227532654912584
-0.043496715332325575
-0.016773745550206623
-0.25562882876046644
-0.4702692523276206
-0.25216754631679855
-0.2594054230241099
-0.45945637761433766
0.2537421323981281
0.31504704934851124
-0.45462841204200743
-0.5379947196729495
0.4639231988173524
0.22877541209446417
-0.1464999359045607
-0.3096978654572946
0.750232655841299
-0.3081857086293859
-0.631964785837188
0.0018572978086373038
0.7263256099724907
-0.7290898249803239
-0.3093901339664069
-0.6179612355243174
0.2699003300348177
-0.373883511626395
0.24620659675771134
-0.24148342565304484
-0.05265545192253082
0.24971328347147992
0.26568831716694663
0.5855053708069403
0.4611319703350499
-0.032676004767958206
-0.009398589162972126
-0.21832674675584662
-0.34141185073576336
0.13873322736730798
-0.0490439558566232
0.4030849085069181
-0.05076544954798447
-0.1891182227357564
-0.20393365930000057
0.06411518460611514
-0.7242838176744772
-0.017103038844557453
-0.29279415202452963
-0.6702495836221903
0.27347330997239705
-0.11406610462442573
0.6853990397172602
-0.11663561381398285
-0.1863219078993652
-0.36176796668594197
-0.00517258271320075
0.19998998047175404
-0.35715681261824317
-0.43326793686427684
-0.3219231181451854
0.11074827322894569
0.15498570657567895
0.003070101937862217
-0.08653190806600664
-0.042764174818770456
0.30651828915940127
-0.03693421243884144
-0.24142413212534924
0.5074192157494657
0.09307043474900756
0.2167480281062919
-0.07969721711025725
0.11362471635318289
0.007975822543987942
0.18915600544980707
0.0905661350186118
0.19725767805990455
-0.27238251780584355
-0.019122458813070203
0.013016767566757938
0.06813207087673037
-0.1690064393604632
0.05122911611606425
0.09182034023822543
-0.16603829928108838
0.1584859306258864
-0.02228332143225239
0.005038093834204397
0.029619808918778037
0.34443862486898563
0.19867087176753118
-0.1978317484250638
0.12467296681718211
0.23265208064121345
0.08276310493945142
-0.2240741100113982
0.18602940905659618
0.055583446579616426
0.12737144494706987
-0.007969498863866994
-0.11076480519737966
0.06809520253064151
-0.2754164811274871
0.2548596559200965
0.18868648755028414
0.3959590051871459
-0.16294412635101124
0.3351925720392304
-0.03926393843365412
