-50.81392327966261
-4.155530419859085
44.64412286117115
6.5843615301996135
-1.071890351395762
2.891077209615749
-1.0317712872076996
-0.5147240856476402
1.2943455479936343
0.48812947726546735
-0.9712196770809362
1.2951038592674324
1.4427653573979955
1.248381553182583
1.3494438617227933
0.9931991036510509
0.641204563093321
0.6537468685975923
-0.9448822799898388
-0.9878342406753333
0.0005529414792855847
-0.6038997304801834
0.664020386518995
-0.42531094526475605
0.5010758791616403
0.7794553691022148
-0.21262518127135177
0.053198214509602895
-0.29037488869603195
-0.17633561724767993
-0.0021296764479198926
0.09065734858805494
0.2704781053645322
-0.18445407154844715
-0.08900086778403568
-0.21566391753877415
-0.0015395685490224298
-0.3719692338174453
0.04950685819709941
-0.15326573171951063
0.17875226111684578
0.09287871990779849
-0.008249809752441384
0.28751261064699113
0.03166809911387446
-0.21481170280643358
0.024839794117345396
-0.1152947144191159
-0.30014710497377617
0.14271623627808055
0.06288245118364201
-0.06932627565906889
0.03304056621904894
0.08670512568873923
0.2709509610547746
0.05838571578797497
0.012851856721588728
0.05073192682113704
0.2178262210291772
0.3829318069968416
-0.09555492280528248
-0.11961578674096887
-0.1638406205864675
0.3527359196308292
-0.04506204217921934
0.29010059576234704
0.3356298659807918
0.13874697065897967
-0.3338673835506495
-0.255310803253375
-0.04278694417667278
0.0738687377322936
-0.11619349375273451
-0.04477849882241591
0.35513095178197296
0.5810328352923034
0.2961436708685722
0.17056898669992582
0.1219713291554825
-0.049928074668570105
0.3339397816062091
-0.21173945739061917
-0.2577748465173921
-0.06424958389082784
0.20438974631144402
0.3987715201039892
0.09739631896882561
0.11435879693373216
-0.28412651189189425
0.26924789212150063
-0.2511815749742459
0.6466273276603839
-0.06462836515935526
0.2817569038166102
0.17214296276251181
-0.41729197783707545
-0.025157739185518942
0.3536234339832879
0.027973148920136956
-0.11204596212174207
-0.32341377407298816
-0.19027667303862303
-0.021627439521060783
0.059365764616711336
0.038765935835897075
-0.04070723397284409
0.2491086413647489
0.022096435870497082
0.1978509221440296
-0.161502093560928
0.12045118112934033
0.30287368383721064
0.058352342663986645
0.2448688694311578
0.23760103537191046
0.4163495689697319
-0.03124326095663371
-0.050952143572237076
0.24895787689854879
-0.07690761278119566
-0.5105449029494402
-0.0600087078152389
-0.11554232000575572
-0.2542422205468991
0.2641413338003109
0.031099020780969364
-0.28880374365548706
0.170695331222755
