-45.031661310051504
-0.23042501376842725
-7.605186743148918
12.560148059284979
0.18833409463491477
7.49821863292489
-1.9500989747436464
-0.5121691359752816
-0.14232578705946525
-0.5036788935232676
-0.12883827483747973
0.14736221730068427
-0.13435159203704403
-0.09252089086985353
-0.36885313995837016
0.015601970608439375
-0.16691583962764425
0.009040045862427307
-0.07621307415748504
0.3880209570809811
-0.31233078800849345
0.2286253126788645
-0.21310146384485293
0.3052561403200267
-0.42527185664382056
0.011684975371166202
0.1109262371347556
-0.19776069987405517
0.05688214583258004
-0.23843821085695738
-0.244551695161079
0.3020438059345666
0.1845081482482358
0.313050101601426
-0.18829416594531245
-0.19229940710363141
0.11377654081295505
-0.15722254478590705
-0.2741443579777285
-0.02708916896992991
-0.22543616753037354
-0.397580530159156
-0.3373260349026927
0.5630922355129659
-0.012284329599540116
0.06341144772158963
-0.027718077196602946
0.3950703056219
-0.15076254941876932
0.21124069395750023
0.020000864536788128
-0.102069150549502
-0.0008352459999681899
-0.09572232634373505
-0.043896261052719376
-0.1035740919482638
-0.09175423903380611
0.05191875631074139
0.036441441572311106
0.2184334647940168
0.18740760833736467
0.26535829653424264
-0.32967104047213874
-0.1148389475873759
-0.016157077865335635
-0.05520151294113916
0.14726869364089276
-0.05643161683430818
-0.25645401960218756
0.06794510119487446
0.6029328046691141
0.06995120880027643
-0.2536471301364228
-0.1749734582905248
0.1852221215706818
0.06608911364849152
0.07352966377700072
-0.12201546859493419
-0.06518778470278731
0.25675944855277727
0.02637972960900574
-0.12758419402219925
0.2463901446623934
0.17170504000757403
0.171148031741028
-0.03664426124035468
-0.20945289335795422
0.17030531192932055
-0.13094417812596465
-0.08271904969371735
-0.1354637356881818
0.02650043429849667
-0.07700953953743787
0.03310461954422314
0.11769405110311465
0.15277835817499236
-0.02170660518909824
0.30983883952710517
0.0921937494218574
0.06678248729639699
-0.12566457036292783
0.07725386024287398
0.040752017497536056
0.07089383920040507
0.13838180028747582
-0.14060926172697621
-0.13638973008648153
0.03784459008545432
0.06652450398622571
-0.08889926324439942
0.3236296817944738
-0.04844885663267722
-0.01865959235774859
0.04045015741015977
-0.31749936539849094
0.004117311299478139
0.02851626727839474
0.006578505168491854
-0.13358883697666754
0.009417562625319155
-0.030241966046891076
0.08501326289687841
-0.17585680709193377
-0.2281659951569589
-0.13321889923864955
0.003986827841405246
-0.12519608098554752
-0.14330854568360518
