56.56416259028079
-54.321713642227586
45.54597379853949
14.602767118383188
2.9346300474070066
10.398296006386925
3.2802806003700016
0.7023713819645303
-1.7402000629869208
3.156735177664184
-4.651021121743451
-0.2698119381555406
5.094650940143118
2.023803918384445
-4.692942801338058
-1.3849724833899417
-3.316271101376741
0.3481870642404072
0.8065074956008345
-5.304499780461596
-4.5493384291856165
-4.655039461667816
-1.1545479833369534
-1.396646985033461
1.6821260237045483
-0.038650717680327296
1.733479320210052
-1.985937710508443
1.0318430937350516
-0.39252432678613736
1.2265451066601034
4.444950313905133
-0.34984856456456903
-1.640543897919646
1.3583634453037314
1.2813206716961842
-0.7356257374581915
0.6637145172773473
0.1249659112048948
3.9668903712984
1.1167602743404403
-5.343345174288618
0.079409690835066
-0.26466963033268465
-1.197738480826996
0.6937093604994132
-1.2414546051949207
-1.1287285178370585
1.8090458781646976
0.21330759009984618
1.0760909767802846
1.0052561587710789
0.10716198912522518
-1.1324656595181075
1.1264458795118895
-0.46749988129917475
3.124979960261367
0.7728745179009803
3.699612650643768
4.917173785930016
0.9682658201825498
1.4004340270906241
2.661702605124019
0.9752267833902327
-0.9260333173764311
-2.737746937789248
-0.9190323908943052
1.4616725131024402
0.3073307545970259
0.9511925249396253
0.7036541850816226
-1.3084241974261834
-0.3574068909293908
-1.3239583859986181
3.7187162791645854
0.49795956434517397
-2.9148587671364403
4.143501765954096
0.393212922050696
0.9060341836095672
0.6845513871296471
3.398344935187502
-1.2300585397906874
1.8284428668579262
1.0885710941706839
-2.1485633137311626
-1.5874782620405101
-1.5760123678763738
0.8993716521541325
2.080497397783742
-0.6726320629887879
2.046443434120074
-2.7639454932189493
-1.5486875449660382
-0.02203519966427961
-0.6939759195904422
-0.2664103732251513
-0.41902815016619854
-1.9985590828044812
1.1998782148072595
-2.118503914212853
-0.2779750750324189
-0.8576233590884291
0.9948476704409857
1.1830674759411726
-1.3731403270151399
5.005793650067928
-0.10052619142292249
2.1287477111572564
-1.387352633012618
0.9025623719580684
1.244117978629205
-0.03734531999302587
0.2396308281977756
0.5533429522419571
1.1645907128437982
0.6464777759011119
0.907730661552983
-0.2608450499301115
-1.4850352576940709
-1.788948977472147
-0.15273564298911302
-0.23827530392495339
0.22381375592975034
-1.2969589078053603
-0.8930637541930717
0.29221783376117
0.6288099198364651
