95.55306004984766
22.769506083091418
-35.42347857393528
16.07543062410261
-1.2242204247309216
-9.480373660385386
-2.194875997551851
-1.499086815932532
1.7946878969688453
0.09883948624208945
1.777092958236509
0.9317850389895925
1.545984805207059
0.5025268682558002
-3.7767308886266004
0.4096286523153484
-0.5900698084459769
3.605685091022437
0.3215632530382775
-2.4793524736687664
-2.0739861989372583
1.1326814882368328
-0.41321395701300256
0.3154964694206691
-2.0400246168938945
2.4912932121042717
0.9977683356050007
2.4542834042099253
1.4660174187589134
-0.12286193020456648
1.1724964895039096
1.141205168350166
1.1044589290496107
0.34574670898696797
0.4537430834736493
1.867133097592968
2.0563397183424406
-0.8886194003644956
0.6104517721135332
-0.9711290272756619
1.8913586840438494
-1.2541465829026965
-0.27953344521399603
-0.21472448557240348
0.8630254157124667
-0.265778700417594
-0.5936803311367059
0.3911213728881489
2.4456234555816665
-1.1715202795976372
0.3912358669730359
-3.091143298936441
0.5974139995568459
-0.656712901761829
1.2342603183268803
-0.26271153720493395
0.393015108515975
-0.02785780507406696
-0.8604616754425204
-0.7532964068970892
0.40917148613104914
0.1331809697642133
-0.6571877412725468
-0.25127020674425177
1.2586382575719628
1.09643358888131
1.065301924300357
-1.418760951340036
-0.07688304893432943
1.1813249355536448
-0.4340812724942471
-0.49820558074012544
1.4966675664241196
0.9031545101038279
1.1017366957680117
1.8433401473476996
-1.2539581518327618
-0.8103915842649289
1.0198723538130978
0.7483611355572706
-0.6292361930051638
-2.3945048376012985
1.4058610312333852
0.5609379911951871
-0.2526739605783453
0.7297881610212205
2.705384185164949
-1.3269501690313312
0.9655745508764711
1.6600169469852741
-0.6529955964768706
0.8997131770543373
0.38404746294159925
-0.9057987235172603
1.1140275191109243
1.294861794386954
-1.0996119511048212
-1.303737828346483
0.6690109117515058
-0.3797224611475315
-1.5598414615851404
-1.1897820038354663
0.4693601350195475
-1.0983170917694371
0.8872475630805171
2.3595912776615235
-1.852256413369419
2.4493028580261074
0.98368457001479
-0.7607357920232107
-1.9661920800593595
-3.1952583195769795
-1.8703910445749379
-1.7769926700352938
0.9069828006086543
0.8245434695309466
1.198370823453784
1.4180224888032391
2.058355801219419
1.176806330900838
-3.0145737506709236
-0.47414359853167537
-2.5694799935663206
0.9938022377569429
1.9395107336472266
1.1254863752812294
0.6844839465816457
-1.873759021494629
