50.733908634739635
-48.97899067206047
-5.521151079742754
-13.447289208566412
-0.6218112751239229
9.358843409000995
0.8504105476340982
1.4124323141542694
1.753735883292919
1.5858063224584362
1.2698290646123551
-3.504956909387071
-3.2413221450597023
-1.9326407689530998
1.528149362859467
2.2518308996728384
0.860180706847117
-2.4695902552506688
-2.728653334890742
1.8445643947776247
-0.16409354653546077
1.917390268353491
-0.2299373235468548
1.9163977964651748
1.0335910775485706
-1.2552073452953716
0.4205473830706779
-2.181352714301423
1.8533641277186899
-1.3432033456533892
-0.7964034314179473
0.01270007737546798
-1.2137637082338621
-0.666848563670496
0.23912800186362126
0.9628117374584146
-0.2900406738588077
-2.3588930633595244
0.18820454527086802
-0.8499120471512316
1.4390908230900459
0.4260214087217815
1.0267595579183921
0.1587726512799977
1.2033616423908053
0.2702561134773322
-1.2488516793289095
-0.5222552785989067
1.031251051489337
-1.3320192437378222
-1.3073429195271329
-0.9322994978129703
-0.31755144627420506
-0.4709596296783256
-1.0368557367180364
0.26195393040587744
-0.06532547870447797
-2.2487694972791044
1.240177686529747
-0.610814319245187
0.9565635098639164
0.6106649565715884
0.7329780134341013
-0.27167735183710606
-0.741822316715838
0.3260307401930195
0.41229478109128676
1.3824312634108191
-0.7720984506345665
-0.022796856306481816
-0.04763113603285406
0.3223224080251203
-0.24718451807074424
-0.8536750826094283
-0.26315138711773906
-0.5231249525750649
-0.21748941643822142
-1.079438131964652
0.2463435800227051
0.09599984165600893
-0.48543896747467075
0.2961812536347164
-0.32051647518088394
-0.5503700859176125
0.8188701774559584
0.06801670011887812
-0.15771993685209335
-0.2780702619765085
-0.38088856701917934
0.5042834943318324
0.10772421590283099
-1.8791566105989748
-0.38587375003365415
0.28862467255044305
-0.34199946734276077
-1.1548890986738203
-0.06058909906552283
0.5541966800790492
0.7110729468438306
0.26506005652357534
0.7315344993548265
-0.06586626843469462
-0.16984525874345993
-0.6359417699104332
-0.23247220032645252
0.29287960577803496
-0.3076872566650738
0.35796755159960375
-0.38801798451400066
-0.14705957562452418
-0.3870359336434418
0.5688064357566606
0.3535862740998816
-0.0031369573436018233
0.3022231310695765
0.11514556354468894
0.20058849488351022
0.18936083996497222
-0.26577722692567757
0.7942787160851783
0.5378946445305495
0.8509147330675786
-0.22493244178060895
-0.37958998188585874
0.42912905254151434
-0.22273917506270657
0.1563221635582443
-0.37726447911907274
