-48.64891073700778
-4.714150652185337
-9.625147174083827
-8.94626243195991
0.8174238627682768
-2.3779737896790203
-0.15108867170656676
-0.43177640077483764
-0.6195858874596377
-0.7119226756951815
1.77607990094319
-0.05702894091794153
0.2981461122332219
-2.5907200252974483
1.245165004048153
-0.5623573821864402
0.6018484611576337
0.4221304628907362
-0.7154019533577369
-0.31215650924491983
-0.08752506101505134
-0.6926563204167776
-0.2812412634177077
-1.1389232946272356
-0.35927973976459354
-0.4999504867293409
0.48441367089194287
-0.4010554634557766
-0.5005735418676767
-0.06893623237715837
-0.1044855798078827
-0.03085529383371516
-0.137785432387343
-0.08221394746513627
0.3235246838584306
0.26444866929994126
0.05352927806106539
0.04789051742622599
0.011442621336270324
-0.3117332971123054
0.10372629895759913
0.007097372023294329
-0.4293354756678997
-0.899555707562652
0.30753768952745497
-0.1389390471493542
-0.005750847508202671
0.012009389432872553
0.35448212886582725
0.11212911327135644
0.215842135663407
0.05182663359290287
0.1432601909810538
-0.5303933383628523
0.1253363630236377
0.43794770379946824
-0.13601852891003144
0.2044552857598261
0.5933894565438699
0.32331039553476437
0.3693896397555339
0.6258952997562092
0.19257713399095314
-0.10232428022052498
-0.1254491162591192
-0.16012577527322153
-0.46219896788536186
-0.47627509169072263
0.07341935253564243
-0.06868442634781888
-0.10759760559702873
-0.0045715042656251925
0.4887016114118533
-0.29558736196107765
0.6840834460501003
-0.20756047552832418
-0.3462138028458871
0.17092058926276085
-0.4092543859192469
-0.05363222017290285
0.33127158544158786
0.4116150221070362
0.1272772838036507
-0.12652561323591865
-0.5943116026576174
-0.13742073895209445
-0.0031269938253903617
-0.13508766108488313
0.31607898099281373
0.33104718438758307
0.15567678182929157
-0.502980088567689
0.03300796928374092
0.089891818526103
-0.1686520599716474
0.04468889297148207
0.4299838112238593
-0.06983386159540281
-0.2704473002643983
-0.2236822971302832
-0.489043766929243
-0.14810066455427837
-0.09433965231645952
0.36757159942665435
-0.03721601100604502
0.0055191573628548506
0.04855962886233308
-0.13532375617139009
0.051352344412376016
0.09964020553308028
0.3044703741779318
-0.2478303782175584
-0.1097823081401283
-0.299120350211181
-0.28484289333045776
0.6857268564615213
-0.3132092123903207
-0.34247741636186474
0.5401915944943407
-0.08768942333963423
-0.2298908493320597
0.255775775304224
0.2678015739545452
-0.061118648075460615
0.04686983038592393
0.056625248909300825
0.05467221601058807
-0.275340934776302
