-18.54452205965404
84.6053194612835
10.26306109092852
-5.802040494300129
-2.542209750559921
-7.312299233778456
-3.708381519142059
-1.8932636044738098
-1.2104387870515045
1.2599186255603754
-0.9874731675341244
2.568642564432074
7.152059496136514
-8.238313119793132
-1.954241932951074
-0.7153137778420848
3.423313105909098
-2.718002797540199
0.9051784526078409
-1.502717493022005
2.821763883265917
2.2980179441010953
-3.6135729298059776
3.8868009794729828
2.221993421610398
-0.2921588545056588
0.9214728895227347
-4.392169350633572
-2.0684278645767087
-2.7390690900763874
-0.046508171046688807
-1.2706966695271429
0.4246113046631065
-0.5154325612339976
2.765595386153353
4.750763784412068
-3.5587711272167755
1.9398366601658477
5.865595091278147
-2.9998506752407175
-0.03780360858413842
1.6955793505405086
-2.527139311808811
1.4450538043362562
1.523876690549007
2.8202563946621146
0.7936549100641412
-1.5832843682644844
2.6931653638756368
3.442992748633268
-1.813598528564895
-2.6524985130123135
-4.624152226890953
-1.770524311149027
4.044318710242453
-2.27531843641066
-2.465781068014319
-1.372363311485938
1.6605005328821671
1.1532644654126583
3.264694908774214
1.0114768175776352
-1.5534813084528492
0.34907053419391093
2.3524264044077556
0.8957945171497493
2.5554312297420405
1.4706548661634784
-0.7393743412651886
-1.0436287578611319
-1.1367646107437859
-1.9398209895598342
2.5397571679911732
0.8781599898085876
-0.6910653740129571
-2.5164186333482124
-1.7059768057644986
-0.8853482238617121
1.7457432876334418
-1.242805069872081
-1.3934577307810945
-1.20920832112567
1.1987366200676564
1.1727108463087428
-1.6136327579178853
-1.2782120004834827
1.1538695271872477
0.9757341333734786
1.2552807968163002
0.4136464108732414
1.587103484734313
0.7727055771725138
-0.741581511178675
0.9717618153031224
-3.2469095378590755
-0.7880483341178364
-0.33674730777510165
3.441847308991478
-0.7680653728994443
1.3621202052668366
0.3201535807065998
-0.6831138037867729
1.5570197023865595
1.2562807818905863
2.1470815659345526
-2.6949335001882924
0.07591234554334816
-0.8694369449168995
-0.6455658225376576
1.2005409968630656
1.848209105940514
-0.2766721208676971
0.2099089277573395
0.30953829216722406
1.458453775541633
1.2976114740921236
-0.3749753611511158
2.502510075272922
0.9118871774452586
-1.8718602484176907
1.4730415233212426
-2.108638027225435
-2.1895317721592287
0.8054567150382203
1.495476322351261
-1.7415326213737354
0.7566847141773629
0.8596637892075945
