33.418076800661474
75.69631777947656
38.937641470131794
9.102217089255577
-0.1944045297998433
5.758857661390462
-2.106555192008658
5.400283988524363
-3.905323948917867
-3.28161865608821
5.054148684338055
-1.2560357779274496
3.2365043846474113
-2.034143716224499
-1.4629116322892795
-0.9415757573167965
2.1113690275069317
2.191096284905321
0.7923036739205938
-1.763362726952501
-1.8577422917605748
-2.1213414590205226
-0.4890397620404855
0.44204205330109747
2.1435179754108877
0.8165055531503395
-2.9823694819780653
-0.4465018432244563
0.17049675339779738
-0.33972945718473446
-1.0442063446529364
-1.1057892615767975
2.727815205218805
2.3359872713402483
-2.448643448376586
2.1484448103219718
1.1478673911685024
-1.303422287056679
-0.9455129761523561
1.0158589921234735
-1.4066898984637854
0.33107233787352897
-0.7074402284691189
0.05271348227388453
-1.0923522274042632
0.2301505520699238
-0.14554747164317205
0.2549988207519106
1.1949487570064756
-2.8114036591143483
-1.0352428308443973
1.393859782378154
-1.380858234855284
0.8201447948581673
0.3710621391343974
-1.758816988724945
1.7848298499247683
0.13559927270384126
0.48967698511922136
-1.1340971444807613
-0.04652245729953278
1.2296716940809054
1.5292003282601352
-0.2918572910675671
-0.3989107623918212
0.5925271193471284
-0.40641395523072543
1.8390463185687593
1.063706079755981
0.8160786737872857
1.4492163284230692
2.0404355957031846
-0.6503724887385597
-0.8277406501213785
0.2711661394929864
0.20359304598446695
1.1743702195659653
0.05003283189186662
1.170073297600467
-2.277800600769892
-0.5221775141461358
1.8237143458919753
0.1705586731342779
0.3828748360402733
-0.0014529102408319672
2.6951358324099948
-0.5608791677128523
-0.41440978461056677
1.0260124344532224
0.08819592611876527
2.581169758173068
-0.11442363301472792
0.5165958088095833
-1.919957932366157
-0.6671965887133466
1.2500087767130443
0.4478300233581088
0.30839154721390744
1.176357460250765
0.37485283157786287
0.35107985691239274
0.5359969026885357
-0.5495698797124785
2.9218411190792457
0.6030816380282472
3.421316469755824
-0.9875166319183445
-1.2448066939200464
0.3221649404619484
-2.2931646109361576
-1.1454789870286577
0.020845517779194855
-0.07414732106253319
-0.888102808264152
1.1176840316992065
2.2896121379403134
-0.9378025460274058
0.46261126620578813
0.17211874031782273
-3.3728116650994138
-0.8223939249672455
-0.7317293234015615
1.4710019224981878
-0.8243260808598948
1.9398854003292931
0.24552249318002348
-1.3317417893245669
1.0452381293866932
