32.68172093150687
-66.21664365784626
-25.022199103820917
-11.42794258127557
-6.880070065456254
-0.40500607195885446
-1.649910931318522
4.105033929976379
-0.6367872301238786
-1.4271892828346684
1.1307162391025156
-1.1307846207438987
2.7840488566390587
-3.1905707328513437
-2.2452605344082452
0.798808630409742
0.8562923151170492
-0.07515666701218365
-0.07469347777091917
-2.33573833354484
-1.1121142287475965
1.0703941469669604
0.18254651559542254
-0.9385072225593213
0.7140015711263027
0.3085699077400542
-1.522194207417486
-0.0650297904886175
0.01706563088405333
1.0327620224090928
1.178703742243401
-0.7799800910821251
0.39138506180700605
1.033019112401484
0.7483355746937641
-0.7703578157650982
0.9251908129191019
-1.31744138081182
0.08945494915098018
1.2925931646016284
-0.5934755489121528
-0.8945362603608563
-0.07093242495682471
0.967869685932034
0.0695717831067243
-1.528837728253616
-1.0377230797420403
-0.012697151765186994
1.4363992382324573
1.371066327811751
0.3953740058383528
-0.20743891560214764
-0.3028535890031211
0.6672814815430682
-0.5278239033640469
-0.5574886645212946
0.30451942375326524
1.7505253228928832
-0.07850257062993568
0.03877428312150013
0.9317759550326266
1.0391575278833682
0.7052249573200442
0.33116976246609037
0.24140184501653209
-0.2738022280509147
0.6968006526920232
-1.228326563663447
1.2081940848309498
0.5658054682314917
-0.5467537724699799
-0.6360489479883399
-0.16354364061725046
-0.2169460086658816
-0.40589136286066685
-0.665179008875936
0.8344817521836949
-0.9950510114592418
0.3438740963204344
-1.5332500584115811
-1.9745932064721075
0.39371097445684866
0.7322749108630835
0.7486431554252373
-1.7804155540283861
0.7548998465302673
-0.8428686196472914
0.07970436848877836
-0.8408419624008585
1.1922315231247167
1.0496734015793077
0.11055964262118717
0.6017927187505073
0.6597287092193515
-0.46032635138333056
0.43609319486159326
0.7129629145510682
0.09359961972082831
-2.6204863180198
0.3843341974875076
-0.7118800637685354
-0.8091751388113373
-0.02497775339761496
-0.6001788879101253
-0.6080756009985326
-0.7134481287430654
-1.4739353435818097
1.0844918197310545
1.0418602550706186
0.1014635394455746
-1.2976983809646931
-2.0259323559391538
-0.16871560553827855
-1.310975403312994
0.5421668512350861
0.8137258771861933
-0.8401574555330792
-0.8859306350070071
-0.3070051098080753
-0.9876159366586263
-0.5301650965440924
-0.08398557451841719
-0.03193885747674122
-0.7091621486434324
-0.7460362552598856
-0.3785951808038195
0.29703036911078495
0.9942625626884138
