-43.71312193360397
-24.405961441420928
-20.52225321506333
-6.641539362363547
7.28387579722749
-4.433759313091587
10.173414087456406
-7.396147802741548
-2.8530581854453714
-0.10428560040486623
-1.9234046654254784
-1.1498265809364794
1.201196885687147
-3.0541623876387742
1.0803071772662984
0.5745151951304371
-1.0878457921104172
0.09107939367451101
-1.1344271883074994
-2.2637666842229915
1.4422553698002676
-1.0443353967688311
-1.590922574736775
-2.4360392885006235
-0.959148448926806
-0.012834487731606004
-1.8789710961403454
-1.5375843719962115
-0.8898794954185838
-0.6970066619846447
2.571991158370932
1.583075663581406
-1.0016296454017688
-1.49215198311234
-2.31649216234879
0.6197542957602236
1.5360635501268418
-4.352685435624746
2.1936752069983876
1.978489807929376
-0.6154758871000411
-1.5095991207077697
-0.4215869399924768
-2.08781185081712
-0.9886286571982366
-1.914627028007697
1.9316007655058007
-0.6141742617129036
-0.5273275063558995
-1.0196795349485464
-0.03592450263618574
0.8786141783669273
-0.5534187832494621
1.0496351511837747
0.617736465164676
2.9179724934527473
1.0709539504448848
1.8427909186697065
-0.8454286743422832
1.7350357493145643
1.9414933624393942
-0.06381128246729696
0.2670618543750304
-1.9162538797096227
-0.7062336944917642
-0.47103038274267434
0.40947072786896266
-1.8197766176947545
0.6302676298836729
-1.0511009418581283
0.729303664592424
0.9539837462320623
-1.4105239983948508
1.5958553236325532
0.21049718006437443
-2.152527781563277
-0.5099130914272088
1.8013355891275817
-1.1830914093866594
0.7160462029809668
-0.5930747357405293
-1.0326453494259498
2.205447218188595
-0.7940836020107964
-0.4794413329967789
-0.42312900034190715
-1.9159366582407482
-0.7666901585256616
0.9265578256996451
0.10813731245933124
-1.1763881310375341
-0.16084564417696193
-0.5840204044682853
-0.482125722521161
0.24908816931313565
-1.0491840956833813
-0.21571389961139958
1.5497148912220255
-0.5743127530222955
1.414035431426677
0.7466250315031
-1.8668963510299061
-1.5945120332363225
0.16530093113887495
0.35074897166949076
-2.469979337286112
-0.0713201194534495
0.524120554733688
0.2678284265387687
1.261640903121985
-1.5770525162739784
-1.206960026472331
1.5769167107566322
1.5331273023445815
-0.48270975410674005
-0.8402147915252686
-0.21022584405798395
0.9804590134711966
-0.005936705446424382
-0.6602142112748666
-1.053830825378851
-0.7119379444454829
-0.3754441494508023
1.1827372071685056
-0.0273583298606854
-0.6715756344566125
-0.41954620713645757
-1.0716772879766328
