-44.511165903536615
-3.3632890535599778
-9.385127731117562
4.995108488458888
-10.931979281217716
0.4605145688860347
-5.830681249798819
0.351411464832298
-1.0980177238856925
4.800929442548562
-0.9318088695962548
-0.931192324686466
1.0715756580371667
0.03111028749275377
0.9615654468088944
-1.6037005194837952
-0.39236518410175175
1.3229173350945542
-0.06045444626934357
0.8820753090480926
-1.5224195155814426
0.36471600394874715
0.24342399930288136
3.4668600877915106
0.18633255852021133
-0.9579297897082619
-1.2108524955113327
1.3395753057025301
0.016579968711023137
1.1916401585508714
0.0026355126672968077
-0.04884178419637823
-0.8168594986447777
1.620731031775372
1.9598769637149884
1.3742193835392422
0.08317953786425542
-3.4997496224181077
-2.544187515361364
0.8108505767171639
1.7386925327573854
4.125311511086029
-0.931237492518377
-0.772684829674497
-2.093938042044861
0.6469298868807902
0.1231276245066596
-1.7388148938740458
-0.8343229811327938
-0.6468082148743642
0.5074501295479183
-0.8700463733914854
-2.8556741688801126
3.569616651841313
2.498453341080819
-1.2182116255955062
-1.1758403845564873
1.509887339688442
1.5980296607386697
1.611080427282702
-0.5180792641916312
1.271161818566206
0.2586484647607177
-2.0741380222008226
-1.7953721225420178
-2.008776958610908
-0.5928376245570148
1.221532198593375
2.8671815065214186
-2.9617335366804216
0.2571133272788549
-3.5179196284618404
-2.0981459527608983
-2.6423491160655397
1.7119683973355824
2.3556463067394953
-0.7333530313959792
-0.17829156415871647
1.094768368899956
0.014595051174662386
2.9572638332880414
-1.233237387428909
-3.641573178756314
-0.30403313077529925
-1.5560905654266504
0.8060903251105515
-2.3327784068332216
-3.2543893863729334
-3.040005173462682
-2.394907007360038
0.2812122690159173
-1.7377910620260886
0.3827015772829101
5.472452448587801
0.7302277529374566
-3.156036126926067
-0.09962804327066913
-0.19214352117302533
-0.021931438961467244
1.3336268763417076
-0.5017513898900846
1.809403199387042
0.031368514410241854
0.16374711545211657
-0.10693991855789835
-0.4768867156730484
3.185856023424173
-3.238048926649892
1.8396662941962758
4.19698209638237
2.1291383698138526
0.9461222120793034
-1.4561813725438295
2.726930822141165
-3.526972910011703
-0.7461673533149334
1.3930156264708828
-0.25239110841573476
1.2081708037435368
1.3635388819383514
-1.5948400054435554
-0.694119679440087
0.7971441813104625
-0.04659431281432653
0.4781019949150928
-0.3442831376498976
-0.44583633662923294
4.016771957105277
