-33.43913852586844
12.8602480064475
53.14700176973817
7.053981804019178
-4.481912079842601
6.246351159887822
2.0380391229345878
-2.0028985450451384
-1.3873025582401277
-5.477909000518843
-1.2030175567327746
2.125646784210828
-3.9081118540995536
-1.1729351031514323
-1.44149504189816
1.2000844228974583
2.2707413352456856
-0.5065074707260122
-1.4975040871969223
-7.063380936578651
1.2602312073339426
1.8148127907676492
4.483305627214115
2.999233691232169
-6.507121008029517
-4.184715215996314
-0.3597651823854819
1.0374811132516149
3.426796263774536
-1.3821433162376904
0.17474843162822307
-0.35902718963523883
-0.9307788769033464
7.601076865532135
1.4204722290230667
-1.6024427112958735
-1.1239147377834067
3.7376512307897385
-0.8586752103994038
1.5913069151003933
-0.5441675918184166
-0.7701506359993888
2.132404291056352
0.8927233397353938
-4.184695339814394
-3.117304814517564
-2.036079335001663
-1.0530835772328688
-2.48314664833664
2.2556694360503466
-0.2954434054634717
-3.4485847433153736
-1.9039325702691885
-0.818055236061347
4.684853875673417
0.15273478756286904
0.08685437316054265
3.635851902814512
1.7842533889275443
2.9146392383530544
2.4875911022189086
2.5212590822641263
-0.4130865370945113
0.10644379049201502
4.568937349293696
0.24447101046420738
1.6463488538882025
0.320550390181359
0.762784343243729
0.5534421849215638
0.5501803402311476
1.6721833833256168
0.02554171298464386
0.49408949676910696
1.4731799276245257
-1.7472244067087153
-1.3018771664730793
0.19275031995713215
0.20479754672182912
1.1546500302144471
0.17760005190529873
0.11237519090667908
-0.5362199489503557
-1.620559937833682
-0.20965151551196398
-2.4651959500326335
0.34507522347682207
-0.5922594676161919
0.3718643189053743
0.5418631491198093
-4.111534815756838
0.19180256479353952
1.2424811267858775
-0.6204498433248429
-0.12695788706675398
-0.5146166114314145
1.1560812873062987
0.6134208109067794
-1.368081830228993
-2.068623717354587
0.5592012568606611
1.5000928734082626
-0.6609596342985513
1.9197303559487509
-0.6784271799172901
-0.3777192585211169
0.15372420759940328
-1.8373616769466583
0.42945977111048816
-0.6046636234056836
1.212436127552106
-1.9004847291891593
-1.1510963766486089
0.9271998283494117
-0.817296821844583
-2.875411011191595
-2.366732842004491
-0.9167690329974849
-0.17821748309546154
0.6836438200332884
2.033070399268254
1.3744592960148867
0.07484969436150207
3.247637090505388
-1.3446610022212167
-1.167885836891231
1.0011094566361756
-0.013357433173106805
