-45.03283161056019
-0.24324458401507626
-7.584334935552685
12.562102094537824
0.21583880506951875
7.166110255510009
-1.9545965068177584
-0.5123580513131231
-0.2613651900118573
-0.5488776263703656
0.033802327413556654
0.1453478874778011
-0.1612596292825312
-0.07195694722893065
-0.38447524929409466
0.00868130339373463
-0.2901957264972848
-0.0660874448698952
-0.1561130740095646
0.3009632620917783
-0.39106910133141637
0.3218218232918908
-0.6039273131248297
0.40551179108515245
-0.05776785532628714
-0.2722565202672056
0.3177845483560113
-0.012708058446454493
-0.08497650004282592
-0.4452677526890787
-0.07727581580703549
0.22308461027994345
0.37657375279022887
-0.18756600239018142
-0.07015280024611283
-0.4877178075688941
0.29881977841924057
0.3401847405185218
-0.3801718966672055
-0.28462842609948535
-0.17679199523005967
-0.04411181202312631
-0.3787319727728606
0.3747709006789286
-0.03964691884024334
0.06977916780639162
0.20895932774039408
0.05821964042648928
0.06602015953279339
0.1296540716794518
0.3486719362993952
0.14744677721429492
-0.1289849593755058
-0.09601905333518584
0.12167546460176243
-0.1266741656613456
-0.38930405896347225
-0.1973477104798776
0.42012652515457594
0.56738864886544
-0.0779108982448734
0.03683925147929537
-0.3654759667111567
-0.19846837385156346
-0.19927200552015256
0.017602905871151833
0.008945172595850405
-0.23282868001022
-0.28951478687176385
-0.01737003942127613
0.4508382359155289
0.14900769933714975
-0.17422661222094596
-0.1919111206615751
-0.14558923224273196
-0.3111780874744242
0.21813013826177782
-0.29716377706568525
-0.17783497522799452
-0.05629545348447138
0.23004724166300217
0.17971850038690235
-0.016726806056180855
0.522625659045457
-0.04311613147036662
-0.06283638973797946
-0.012159819021415566
0.043534779244876795
-0.17076029653334898
-0.054548022436430116
-0.24182637260836204
-0.17049567202447288
0.33820341564599743
0.007894390735109558
0.13244689086439562
0.22709019491990662
0.28071817677823424
0.12976050991638394
-0.0971365129200173
0.1910598595657808
-0.2311668648263979
-0.22204099863776172
0.26442322541728913
0.3649959911521341
0.31962149705665704
0.4574527022562896
-0.059084928906451395
-0.01080187771147344
0.04003182816377391
-0.1728463243667758
-0.3682288614429981
-0.12062219918828371
0.03466973167053557
-0.46650893031934504
0.12372572247923741
-0.214675774576125
0.0683410056905845
0.3745813702140409
-0.06221214200379047
0.30803347321058455
0.06483481366803776
0.04781140550533908
0.33293845894953356
-0.3271914678250425
0.12394219717943161
0.041003036335490795
-0.16569370875453196
-0.12190827068533423
