106.45855410531927
11.416450233301399
22.49599170687772
-13.97216132311408
-9.176909259245376
-0.07761231113764992
-2.1652622761130136
1.3040327912846568
0.7710524311550185
-1.4772231822185646
5.791557826340186
0.2827985558721514
1.0255894852004428
-2.9098438810216845
-1.1348809442363117
-1.8550204268376167
3.0108987815166612
-0.6114629431933282
1.234638700435593
2.5212273669586653
0.1989717701273524
2.2177753297550997
-1.6612527183335364
-0.49126341934926554
-0.8174380236008407
-3.638650165572089
3.3211084465247147
3.5670806423942016
-3.4451487266289504
1.0418738363825089
0.0761658131227271
0.19031250133959393
-1.7907496665359426
0.7378645119331296
-0.9385955340792898
-0.925807275621258
-1.884233911704382
1.2223388472892747
1.2518753966201615
0.3078536951949081
-0.5774241931306321
0.05889246735829845
0.49031965573610725
-2.5725631230043935
-1.236010500227168
0.7838934399589781
-0.41463253888539253
0.17420424696469233
-1.2999451139536138
4.0426806164015066
0.2894506839175753
-0.24561861481076677
-0.8121326186518297
-0.05768459361468169
1.5436310322424796
1.9105874991693954
-0.5865381113262599
-1.7476165036464986
-2.495924951604221
-0.4435246181517594
0.2792499305488009
1.6971331307165418
0.07151874094536834
3.978947239585643
-2.1247021699986512
-2.7109208393437005
0.32326531415596577
-3.123176117295612
1.3740995577026962
-0.8106915345389708
-3.3283091716093436
-1.8745327638299092
-1.102105080639873
-1.907365875732368
0.8086686648231248
0.394021904474144
0.6582732319350326
1.4153970311048965
-0.9065592570367994
-0.8138799672246986
-2.308894665832468
-0.1038485515804407
1.741015531699287
-0.4084105225831522
-0.20123304725140684
-0.8488948996518649
-2.777000636864482
-1.1312890341028299
-0.8177852841787779
-2.7142518866433067
-0.9013401669809672
-0.5239800024520451
1.9679268688730853
0.031626239690396296
1.8249871198232293
0.24270840245582456
3.037283677391577
-1.317335540977947
-1.9894040023870636
-0.4716319136303259
1.3344650151017872
3.700418334682091
0.32675341166126054
-2.9385443009974836
0.25524059218109435
1.748859229623823
-1.1330376587062378
-0.24514564737429828
-1.2970150295497682
1.1764027543215618
0.9895490292654955
2.078296235134701
2.224727762886333
-1.188866213620246
1.665454060858141
2.3798056737342876
-0.7134223248357656
0.4215001048698581
-0.999098587046781
-0.24432744454885486
-1.0768509661568937
1.9658007336624754
1.376403037017036
2.437869613258182
3.2950263264557482
-0.6079209802769452
-2.0800024554054213
1.3483409619161941
