-48.036341924463834
-5.68456838594156
-10.447910866265781
9.436644674542608
1.4734268265928796
-2.078735271122106
-0.3848237885894214
-0.7329506930275789
-0.056035284973981886
-0.6048821137524041
2.344318951188495
1.5611505063673052
-0.8953650265493232
0.8283023317600454
1.7222904267913006
-0.709430834883304
0.26448168620560797
0.21585918790125652
0.12602866990789496
-0.08526229251956155
0.34578295928947445
-0.5450310850633372
-0.4426119072012076
-0.5803276991110585
-0.7142485395088013
-0.5271405455241299
0.32484101125647424
-0.2813786419782904
-0.068956927833008
0.5834320817400596
-0.2297426883292566
0.02175826876456924
-0.07564596380090696
0.2207988713534499
-0.17512153092886593
0.6376398891103389
-0.12932322326889883
0.1814462357348078
-0.01746301912376136
0.07827668093918976
-0.39483237324116927
0.2432151087167028
-0.2032372723318416
-0.045952236501419996
-0.2753558027379887
-0.025174339929820558
0.06884964929036681
-0.4108290449895525
-0.16428545876641953
0.09005143476435384
0.27978196156614
0.014702157319012674
-0.12375562072564937
0.29968637128530373
0.31757559531917745
-0.1587898579531971
0.3082498606752804
0.13121621672009431
0.14652055076983908
0.1064669892322734
0.05418878826399495
0.11708341337031963
0.04060073602443356
0.33142903773186316
-0.25145083973072097
0.36595935664180934
-0.17378013941475295
0.25791542650660204
-0.15391293383561142
0.06674882954793407
0.09108512610370083
0.05644387594864664
-0.11414505566612787
0.03836036731797033
-0.10115303063047439
0.15829182092932023
0.3188095901960132
-0.11064440229151566
-0.14575511555634765
0.09757895209058365
-0.02869171423125412
0.14049549416000456
-0.12645616034251156
0.14425684390437163
-0.0828034163991331
-0.0026551097602936294
0.16341782270761995
-0.20044465849953905
0.25968989699020134
0.11305143611161411
0.0455362353655166
-0.020269803860615138
0.01898185399314717
0.03838534133172142
0.09334753139469586
0.1953584080740537
0.05894480473959471
0.3836050702294327
0.5148991382994712
-0.11373365858989522
-0.2745812073265982
0.2758327542623318
-0.020551063394763897
-0.10673985426899685
0.11186870298267729
0.23536808524846348
-0.09109405680722955
-0.2257766022208595
0.24630988596561085
0.052028400717040776
-0.2844208227751285
-0.0762132067570117
-0.057165542916135376
-0.06358015213485509
0.27496829483534385
-0.1787680462226981
-0.23419557586471396
-0.30311874033816055
-0.15637874795176315
0.06872182987514425
-0.177919302806457
-0.15124372702679012
0.25338387346451896
-0.28081215662497194
-0.21340659883161017
0.01623354108608341
-0.007577391981252415
-0.00904481177712341
