-32.922612136493235
12.932403388619408
52.850864892953126
-6.097552040147522
-1.9485541438000593
8.697254580441435
4.057063445533311
-2.213155724978816
-4.556641670456077
-0.4289717886556029
3.4548046467097127
5.530370913527969
2.378846149891078
-4.093400207892215
-4.557946629248035
2.424300000931064
2.859785016902972
-1.5330022625569732
1.8514685930417416
2.1497825067213587
1.0854745723477985
-3.4196502584128274
2.401101347051023
0.7027272483154352
4.701737173994264
-1.1817991344551935
-3.9064037782354872
-1.5272340071517736
1.4014116992405679
-2.5150755265796274
1.576976459040068
5.029136355425019
1.8756315423414893
3.4710899320116555
4.02092325511323
0.930872254937388
-2.031653465068101
4.972587815073469
3.0712894747424047
1.867107389845637
0.9339400373862592
1.9441570295069823
4.093875846754228
1.8342209028945387
-2.1330364719458252
1.7942767555729329
2.0958002549708374
-3.5809102506985764
-3.502970799997909
-4.739785650342555
1.2878138836879207
-3.221069727169097
-9.035924664161157e-05
-1.9081491516222953
1.2347022615039915
0.09827623741552333
2.2886166133994
4.532656698023024
-2.177044246486591
-4.502021961422764
0.839370135726937
-0.586991145428385
-4.585212002306271
-0.03906395025531989
-3.935427618686572
-0.19096750782794064
-0.027527371569185624
-0.6108021332556317
-1.3773743694370422
0.8232634168138612
0.7571104779320035
1.0618563919714414
1.0102423409700039
0.6083782826727776
-0.5451496092798067
3.5903779648842944
0.4128970376707715
-0.8871424818774446
1.384262069641016
1.1880800578627229
1.6764364452709162
1.226248562375202
-0.49489829571697685
-0.07694041946532364
1.225056071280234
4.286958982393373
0.6421040699393982
-0.8735739481222958
-2.3873949381096766
-1.2511553125663317
3.7174220418603374
-2.2996188645268534
-1.1850019683813735
4.726241055635506
2.3917945797864677
-0.2782138372795581
0.949879754938443
-0.6294269927378017
-0.7967048577158812
-0.5724307472360706
0.3463102167096526
0.2679284519594489
1.1551866413642315
-0.6419724087475736
-1.5294760834363905
0.003668095005112837
-0.7609188429376015
0.5675406727017861
1.4431479082301348
2.599402555622006
-0.10367375854861227
-0.9458742704532593
-0.2665881381294055
-4.18694942790645
0.5139267796736995
-1.0461703224743641
0.9553846331611263
2.2572303307249055
-0.35564953129260934
4.198773206850796
2.400666643845423
3.222251946805178
-2.4379971322932255
-0.9403465176635353
-0.27149740959755597
3.764152990054181
1.8105092369175917
2.769714831339116
