-22.997287815808495
-1.3937912392954785
59.327942227269716
-12.677690415129014
11.044056129185192
-1.5765323257316082
0.7444880720061338
1.375717388531903
-0.016351788774577825
0.018920550985685014
-0.6238257437805326
4.0975078174201425
2.139738566502919
-2.1801262522920166
0.39259026914608863
-0.6978701119601658
0.4728911302868499
-3.105662422691988
-0.14318640383733633
-0.10495725051310822
-0.16428240293235186
-1.5072955817645481
1.373981364438318
1.6008449371851279
-2.438322696994298
-1.5018407668104201
-0.8145191755908006
1.1185601511850622
-0.565611775782886
-0.034293739246130356
-0.45489076536725526
1.1160971442984886
-0.18716135745865026
1.9752190540699512
0.1314620754311972
0.41956453234100605
0.32674038081527196
-1.3568235050503996
0.8477645771645952
0.02244396054199256
0.5749345966502506
-0.14803248573585576
1.1733540273706908
0.0020683894461718255
-1.513433804660113
-0.6611678449563876
0.11680931236163217
-0.7334061124882285
-2.1754696777138878
1.0886296868802443
-1.297513251623634
-0.5122834347989622
-1.4811813564464704
-0.8772098943770018
-0.9105391110120021
1.322663506291972
-2.467911120400138
1.4897127244229882
0.6261537379216897
0.21209260549255185
-0.6033343550420852
-0.9771864981266453
0.539188422983483
0.8911648006096784
0.5287400931761885
-1.3479252676415996
1.7959197066661041
0.8911298376788648
-2.420242923250067
0.39913291283727487
2.333681927381587
2.2883187846844137
-1.6528922254543799
-1.5578318701321232
-0.18736213741503932
-0.344312227166079
-0.0629098337791258
-1.7257740384150428
-0.5948507667648235
-0.25379150116883165
-0.1524935015146963
-1.524560942459805
-1.1094900108865966
0.7592489619971439
-1.9938114637289481
1.7405177382176273
1.4381506068708252
0.13803813854165708
-0.9688088299147631
3.187978721792849
-0.5137975136008796
-0.3093586773740449
-0.8247702760073832
0.45647359909924806
-1.9090519639547625
-0.980830794167643
-2.307738734609932
-0.04857188457989582
-2.344455652389473
-1.3767416470784921
-0.382357757538655
1.445404402716043
1.533119620493595
0.8681748236269275
2.8014679764407813
-0.07153858758135823
-0.9826383894904768
-0.8564137969415606
0.05798374942250191
-1.896176788816585
1.9108766022031867
0.2019185061494403
-0.14046114995377817
2.186250223196107
-0.795209069329836
1.4845940526060706
1.212651600274269
3.4236985924764003
-0.3359412435514907
-2.0695381988170496
-2.3674170491825626
-1.1009735174525168
-1.2805575142232832
1.7673722114518158
5.004377283778264
-0.369460194450976
2.0959509572218558
-1.2469179291015717
