86.46376387916483
25.577464534196057
-35.888264992918
9.87771957900764
5.903459728957885
-0.46225633150558476
-0.8546471350027216
-0.7725869781096657
5.254115398323396
2.7682554743774554
-3.8598410503776517
-6.787628509180098
-5.605550448478575
-4.94627390436403
0.14054288700310338
1.2105530294761873
0.5975124248744967
-2.2316212633118147
0.1371493328973761
2.478444035705907
-0.15064029178853933
3.6048764926921266
1.1762600700204386
-1.9000634885881014
-1.4634320677242982
-4.059753300949777
2.965570883132308
1.4384501590934429
3.5771465944605136
0.8239225244681201
1.3238239440781925
0.7018605226025325
-1.8411902821769368
0.4763045835010432
-0.4245196721855318
-0.885674452695904
-2.5762914988034566
-0.05756677989897192
3.3877965920386353
-0.2977490335753379
1.8116144952590196
-2.1732489806511897
2.570057996436178
-2.9120227645003602
-0.7096489473828979
1.362261633797119
4.08812939819804
-1.345009972076785
-4.086743476268455
-2.7020999147842186
1.3451289865411318
-0.7451912623316379
0.2009222698597636
-1.4883033365483798
-0.053622427754750346
-1.024778966081688
-0.8155670304117575
-3.374676286453301
1.157330483817087
1.113372784493408
-2.7606837091520813
0.3509383061125904
-1.3573258504114272
1.702481840102804
0.15241785847506975
0.14137718883402062
1.0851302168465033
-1.3849555093250778
-2.4728349396825524
-0.33142272714631826
-3.2247577055059486
-2.3099105274816294
-1.210142024590513
-0.5577018593098276
0.6579420562501087
2.7660269072579897
1.1401057134290549
0.5172631182145567
-1.5496681649098314
-4.509408479591803
-3.0189221347089634
2.4638872852290836
-3.2515260734071947
-1.308544285642382
1.7587660736772808
4.659650225843125
-0.25316693513807204
0.577447808234475
1.633516196154354
-0.4980576702544426
0.2151562581446428
-2.3534623925051394
1.6778209990848862
-0.6399319858334893
-3.4998658664846554
-0.8243742896491643
1.1875193618952589
-0.5894503468605083
-1.7549910376461044
0.7941285775133341
1.8768710210614217
1.8152106044862344
-0.9877708158837211
0.24433362217557258
-1.7703008439020629
0.03225468650871899
0.23929194118301134
-0.5393324553923935
1.8496291672817908
0.30137785045607923
0.24335743763523632
-0.8693576957435158
-3.4526229966657818
0.6365032872272914
0.5106707813846466
-0.8066762926605641
0.5442699519719464
-1.5207809053199604
3.658892358680729
0.7605591487458557
0.9270835304324838
0.8877489745833097
1.4931518876088437
-2.2961581807809335
3.2401591487477854
-0.8473094511686423
-3.1919963023210216
-0.8876993999166987
