-46.98311341501272
13.626789227765466
56.30354192651399
-1.0890125948614964
6.674887443402522
-0.4908242007388963
5.893781026611252
-4.744124104376608
-0.09682412775826055
-0.12614145560534562
-0.1578349290833097
-0.30000924566214554
-3.502958176134273
-5.407845494523289
-4.792712005301041
0.47568990356268637
1.5618429837543393
-1.911125609634475
-3.0905537899539293
0.4638954831650231
2.267982279801321
0.14908393062653805
0.6273163084962676
2.7930856706236957
-4.3830274542696195
-3.1037215076958944
0.5087959751508578
-1.8332466318136036
-0.9097774822262863
0.7336383647090156
0.007366519800467035
-1.826538845489248
-0.7264986343018893
0.6801565862776391
-1.3689018615916901
-1.9097496131008613
1.7086937844622858
-2.5383787513174
0.5062643561845583
1.6572049751791953
3.491354311977268
0.9175784788961784
-3.414715624986967
-2.645212918658598
2.211092468524512
-1.349144064254211
-0.4445211496417366
-0.8781253848879539
0.8450578463640804
0.9096951482164102
0.5648853991951597
1.315178074298298
-1.9819541229696171
-1.088531351243023
0.9226605703738571
-0.617274453432663
2.022094116820045
3.623311799969676
1.4956264026066592
0.24029463927452904
-0.07962669043284809
-1.0361757633351154
2.530847603103827
3.1937454632714197
-0.9640845302121402
0.8554946082026833
1.425391695336243
0.5724604066986476
-2.2238537406252967
-3.1181367415187764
-0.4944193832792951
1.9385087429062975
-0.22392486660428526
3.929834814881127
1.8044484030800394
-0.5479115800623433
0.16188012027590543
0.983641969383303
-0.8508231687515542
-2.1443707173413693
-4.426720656450746
-0.9766340381367133
1.3142626126826564
0.30152034349791157
1.4432317069814586
-0.8198042362954898
-0.795480044324244
0.588051468167393
1.406067352658252
2.141674345124357
1.5186615760903126
-0.25061107917951564
-0.8465966177071368
-4.190096810735418
1.5442306773415513
-2.6034736800946705
2.2915346986798744
1.74466890017459
2.906397251626177
-0.5542414082741622
0.6811199012938751
-2.653125131540653
0.6750423669553454
-0.05270586334612544
0.1751564876211513
-2.7260769415103336
-1.46636685393005
1.1963878798180763
2.9336982346174314
-1.7787864233270476
-2.900913653559532
-3.006263637086435
-1.96860769648322
0.5394119634996357
0.6598917077906955
0.6216256978840298
-1.8396008544731615
2.443920637912366
0.330595289794898
0.09135252088695478
-3.562501159018744
0.12908376640572994
1.8273684953376246
0.8906519172592654
0.3797719384960834
2.4129185654043073
-2.315527063476525
1.6557795385481024
