-42.12161385157614
-25.213972885852346
-18.925859370175438
5.739248770222461
2.368778807031711
-7.273714454743372
-1.8139344326469715
-3.1915056297921853
3.8104626803116055
-2.4924748737070477
-1.7471691126465507
-4.200159706431393
-1.3496138062818763
0.22937204218257579
5.458083029463846
3.273600391386387
-5.017982884250262
3.4419288055084616
1.7439833484815321
3.0993327564262816
-3.738844478860151
-0.538553067987571
-2.4246835667649367
-5.041454860366242
-1.4940478962511068
-1.2910112203170676
4.112914445347538
1.9487456704132489
-2.968559533771037
-5.110279127515162
-1.9102555795281468
-1.9816595612417833
0.32185274825984983
-1.0917803580162113
-2.327264602865707
1.4211637984479852
-2.3373019145708236
-1.48727340649709
2.3666154474264673
-2.961282865312687
1.2630000385290217
-0.9455656388154777
0.385193586798344
1.4742098216422397
-6.005908349978537
1.9232056232751789
0.7883146133539174
0.12175172883251731
3.079753204296267
-2.175175422646256
1.0027185609288876
3.4062536526759555
-0.3986982545555839
-4.976760378675485
0.8536145665258903
-0.9780410401585479
-0.14256428137720326
-0.20880009875138408
0.5242812999852091
-1.570780768367062
1.8298614403459237
2.3108242495126308
3.1345050580399043
-0.3774514855605382
-2.3360722724257803
1.4101656421029045
-1.3246697289273657
1.302953235422893
4.829390862491084
-4.729214593443468
-1.315455341548412
-3.5455852928566145
-0.8267613782917173
1.1909048974921281
-2.3970945973581954
0.12258153407962788
-0.4029171857619705
-2.8508236219129857
-2.7164092198250045
0.3966638537691387
-1.8689067046259982
2.0776907166003196
-2.19763576147413
-0.4169977150205182
-2.6756058022299283
2.3352014969889794
-1.2321669721051616
3.698608787977323
0.8742008604408277
2.7458760845021506
0.745115417542623
-1.516742644179901
0.6449484732210979
0.44913249469846134
-0.5415669724664772
1.137525660712157
-2.176435040549422
1.0327323340383991
-1.3695831473967908
-1.5075248302823347
-1.2455702181460866
0.6152187193147973
-2.2652961435114274
-0.3741775035434825
1.7894667841871745
3.31082031749269
-1.9091497501482078
1.6178531322425198
5.8867688533239475
0.31215846810933523
0.2340371064494393
3.4568798268052556
4.207858159327064
-2.243529124798301
1.9665644648486091
2.703140473835876
-1.1281436935780087
-1.87885547696316
0.18863230187609897
-2.4234657735438225
-0.8268843771000175
1.62112657106636
-2.851928116443691
-2.7952166832614775
1.3257696113892876
-0.15702388743026485
0.9245953768342429
-0.7837270513381467
