-71.39602649594254
-0.16569510795763281
-4.9586971825044515
11.274628579868212
0.13096147556840504
9.077236901186948
-2.1181457404930555
-0.5093990802416501
0.5926633029681768
-0.4229694460937054
-0.11282167174131132
-0.5442743410074081
0.529930387909112
0.25109129879831504
0.5356353479011752
0.7768969387158717
0.018700981986279674
-0.18415087772676944
-0.37268092989154217
-0.2552327537957024
-0.40225415043986174
-0.04752535892952972
-0.2508152743269023
0.3408189596276301
-0.43944424019482464
-0.30209338086912835
0.29930224118296356
0.29696615771210527
-0.3586632652913329
0.34035467682693804
0.41568084943329964
-0.33653302473450464
0.018025775540617413
0.06520775091751123
-0.14375649282313918
0.10676357568267629
-0.18466716155108748
-0.24337019353714529
-0.27123626129686185
-0.03291984145460326
-0.09812196563747526
-0.16732783367402185
0.18808523181112236
-0.15996727052338613
-0.01711050446378625
-0.10952846447214867
0.05593645708845957
-0.15843691420085362
0.21053550089983464
0.25497859690313646
0.1562782763426619
0.23145443668114785
0.048425038237602025
0.20610573888165165
0.32957225330536066
0.11615369209285056
0.0138334185379961
0.041067255805571946
-0.1478364712168384
0.09309044799392467
-0.13760921401315301
-0.3340687453708493
0.245789056692234
0.010175131066205212
-0.23951554658587548
-0.12712852484831905
-0.11148568901672354
-0.09793772102232941
0.17467746199549733
0.37743539463988485
-0.14772356738638864
0.3691521240673076
0.0628541730804775
0.01338738293775859
-0.041117494760321
0.08760509257610381
0.16778442562187393
-0.18098736366159524
-0.2625642236292774
-0.3419504577833306
-0.14148038547008188
0.009910673377959991
0.040374849261573816
0.033133817254925875
-0.10920935494085532
-0.10949762382831045
0.08252547414826548
-0.2487764256439367
-0.3997528294570709
0.02500388074105621
0.09204138650740837
0.021694401814620803
0.19345255448281526
0.08617407685491811
-0.2668943684257465
0.13524864734511427
-0.07944643465567583
0.044700878397862104
-0.014406001618750462
0.10555243499349763
0.34638356738185994
-0.025534873932339282
-0.020800932613688206
0.2147493203028737
-0.20875177516850768
0.13295788643656586
0.1804716611563189
-0.20274510346235664
-0.019453094809744484
0.26582877981823083
0.11660445433789605
-0.11852046439482426
-0.17342691634059076
-0.20764103745861076
0.054919251957480514
0.27036153960838794
0.03011142828811921
-0.18104382726772172
-0.012092886958207892
0.19683716224282496
-0.11986356625587063
-0.03673669160852001
-0.3105783263542579
0.09155568474340375
0.14665207587261
-0.06547727541770941
-0.2300256043854485
-0.2947448783342732
