43.52130596761237
-60.10160611899567
-18.387055005418425
-16.200679992350413
9.378606059286524
0.4872245524007789
2.5853413609506295
0.18341134047137791
-2.558808067834335
-1.0868670697974319
0.1899942920628563
1.1797041717848273
4.425868252178031
0.2193044844649542
1.9057949374772967
1.7579680906826975
-0.7080060110640463
-1.2602826457197729
-1.907767529510468
-1.352278937980091
0.9979740253828533
-1.339531355443721
-1.1533736672010733
-0.5873542410235327
-0.7485630557561772
-1.6208527813983042
0.4312889748553415
-0.18767510056508088
-0.9932469283509259
1.4467947772814753
0.9462673478508841
-0.6899978923640938
-0.006228351096979362
1.7123507580522324
-1.3618490863442967
-0.0969358419664999
2.7263719792818706
0.5845481956490928
-1.6665725227806998
-0.1154671833547424
1.716248733527373
-1.2448684444814047
0.405012872717733
-1.5843022272290548
0.10343016157635893
-0.6090082509783501
-1.1798406413193576
0.1340485318262143
-1.645352481264223
0.9971196499042125
-0.4926961333931032
-0.3241856527168892
-2.330560640402117
0.3401416262413182
-0.19937494039063036
-0.011556628214471454
0.29783459519607725
1.9319370562921425
0.05908270471171731
1.12030695854438
0.03922516043545639
0.9593889124675063
-0.7360242647081643
0.9772870908702052
0.21023625780426583
0.2057345886860736
-0.6972044701354587
-1.188835515014334
0.1640458486975142
-0.16901391451280698
0.3717241585811951
0.6698082727661723
0.887486878884726
0.23016882072079622
0.13025153522215088
1.1604248014788965
-0.22461894811494115
-0.7619854039678623
-0.09815915198201068
0.8702901944913141
-0.5142862639734906
-0.5112065431430457
-0.15784575748373447
-0.23560778387981202
0.05049300290311893
1.3364855109562561
-0.7610154080413357
0.5830497213687605
-0.3510910772442961
2.2307473798031503
1.6238471682830153
-0.8077993930927624
-0.3992806521351696
-0.6529992934905994
-0.7453217134908103
0.7172871910268864
-0.6723942333827329
0.4354507634610839
1.1343232833563661
-1.008247548424414
-0.694764313394596
-1.5124416875193247
-0.9826358496823978
-0.331390208090588
-0.1513452935442311
-0.7431116064418927
1.3501118044864704
-0.8408028942195404
-0.3369676261193283
2.7708562157750833
-0.6473713676798913
0.552104014190731
0.4860049879841891
-2.10018443026971
-1.274643561983213
-0.7924949753748953
-0.2555380494756413
0.29941041381482436
1.3209797737025086
-1.1092925205278623
0.15732604797155053
-1.4378889290163408
-2.0572199889855383
2.726624282199684
-1.5912967640180666
0.6000522833380901
0.2924473637638903
2.2642172526276445
