38.52329752105206
-53.78287210560337
-11.044736463681852
6.286404053774026
-0.7088667821535879
-0.5311667885835782
-6.202732294347803
3.2304639408748974
0.279347089390153
0.1980609182864246
-5.141632360541825
6.921332371086728
-1.9907388969391422
-1.3535543933939866
-0.06257127202611068
-0.13261596219998095
-6.17341201284427
5.732072112611917
1.011229337615769
-1.3671339397823574
-4.106296869840957
0.5899223491491145
1.4499965604011646
-0.6554027939477058
1.4127877814314291
-2.4613947782394523
-0.34916632003081477
1.2616912892677759
-2.398350402364155
-1.4293457840709765
0.32150249288805177
-2.280520344793216
1.526483356563484
3.0470900770617844
2.8920639072297747
0.29337479856191456
-1.5110652333357415
-1.9927231362504625
-0.679428561831603
-4.512428747340907
1.1151360235094863
-0.7650858434072887
-2.2925723991975078
-1.6905103741235765
3.1441045102704055
-1.7408903833705107
-0.10588699493835842
-1.59241708335163
-0.0034114694346729785
2.861027730026909
0.6517719769605099
-1.0378555384805155
2.8750626117201996
-0.9059576856795066
1.7839603758433455
-1.2539797099149639
-0.8978202402380921
-3.7072343183989114
-2.1957583616990504
2.49352656158427
-4.577466829441678
1.6018465556215669
-3.5885811208392697
-2.5798443097268473
-0.824742595081963
-0.3642054331431429
0.5564450956229307
-0.44639960540587054
-0.22558972677882735
0.025633061827561143
1.4225147616045979
0.8980897599497668
0.9650798653417363
-0.6033001473497654
1.5855664202906694
1.8443378431433528
-1.9152395399548734
1.3269280522143434
-0.5812194337272443
-0.61654010081389
1.3697959298981208
1.1458036791027086
3.109412763453862
0.20949286242904616
1.5415851213442937
-1.6704671042838755
-2.511271701920279
2.0534473875557215
-0.6695610243459374
-1.2258163586637634
-2.170809959952869
-0.02501272913359548
1.057564766028785
0.015413577925980665
0.6095763063250819
-1.3032339433007316
-0.4268936200131301
3.9813650592447605
-0.4156662457412241
0.5119704982665058
0.5030366842246083
-1.5854235577413085
1.0607913999362637
-0.8101624106477008
3.7477777542759036
-3.392529389882572
2.038018135488888
-2.1819247461190274
-3.752029512416933
0.5113019745293639
0.7627461590464131
-1.0120091272478122
0.4328368306698109
-0.27784283221109657
0.023496109497964185
-2.4255311974292217
-0.5640239220075404
0.5102472064153819
-2.856808466850786
1.6916388296270233
2.960330578810297
4.320454244884968
2.9638324665773292
0.8030854570969311
0.7058988310994605
0.20657173480473207
1.2451381466355165
-0.5868885816205173
