-40.11697066320414
-1.022217462858909
-2.496260351555981
-15.80719739436654
10.528731280166504
-0.91108252338199
-0.4010706577003714
-0.9682015065100724
-0.5901237602572205
-0.018762673464763374
-0.14464852481644483
0.23237627315279666
0.41147862965782256
-0.03874051816404191
-0.050576759294941986
-0.102858902854408
-0.3453172669611539
0.17506031399520153
-0.26999550840422737
0.1932246799646093
0.22375618816279655
-0.14721645033257172
0.007894476339356082
-0.10076405008049105
-0.3714735014544863
-0.23766375593377262
-0.12855755977543795
-0.4646076067824232
0.2663200267086319
0.47817001475773546
-0.24735653766641896
-0.34171934087060946
0.5969575693445348
0.21354994149108572
-0.12358377042592034
-0.340295653029269
0.7741566499317383
-0.21083506560757662
-0.687868625278677
0.020579826094280378
0.9161759904717074
-0.6369768435541162
-0.4439049933676138
-0.4628888965521377
0.27045148874285724
-0.5216193672868678
0.13248394642770792
-0.06826338858027538
-0.028008548566643917
0.09092514793157294
0.2478343236104131
0.520136662045971
0.2938430193000526
-0.10507638409985037
0.0888826162048591
-0.3014167549807489
-0.4487760164319338
0.17887690433957104
0.031924512975678
0.5829740588061688
0.002429010665955453
0.0918425780319576
-0.34128234732801555
-0.014284170330974247
-0.6220941656444081
0.07923258781456374
-0.1025336226876988
-0.7861813439446331
0.5967887384946601
-0.14079791398260233
0.447947461147472
-0.0023386417026813877
-0.04861242576902283
-0.16624487056700482
0.09529498459949058
0.2543979309383806
-0.2701923189112544
-0.4885157266511396
-0.3687689230410587
0.03437284545390066
0.17170468273586545
-0.06909491285271796
-0.2757063731402044
0.08246421790276148
0.351352201824865
0.11712671194039219
-0.23394060013149062
0.47672660818573753
0.04424117272561967
0.004716903410256707
0.015011525661220312
-0.1305063968913166
-0.07305081456035971
0.07095532106175294
-0.09591822610208074
-0.10906539310931108
0.011377453732494268
-0.09859685000817392
0.4003354606235326
0.03423840292932728
-0.3464546121233534
0.21607565273555387
0.07501239542692564
-0.12158220067731856
0.08289207359010067
0.004328370575987998
0.2648085727229892
-0.03173354132485483
0.5189197883814529
0.43075170745098684
-0.15410845993405084
0.09950968460013639
0.25369792706117705
-0.296383071761588
0.08900656660210926
-0.12504618022422415
0.22366109653289293
0.06668455416465677
-0.04023519729923812
-0.13428583839822483
0.20646448432526437
-0.17957512593484426
0.20976544947562498
0.21133830902804093
0.2606440737408929
0.06739279276697174
-0.1549673926841771
0.06619884885390162
