-48.57560690529947
-4.763671915466591
-9.751067628800254
-9.11342651131381
0.8722947829953555
-2.5087243200023837
-0.1300785106524086
-0.4124301101143173
-0.5935939021153571
-0.7115140891756653
1.7023674665650368
-0.012930777714079633
0.36095844082890327
-2.5133500891351424
1.0929936787836676
-0.39163454346250415
0.514375361199335
0.3822264845786522
-0.6406879458784742
-0.3866506993530176
-0.1415820911971378
-0.6011891081756007
-0.21088367072752645
-1.054895937705242
-0.21718592569447745
-0.5039356896553023
0.39798298609781874
-0.32897561937045156
-0.43026852839210467
0.0076127376673279235
-0.06874903738670607
0.011960709031377442
-0.15014334897968248
-0.11279939332925808
0.3539978680106215
0.22444087328997825
0.06646816011842342
0.056437598916915896
-0.02773015638144543
-0.2737325832106092
0.1283820187858082
-0.04507890360219269
-0.4327558056402354
-0.7459324616614249
0.28028627392095457
-0.13123568074980413
-0.0385805832281017
-0.06564159391067209
0.3796159918815892
0.0738396410548956
0.12515594059217444
0.008597816888722352
0.10159765575229425
-0.5348252235342829
0.19585808051624592
0.25348764650880024
-0.01570792507586371
0.1861098639570996
0.5625783554923135
0.257861305174341
0.4325911136821479
0.6121212929775822
0.08773949074981924
-0.08326140716476718
-0.18390541942268457
-0.09506322647351292
-0.3634388247356108
-0.35046876691244944
0.05424789691033005
-0.03628060313510309
-0.06937991418809955
-0.033635968099760355
0.4395651726653679
-0.26166959574178883
0.5209308919571991
-0.23079909567319004
-0.3028456939382128
0.0989842642081364
-0.25308591974102124
-0.024733147028035862
0.1765963235261327
0.3484740523251666
0.15808478604542708
-0.049353105597551274
-0.48887165740400385
-0.11334032673889287
0.04751224559820641
-0.05732104777713393
0.27560286940512535
0.28494800811939675
0.1323057591045148
-0.38704767348716906
0.02225413214259639
0.07742708820566689
-0.11824750342601364
0.04088739749829926
0.26161908432796344
-0.09627704916501302
-0.14937625417598538
-0.20089890880323116
-0.37993906014589773
-0.13349426426229477
-0.039165312748804776
0.30513178103911953
-0.01925113421469274
-0.031477353777643144
0.05088026852848451
-0.030369692406621913
0.10259370107856147
0.09687071771683725
0.18530166582868213
-0.13219106335275838
-0.1536123037364777
-0.1567549788283003
-0.2483622521171643
0.7252389636288992
-0.20576685014264853
-0.2964108803148096
0.3489449279733293
-0.04154107456108991
-0.03373087804992664
0.1695472556474019
0.285810349785348
-0.11611913072508975
0.03438822378981202
0.09154845239036466
-0.04245010858367319
-0.32212470599072646
