-45.11112803240518
-0.1854024744944436
-7.514784298968661
12.198211133024053
0.04196484862559763
-7.621513127046192
-1.616259624057908
-0.899948887552278
-0.28645575006152724
0.03703949224451694
-0.26767270320942693
0.5341984220396367
0.45805636766792707
0.313439403701442
-0.7640318436324454
0.0846130473579456
-0.4197236257276615
0.029478582228369014
-0.25871645982972175
0.09581676729715527
-0.06917471881067709
0.037628646804895985
-0.21294845670124626
0.3870629273376831
-0.20327769345478733
0.2483247043480098
0.5374355918591902
0.3410904789828229
-0.03393300261590801
-0.16716030804085732
0.14692123370038554
0.282458811065434
0.04761507893232693
-0.15612759388644795
0.014500439712267693
-0.4578624214272423
0.1534826184659801
-0.27807167089636503
-0.11952269758203826
0.19528397262590422
0.27851652111146313
0.17053090308969976
0.15252206578327093
0.08582738691858563
0.051104529211092944
-0.04710281843598726
0.15263604543670656
-0.0409207580481719
0.5785713539614881
0.27852306857900133
0.34013984087219595
0.10706437429528778
-0.32117308303635017
0.03969768644397421
-0.1507511170588782
0.28763943608381703
0.18147260854383124
0.011355325955447387
0.005479608503261388
-0.19630243217426316
-0.010142049315123552
0.025673993498383896
0.6342005683275685
-0.12838289853789486
0.5199053184386797
0.2935726894550422
-0.18856854218062902
0.11904145493027285
-0.20445893167051313
0.29340556550194674
0.18815049988990729
-0.14296017268453093
0.330180166102041
-0.15406220194015802
0.434978910501418
-0.11512074092225094
-0.27759996894322525
0.22256798480077677
0.31650044154168455
-0.14907917091896505
-0.049530571515190046
0.38534759568300964
-0.3078987105062847
-0.3295601249668474
0.18115099564591658
-0.43317933085567395
-0.25791784093416525
0.36868766750848975
-0.15406129040406466
0.08190637133997314
-0.5057649657777894
-0.22938597631039775
-0.2577592414378832
0.158353127265637
-0.19613166087150508
-0.07571523255667129
0.08096339156468585
0.16842047774023475
0.06407814696478031
0.01005004686613643
0.33857897283771016
0.055676982846424306
0.13482433732064264
-0.19834848970318628
-0.30819246921459137
-0.31001876716630816
0.07925371624336344
0.11574810293241036
-0.16211822645308036
0.09517181302170324
0.3172260102809251
0.039115990439920284
-0.3930321217608648
0.31004990844315056
-0.24206851336787982
0.27162614885241776
0.1821340294876249
-0.14739162567728353
0.016726466587652745
0.004264993820206786
-0.330172872365504
-0.03987951201264606
-0.14000734176227586
-0.1391884203146463
0.020945776977775186
0.019693118440102093
-0.21996776830072062
0.1236460573203344
