77.30365964940255
40.554728157614704
8.119142871446424
-6.080040463268347
-6.685903820625127
3.7814642041960855
5.823618113099894
-3.3910543783897364
0.9732463146438456
-10.951043957076337
-2.2459266269995695
-3.5701180166174473
-2.569823708085246
1.7061325837221113
-0.31463041786385526
2.5252876463886307
1.0684458871531899
3.3335022883490497
-5.681149943913178
-4.358507305125279
6.326894119446545
-3.1299496303445884
-3.2460360776728194
5.631544854892165
3.504063723663817
0.2865360898470757
3.795704565287888
6.09364964867135
-0.4878803907343891
-2.8745555708440613
-1.433226204674174
5.789865360372228
-0.4651975246940168
-0.33031155108937427
-2.007756124324693
1.1958703720938235
-2.093569199228267
0.3934302533452801
-0.07354862164926863
0.5504187685264827
-1.441069545923145
3.8969705099308536
2.5990264230904208
2.890803063111772
-1.5249609708598229
2.809088143375813
0.5019949713010947
-0.8928311113383886
-0.38255256116647063
0.3660788771448359
-2.6478721727146217
-1.6608357583618134
-2.4961510974501393
-0.7406105742811964
-5.438960723458011
0.33635344012542906
1.6593713860210895
2.822638165576962
-2.309291474139521
0.5067981336362533
-2.1489198204547235
-0.8708052868822175
3.4313531352780284
0.6144160492959398
-0.4930197305674768
-4.7985608202911765
0.4171948130852932
-4.644562927518283
-3.0158925005530164
1.7771765709343235
-1.3198017498443124
-3.5315067460875604
-2.4839901692326687
-0.9252604920809826
1.2256670366674856
0.4760552887101912
-1.9612744015973456
3.842513442319068
-1.4796745682577783
-5.538921171699187
1.4183319645096566
0.4148898893600157
0.4106675197367487
-0.1530247850055991
-1.775670302561289
-0.20136065470054226
1.8252776636018206
2.1172452608986236
1.5009708054835156
-3.7144538181518536
-0.32573200055084195
-3.1231342258279056
-2.3996426965776583
-0.2874305288934128
2.4635372178586397
1.2005826188234279
-0.09098534416534497
-0.5901497332992574
-2.8173128005525334
2.9530893935704907
0.765299118946897
2.7999776449578913
-0.020179598797251827
1.4001792955972028
-2.9481692247555253
-2.4626690755739857
-2.0065501295823296
0.05265230851427058
-0.08018288546156055
2.224860771927974
1.0983468786559327
0.2833810103199029
1.899719736162017
1.651410937411124
0.3298781943481785
-3.033260204466392
0.8388339093067617
1.0303426706081116
0.76967245369513
0.6514905521067132
1.1258491933947123
1.3070218054381502
2.2066323732444433
-1.334442560819129
1.3429293048008022
0.7231323498392641
-2.8037640965877277
0.03503973467788456
