-40.60979778549644
-1.4645500692003288
-3.1946429665114047
15.623548919023992
-1.0389925043276633
-10.37044844347824
-0.05533109059171551
-1.033520518566502
-0.16580298544599129
-0.15027200610818786
0.054994530553994704
-0.28254500242509517
-0.2333393894773747
0.08850019993467846
-0.06784387218246574
0.5138572947098003
0.4627578244008456
-0.41384037584072414
-0.39345422361131194
-0.13898210539132505
-0.19373850956825794
0.028405067416043414
0.13313724945381375
0.21798660547915638
-0.017611617184961043
0.2895079094859683
-0.23305513865825725
-0.00787730948217847
0.15456954782192206
0.21685038313459562
-0.0653903829269393
-0.03586273270949998
-0.04803813943101892
0.2917167296836014
-0.3258005953808682
-0.19661449858022914
-0.32750407665861636
0.33963737222280277
0.16710176884008637
0.6635791157231614
-0.3919217856195905
-0.2608979784935398
0.20604034437626798
0.09557447609516234
-0.13904700540077392
0.0042405432553280775
0.11852034832491763
0.3817733878582387
-0.2735905921381086
-0.018505109382581333
-0.6282837825028015
0.01583665231659505
-0.047352763470555476
-0.08867288063473446
-0.026411090879732136
0.15691675594748217
0.007172059490383312
-0.2489734781629135
-0.3371231833957726
-0.04719796840869449
0.11630947032371562
-0.48531400739088093
-0.1716105664492848
-0.0349372733857416
-0.19327770679331607
-0.2792413264155077
0.2051892826614538
-0.040642091165975745
0.356060408833538
-0.09316242845537749
0.18665910714251802
-0.03118332790646755
-0.14752873474040623
-0.13911628754806593
-0.25692656315899826
-0.073063125179814
0.13385483222204012
-0.061974931477567254
0.1979998814564
-0.2966665870508124
0.10688118102479281
0.0992623162547138
-0.29465596245535425
0.5102041450838203
0.03274738232823367
-0.4190927471983356
0.27282952002746513
0.20717843037551953
0.2592791271010454
-0.26843280761908195
0.14662924322691356
-0.0710175291002693
0.16029577510241955
-0.5278715792532516
0.061807900721796705
0.6761118103092556
0.19101337972039417
0.2409801159621473
-0.23388372774139046
-0.4127506469627434
-0.24637427155595681
0.09381705960466817
-0.23834013043336957
0.3127300167360829
-0.3937775175499708
-0.2136814316636757
0.1031861429052725
-0.12055901105968328
0.6078568596008637
0.1924071091623396
-0.10110077974500878
0.09528513161457182
0.6806888458172884
-0.29274217822495613
-0.286035143363639
-0.1229352897795451
-0.10421452279708873
-0.017477938568942603
-0.12360061864744623
0.4040789898442903
0.28590229488152963
0.04041581226416068
-0.09296309942753145
-0.16171207049767009
0.29933751644788925
-0.010372430914123373
0.4216888299078926
-0.5608939720622003
