-45.91759354249394
-22.846018750100665
-19.760225747436426
6.838284256030222
-7.0590820520177875
0.2415017423154059
0.7311706409580023
-6.237250793822841
-6.364561544284774
-1.4485626235248579
1.4657818007965742
-6.454050976805696
1.3735177583176377
3.045550638162229
2.8944563074484417
1.7428582663255046
0.8110151282234984
-0.06348187113048476
2.1591927698052396
-1.6353709257280962
-1.239128280415395
0.21809115817431363
-0.796654704419763
-3.143911858848313
-0.28378911914500354
-1.6793760615948021
-2.2254468494976445
0.740825816386785
-2.950664461263601
-1.168857187731849
1.5907423634770006
-3.2932742210898582
1.954537268121793
4.892814618913185
-0.9898274996981412
2.181418190702211
-1.9043539390321393
0.18641944447431352
1.4008723591592538
0.566364258064237
-0.46693043519586336
-0.9433826061092382
-2.047275838190024
-2.0841294721374184
-0.017249719828382006
2.3997499197997914
1.980165917034769
-1.7821183569052281
-0.34780401605809613
-0.4247819328750484
0.5723949365562189
1.5631572685362904
1.5493724267080269
-0.9596825014753048
1.3320972004521618
1.7701695168044447
-1.576762119957651
-2.2086129020783116
-2.212901635143159
0.24101971608183376
0.34408474115532184
0.3630612446178059
1.62093084322369
-0.9840866064423829
-0.2291062988147738
-1.8958414610257328
2.200013875898589
2.323073532872595
-0.7592078759342341
1.3255868877960306
-0.4533803200627694
1.6536941739131008
0.8629588522388415
-0.7420131941314232
0.5734313482040524
2.085875908077265
-1.011965830881501
-0.07642093493403139
1.0325626480990977
2.0909407055248805
0.0442505750845717
-2.8475104543827836
1.90866818202599
-1.0072017865683534
0.39305189313231537
-2.144537161554741
1.2548236317506054
0.27851491356753244
2.4175108711949727
-1.1001930956736432
-2.0229918314444557
2.116060080017535
1.1783945892972918
0.5109145166507206
0.10491646577061989
0.5413488768955494
-1.4680008761987564
-0.2555997382685202
-1.0588193029144268
-1.4518376160291977
-2.292750364003956
0.6754715890441715
0.4729757058991766
-0.39795016672526906
-0.6784550505138355
1.856599324785997
-0.8168690055522123
1.865084341072793
0.07632511824761187
0.2089209197636082
2.324197339610493
-0.8279010572412309
-2.031738246554554
0.9927355627646883
-0.3890624296742906
1.8243708246545907
0.048430863741517366
0.21702282464798356
0.27268745806702227
2.0835354416486136
0.35653846015144985
-1.0244840261426098
-0.37602921391354693
0.2965091188315162
-0.9245792045718718
-1.024589351621114
-1.4033671016058222
0.6961957710662148
