15.546614336976441
-54.67788467777349
-22.57763730284369
10.432814351273228
1.0343931307136942
10.545776090306042
-2.4351708997009798
-0.03827536366704021
0.7480783717884396
-0.0534524902820376
0.5077146563321518
-0.4108757137676756
0.2956641644238988
0.40192752960034045
0.6431139716587335
0.6189557677188975
0.40971013659468314
-0.19598000702149493
-0.6648545642066697
-0.2079164608285018
-0.4299132161444598
-0.0724013363229307
-0.31549739553443445
0.2864225140927133
-0.17865232173385404
-0.3496431576296151
0.37984396706959045
0.6639266611361405
-0.3598786135080365
0.41925474749794406
0.17792338970525928
-0.2524191675759149
-0.2266739539707676
0.05997351282245646
-0.0135489080136008
0.1207972670017971
0.014765770849860064
-0.15638978150348412
-0.18579349373650061
-0.02974349529453671
-0.283660385411403
-0.025849243191152282
0.10907248805915674
-0.1754308576100504
-0.04418979837537211
-0.08428261946823316
-0.07262543803191074
-0.11828584664953083
-0.21236285696622173
0.23239464262106682
-0.0001303782385002894
0.48934460214891085
0.05914909873945638
0.03178168988715596
0.2738799457734189
-0.00756205556354312
-0.1797320398448046
0.0732915991570891
-0.36773557114706823
0.24245847818672378
0.057778674040801975
-0.19103942492282602
0.3519324775880879
0.033155906773054904
-0.24004857349017444
-0.08035701979924617
-0.2497338436134635
-0.18946981813630037
0.2833996517159654
0.1457083082171915
0.058615693098255435
0.14196118887543546
0.012233451756467166
0.025438158548980343
0.12525112202868904
0.24231523986759534
0.07702846891025028
-0.1436176070452973
0.148870312360773
-0.19603089408749602
-0.11429674130686013
0.047077952311935026
0.1858026266793395
0.28336470087338855
-0.07076167594249859
-0.2507754946666553
0.2739660043076499
-0.28724738794766425
-0.08744763926440824
0.08651511389851704
-0.07325120601135231
-0.07160868004707639
0.3402837375761313
-0.013174986565100702
-0.1619262566371782
0.066585177848426
-0.3307469522362979
0.2474841016160448
-0.12072006259046911
0.1230652788102172
0.26873648669904643
-0.40953346992302525
-0.09309510918405903
0.15394774858276103
0.011605678204163042
0.3022949552322291
-0.0685460258852625
-0.34837956831657857
-0.08672307836316787
0.02713621969665428
0.33473340201838986
-0.08586276462912576
-0.19071185358814907
-0.04725793568730248
-0.04756908875668313
0.15792482323974497
-0.12012407757092032
-0.046214349843390345
-0.08556275570531521
-0.00660519269037764
-0.06864218891418897
0.007905199295553507
-0.25410969998733585
-0.07458658081380887
-0.0837359723592724
0.2550295752675144
-0.32156483968934996
-0.18836647456855182
