34.27636807724185
-37.80640107993639
39.44464555638155
8.896911224822542
-1.2530570885985322
-6.85276653791481
6.2283209694295225
4.5176595905229355
-3.0916577910251286
-5.687017204585633
-3.035652288041823
-0.619105180449878
2.5043024517640857
2.2893086767376354
0.24447080087738282
1.0592830275824547
-1.212224678178421
-5.537928025778984
2.286015824183666
-2.065563570564568
1.7921897153944921
-2.878282163414812
1.1413102355363562
0.8652272715720629
1.173473221103973
0.92590037321169
-2.0536797451988495
-2.929191823225577
5.182475637138418
0.8978898208292609
0.39150617367367474
-3.573258294291328
-0.4058634145738669
5.9364415266337485
1.5015731823789977
-0.19931457236343086
-2.231950384389292
-3.254143529315906
1.5391913299467654
0.9645378210045216
-3.5537820804569504
-3.5021232019066115
0.8790712029675067
-0.9883263460471341
-3.092952214954122
-0.3276137660025602
2.5932731460619913
-0.7692519563912263
3.214843442077064
0.20471528538502987
4.643472958963974
3.303734448832684
-1.4617598213321779
4.670664542672816
0.4101411804232384
-5.036732016979824
-0.12925905923494402
2.9059183607858183
-1.6974267414074489
4.42782655590858
2.557748802897755
2.6844106180136027
1.4741898631794255
3.876239599327197
1.984325941757346
-1.0051397705517533
-0.21632643796095785
0.5691490717831693
-1.7825323026153064
0.36710963937740715
-1.9373152116702814
-1.4742314210704632
2.0260511989513073
1.4847269315678442
-2.203806056691638
3.9284424733660908
-3.6309877477364365
1.8983776596751152
1.8687096465321584
1.0505233291949931
-3.3852577136384006
0.7637561072490064
3.768795894534304
-0.8661218173044369
-0.18368758951139189
-0.42507328989441173
0.3055380709889761
-0.9553641924605114
-1.205277570976182
2.8084728582310268
-3.1296084169434186
-0.19048120613697633
2.1085727069166538
2.6436393472805757
-2.0452071464756685
0.962716943800345
-1.3666359660999186
-1.9620077017690043
-0.4874589414157387
2.989111676250674
-0.7213389044123879
-0.65146724818683
0.7580420956746823
-0.4158499851366705
2.2863566895169427
1.3675910989992885
-2.0255967244526847
0.061175621830701625
-1.8312722243728639
1.0905763869262446
0.20473310939653896
0.9332438732268158
0.7914712355424215
2.8940506392901852
-0.3316359457645553
1.6938387247467828
-1.4527180188856172
2.7721051193473634
0.3173377622230467
-1.5897964888291494
0.502140478479019
1.4660484403786482
-0.6962530461983768
-1.0621874729150238
-1.5802850559101136
-3.206180804902759
0.08200566844652996
0.8110639483442402
