-44.80557602217788
-4.309107988487705
-9.613354635194227
-4.228552651799478
-6.242802932132225
10.16679673357253
-0.39057758777839446
-0.5347414875450255
0.45918336390268705
-1.6786874941719625
0.27063348158522493
3.383918426993091
-1.4794990622614486
-2.6297741793490697
-1.1906595821844104
-2.62121662727812
4.789853609299334
-1.425545041242083
-1.188962691356296
-1.1325925897495162
-1.9191111278414992
-4.518716144224183
2.1065569444861327
0.828359505172159
-0.5518750410046397
-0.09878612612415355
-2.1763003684395708
0.5700861561695465
0.22844683453453213
1.5046768048883645
0.3640886710969409
1.1863867538432977
2.4184397535289546
-0.6794435506502471
0.3948221255663266
-0.5919997729504117
2.0738862808748224
1.2837478130006807
-0.6168389752154151
2.52423961398015
2.6054463787551074
2.8703108249303115
2.9656721054235256
1.2136093030733872
1.4653924793515867
1.3022124690226093
2.547368687309957
-0.3124342387888173
3.469625244750077
-3.1690512361812653
4.013232939533172
-0.40483130088872843
0.8748155879763038
0.12633635813716104
-1.587577720068978
0.0776835694488808
2.782425843197036
0.7757766552101693
1.2212440293721825
-0.921891172631231
-4.009790525106184
-1.1102885396250888
-1.0892054809121605
-0.8872900690301306
0.37261641948227
-1.2560908191321296
-2.6125882063013974
-0.3385388999840968
0.12422461900730355
-0.35812312817335346
0.5986959203627688
0.24541661133179984
-0.056090759271419835
1.859869214331057
0.57016754699551
0.865420526402257
-2.977821370707436
-3.511782819597535
-3.2287703325823744
0.8320266832576002
-1.0504264595561714
-0.37093758120826814
-0.6641208147466933
-1.6783498096449634
-2.964930106871666
1.8417398425847813
-1.9822554058281876
-0.7170079273481834
2.144618556932565
0.8625338195301809
0.1171328494473165
2.7640662333645594
-2.214369690111469
0.2851468444928403
0.587900189376353
-0.20515136892150093
0.3375076321850346
0.9730664915878431
1.296518341699751
1.3729810922900003
0.31398871883498897
3.376745795137567
0.2508449755541803
-0.5814016926085963
2.3395368214364165
-1.7137979409396868
0.8755826637841408
-2.2569533213109154
-0.720310609254187
1.252038042605198
-0.35006399638388624
1.1856371611659584
1.558507591856522
-0.0577112523504715
1.6119879606530743
-0.3656568465532881
0.08621036830881426
0.8966696266922375
1.024034604439017
0.9296114089079429
-1.3703105187599243
1.2826176202813002
-1.6065845856149887
-1.0260973045980837
-2.549652270764902
-3.5336038887944126
-1.8100336018635297
-0.17095846549657362
