-45.338504354675386
1.3965933140197286
-6.3608634285423085
11.786503427005707
0.44975374626579956
-6.0312204853500075
-2.041448447155236
-0.7333734615685998
-0.010136813908972073
0.061298802827776847
-0.7134541407788773
0.53647869877001
0.1953404180943295
0.16714991762428635
-0.44121542945447145
-0.20148486637731639
-1.076089597264595
0.19585088444121654
-0.227032618799303
0.4515973972946157
-1.0972500605105437
0.28677107814662156
0.38383246625828954
0.09960622535089814
-0.768807637522488
-0.579149287581885
0.7459573579849716
0.0423370355127102
0.013413431646277688
0.4206044610250388
-0.07707970622925334
-0.3163369234401813
-0.3540286365515213
-0.1722772268405301
-0.10076478276004872
-0.16977038532025504
-0.21394071024383793
0.8276238511948346
0.006437625921260397
-0.22807019404289952
0.36407568464637424
-0.30828245879699456
-0.5116671274506049
-0.3211129849294805
-0.6220695908117189
-0.2287304108981053
0.6478320739328663
-0.8378666306623644
0.36887367605341764
-0.14880699781367152
-0.061420991471930336
0.24624209445369893
-0.6118587247840294
-0.6417687102576607
0.1912476732905286
-0.24110975341412338
-0.7384171685172246
0.6332287736936437
0.7661313927134497
0.11484338826281908
0.17735047203548254
-0.3043999782001606
0.34136167393621786
-0.05351291299976571
0.6051595376355647
-0.16319884910867366
0.13805227458969394
-0.5533380207857097
0.8804779310892443
-0.32080210173292706
-0.285193610110182
0.5443538118747461
0.03771820944483879
0.20213939316335167
0.336501168345215
0.043362241051022266
-0.13050237511420884
-0.03753627142895019
-0.499124401268674
0.17655548388225265
-0.3268427228416499
-0.44489133121153385
1.0905338864774736
-0.8399033133520659
-0.14976441609511412
-0.47057450215530494
0.1656027900200917
-0.4895083502320642
-0.38040615560903357
0.40675902586104234
0.23307094145234242
0.04312004137915695
-0.3678533774309972
-0.3066753925012576
0.0014889422541089388
-0.2997290732998734
-0.09276330311286674
0.4154356914463542
-0.35717954063246626
0.23548831847310336
-0.13405973860263454
0.1475382855968346
0.39756746480226685
0.03600245378768799
0.2019402777593511
-0.08577404907132859
-0.21464342307481812
-0.15142010135903505
-0.08074033643721576
0.2343143267390982
-0.3512931992105626
-0.45641260100245834
-0.3101415203467372
0.5572693277533973
-0.9863593122765292
-0.28772725964614604
-0.5605627432326804
0.6099559132078687
-0.11540800104166643
-0.2550967395042122
0.5618691556984831
-0.4362947873517948
0.23358272650091255
-0.17646804823248965
0.0916027673277661
-0.04642437966625419
0.23740305997736164
-0.17494257859446466
