14.083024111186475
77.47207620330724
-21.3811461020395
-11.022957139870986
8.015781801033878
-2.6293784655715435
-3.5954032957345534
0.7243642518377525
0.805643400819796
-1.2993080995146458
-2.72724552398823
0.022211902337169298
2.1418150455040648
2.932376528467953
-2.1159889655145045
1.1273578903747188
2.7648919878883835
-0.15268986445695756
-2.1106175296021683
-0.7952136329041911
0.1652060798342562
-1.1060897988470786
1.806851078924447
-0.6350065548420191
1.5537056746788274
1.06191391618434
-1.6841649022680474
0.7625558248758183
0.35614669323961184
-4.836388511378799
-1.8920483908628467
1.2057026866363034
1.072306378964404
0.3863625694307752
-0.17822366594679295
-0.9058530010588491
2.020090186579029
1.3606888671442938
0.43976889575800837
2.9542677042985916
1.7560209922569638
1.6042114416996847
0.1718776927223505
-1.171002478321316
0.36878157732508554
2.4948995165394434
-2.288907157198561
-0.03480182772981627
-0.8180351206292018
0.18999401817199818
0.09482907538051168
-0.6980060370951693
-0.46405558734382435
-1.1204565165045364
1.7318600266573319
-0.45360172970431645
0.8625881126152709
0.20774331209860408
0.39524247946710894
0.8163134771572305
-0.7761659209789477
-0.732733760886257
0.31776208244924653
1.5555265207697395
0.7103082858724574
-0.5916859423068075
1.2076971612909237
-0.1927097224218606
-2.713467738852582
1.1163101729613485
0.16819922573859405
0.04713725474772875
-0.9824997798576247
2.1607774236311887
-0.28572237518506477
0.6276303711257276
0.5372374069934835
1.8450435569257266
0.3567551665529004
0.9571859562953613
1.2603379522345033
0.6530388807536462
1.9375543779837374
1.3977677549565088
-0.9242349036378215
-1.1823505560310101
-0.16825615456220946
-0.26195837645986497
-0.3928571080558776
0.2266943683976734
-0.5289563599897704
-0.783531384435499
-0.3745235004487001
-0.4057036042495784
0.5026839537711147
-0.9887062133416942
0.8401156430107162
0.5377525054285829
-2.4490345603397867
0.23677757830855278
0.19274184259476257
-1.0458784759718245
0.8857941039166167
0.18770577805749725
-0.5956571358332032
-0.5875308260228357
-0.9478151055607255
1.4253101201861398
-1.994734214790723
-0.21875864014159105
-0.19433615036125024
0.937484798085185
-0.2944076789748934
1.052700350372776
2.42990055653622
-2.4040059046421867
0.7917526241594072
-1.4282438926566932
-0.3671095720330367
-0.44711346632354243
-0.0981794885335797
-0.48115357874250186
-0.440157931088098
-0.8997215602865476
-0.6324830213043512
-0.06464325320305715
0.7432621489359013
-0.4671370899647612
