-49.027296624373854
1.286818142461156
-8.176538120591667
-13.60543382431523
0.9114471039736114
-5.021039502475629
0.7309137685663023
-0.5822410238634468
1.328381493729962
-2.679420867928691
-2.3526436632094847
0.765647015605048
-1.7048490321333754
4.450831431011837
-2.855479252389285
-0.2764080869756997
-0.886586412292437
-0.4039090107567974
0.5646196313817053
-0.14102352935953566
0.06874545080010694
-0.42528355065160395
0.7554552557669911
1.774972308160312
0.6057692264712127
0.38588670310705225
-1.320109429377014
-0.17751410878754853
-0.24639396859493462
0.06133404117572109
1.3452057775145596
1.04789002590255
0.06584215389893983
0.28634521333571533
0.03548757354937665
-1.0365492016981706
-0.6372777359550967
-1.808874847163646
0.30591749011897584
0.5881049115003016
-1.3847864970306942
1.3869503770494076
-1.4330784686642215
0.41737499450328813
-0.6369230483114163
0.7404528068164425
0.7363307229388132
0.035880232192386376
-0.21812836950787734
-0.36619820625197413
-0.8476769443165583
1.0845201644028968
-0.45469645149278615
-0.45705959722814793
-1.0759307539322756
-0.8752015162697728
-0.18813743159473734
0.10560077567021264
1.2064739058461555
-0.7042486579809762
-1.5379148454247384
-0.159725894123597
0.1852808464960166
-0.5557442484880897
0.20211279964902618
-0.31179223838443226
0.27543794742448585
-0.5722185024960125
0.6840522232577453
-0.455354342800264
-1.743068344642272
0.7123725251272655
-1.5753402310907776
0.3726765720864299
0.6515006278756681
-0.59641898554726
0.10322738180325819
0.6517564675560624
0.09188988183287278
-0.7698267572144003
-1.3994678241704468
-0.35222368916808505
0.6586681088492238
0.512045688228919
0.7948727925271695
0.16119655656251203
0.46928133096630653
0.6114698218288559
-0.9202352819241645
-0.7749737709557236
-0.4421023597558231
0.8807265716365869
-0.3323841511954012
-0.28459868873340133
0.27068184228960684
0.5593638697485487
-0.12814742061170586
-0.6945929567600231
-0.39471583690111767
-0.05733801024139988
0.40943006548579863
-0.02303280193116629
0.48420787318126957
-0.5776800523350664
0.14657533453678717
0.013391716318059112
-0.4374173901321913
-0.9453373815026759
-0.473611440154936
-0.6522984360995917
-0.2951369147434515
-0.622577463855945
-0.05826445927621775
0.47193905364614464
-0.5117606543422968
-0.5272042814327487
0.08306438997073924
0.6161856485670626
-0.07261766909391605
0.8946587959613059
0.08264519849677565
0.3987595628597917
-0.5815287417510523
1.3324576313394971
0.12968012301111914
0.5399452861978918
0.4457528108113283
0.011016303523821797
