42.846307628135285
-56.01462660035219
-10.22448445709224
11.687120393989968
2.9177419281908894
-5.069608769226842
-1.2780476581960318
-2.3128073412841768
0.4199741584564452
-1.6326640579307192
-1.7661508562184356
-2.2977095090959287
2.3540510852256435
-1.6437204236048852
-2.133350942010262
1.2858156916516825
-0.14303389664715033
0.2684595603736781
0.6374073718149802
-0.27451871150061763
0.22306071458317542
1.3276367079818316
1.9339562332036082
1.5826945606053646
0.2921164800280673
0.2787321930828225
-1.2618484474104013
1.910072113180357
-0.41818071533927537
0.33398662129174367
0.27493400434552945
-0.8581496515828181
-0.744873935590466
-0.1957028083698712
1.728194954979247
-0.8093715929424801
0.3913232557672602
1.3751460083552103
0.0757739434290919
0.6802258611135901
1.623136311844183
1.689228821906287
-0.43198406235583653
0.8037792895792821
1.0654961959101596
-0.11078428055609638
0.7453175086236734
1.303265627396064
-1.0187574414724954
0.7089985146730611
-0.6322456089723362
-1.0331470394514488
-0.7214150722169379
0.397036396911476
0.564542787869935
-0.5886126959313527
-0.44746137871652203
-0.12591730785409389
-0.5765618714840937
-0.7148569651921106
0.6542784968119554
-0.35404468791522287
-0.4197126252699467
-0.2541911339730829
0.8878733778636809
0.5021474450839817
0.4575851174925251
0.7440600031374821
-1.0238825650343635
-0.8207721005461331
0.9648622210095874
0.24438253940172244
-0.785834560423413
-0.7024404998960505
-0.22819916672122256
1.2903788655142174
0.9772708991737519
-1.3521777295569646
0.030515467106050798
1.6573219342078638
-0.39320940484758427
0.50993461687791
0.2544341563282375
-0.18638190561984078
-0.0053808695088609915
0.32252386766301294
0.9497922503500386
-1.382267643533111
-0.48440904142924657
-0.4584928122811842
-0.3221474033436565
-0.7931518767457784
-0.5801233008838399
0.03002577106426051
0.15950141414102847
0.19270742735904223
-0.605018082161674
0.8856444493598198
0.43108647486424473
0.19029897439980023
-0.6583283267649344
-0.26231087039691303
-0.09789579196349106
0.2611426468240329
-0.22068882465825948
-0.3553446055720042
-0.5287023427901094
0.6239554308028802
-0.409548571112067
-0.5048634602643681
-0.06825406890517263
0.007176696578366892
0.7857315461051622
-0.07700501782689824
0.7289834722160018
0.24741079548364597
0.7371793604167625
0.34424230188958976
-0.5502207693067318
-0.5381581938800328
-0.026495403945278384
0.008449791853858135
-0.43974049640078444
-0.5399525809363613
0.48841394901818025
-0.3091584593214035
0.5137393218058093
0.005571033933355063
