39.119086130193075
-53.44922492902006
-9.022351804539687
6.233829196152556
-4.028968053857648
5.11907584170423
1.3411761539945013
-3.4833121431974527
-3.598971702465737
-4.736420223443214
-2.7357776175916766
2.183333754103712
-3.9120238458229424
-3.8781814876667595
-4.282034595217076
-0.7248342386053495
1.2692553541725504
3.114670007441222
-2.839059860435289
-4.962194664171753
-0.2858810894647292
-0.8273261927682969
3.0982081104839363
4.65761965818711
-2.0830453399015627
-3.5404743973101365
0.4607769201427827
1.508307346872994
3.744556693116171
2.2638066254966978
-4.7869545419532455
4.635899424159907
2.300966733279267
-2.8286792893174493
1.4135025796619098
-1.397335430021652
-1.4078046785542406
-5.709127807367831
-1.363108291767434
0.026694782008617024
-3.385436365063631
-3.833121974742037
1.73538732978343
5.984339372205733
1.6441777707054208
3.906319691807103
-2.32808155143059
-5.02123143204397
2.772410753444148
3.0199887308118174
2.44293633095152
-2.695580726191154
-0.7267938278222534
-0.6409600923964678
0.7806845001585964
2.010546276422107
-3.350160605799301
0.7185878396437321
-2.2970570543678295
-0.9526654779311774
2.2478740045622634
-0.9257833404155373
3.93435570974654
-1.6662767154879894
-1.8489326535583555
0.6159631401933897
-0.9668497866718712
3.4278256650054955
1.2600689118959685
1.447165177242236
-0.33677407231704254
2.7749318528527938
0.4585914475092506
-3.21737713888485
2.628743648123936
1.5077604987870037
-2.7059755477644223
-0.8289392199933336
-1.5121577814426468
2.384853807208584
-3.6994330316296877
-3.6466197795607265
-0.7474601147813118
-4.501149105934448
0.5582300816677848
-3.353021192202498
3.26637015759362
-0.7015243546599302
3.47740381650153
1.486677635554683
-2.0986939772642526
-3.1664107791040457
-0.6054534243758856
2.2677622965666533
-4.619884475264802
0.9383136577679458
3.2151930779698232
-0.1952506637878161
-1.7856348510124063
-0.8599297933247694
1.2983980178044954
-3.4437960793915643
-1.9412693522462592
-1.6048769586530809
-4.27163574358149
-1.1962191729478386
1.8773721565349717
-1.7131729841165955
-0.8825601098188863
-1.7691376343957073
-1.9547337781481902
1.4111578693189282
-2.241223834433133
-3.405391272549474
-3.8283487419403337
-2.4534466565621385
-0.9431752626299698
1.1285200452055693
-0.11173576212762784
-2.1464408973896596
3.0989935722231565
1.3899370307286043
0.5539547496080965
-1.2205259692197412
-0.1699384533573083
-0.6813538985851917
-1.710702820664045
5.171886614009566
