-48.178039449136975
-5.405257744206647
-9.986645394431134
9.436887056457952
1.5570250129286713
-2.166056322260951
-0.34829424430456213
-0.7984070622790883
-0.08371895841994278
-0.6433288542035078
2.4369687489214487
1.7432881211769347
-0.9600527286450905
0.8700839064035493
1.6066548913887164
-0.7978847538075979
0.6534638086079695
0.4670217880405533
0.1036581382577837
-0.05635793378776707
0.3775012644388303
-0.5967622381668463
-0.37689008274978025
-0.8915758452427445
-0.697427994826765
-0.33983963291580743
0.3301900307545055
-0.22129442038528527
-0.2797534080079319
0.8303707699543116
-0.3458667168671288
-0.26642502282714886
0.18112126579571106
0.2894262713719637
0.014810536276405384
0.5497785429791658
0.06759675932027573
0.1879483962312124
0.12843578820607127
-0.015034242154831762
-0.32310445145106637
0.44526565158732934
-0.30197325820541576
0.11336630009821946
-0.3715573890368548
-0.07479956757539011
0.15153701305468034
-0.4371733785194428
-0.4288851372875311
0.38725952588857737
0.14583799822179272
0.027685926317342145
-0.10579844867642217
0.22736865243399967
0.3528438107550351
-0.2146363090650717
0.48832679944813456
0.2612720057196919
0.08155174140260638
0.3864899564542328
0.06730521294985355
-0.04554585241288556
-0.12413161528489564
-0.027648152922050723
0.16903951847398196
0.501104861973964
0.3058821345440199
0.43798137984829966
-0.04221549446458958
0.20765237218135296
0.44360802605513733
-0.255108567126131
0.007165692810486707
0.022437152791187853
-0.14533738769535726
0.0975462663294907
-0.0046515772939201006
-0.005754436118809186
-0.18990046724536205
0.18039577444455035
-0.13549463611370782
-0.000222866243217823
-0.05632201593922181
-0.056210091333095256
0.11977724840963269
0.15815676698168124
0.028755175411731632
-0.24107917651449998
-0.012173556689421938
0.06713032529521065
0.21344290765250917
0.2095077661991525
0.09537286781699764
-0.005270526020665363
0.08822777671615235
0.27830328393839543
0.3507502906676939
0.4434425286434862
0.5229150732490631
0.05406504490993537
-0.4085782053020119
0.09001632718188089
0.17594753936186575
-0.012863987834787954
0.3023080636439145
0.09204710585518511
0.007333723632562725
-0.16492884852029072
0.3242480321345175
0.23407143717638504
-0.22442005539892146
0.10398638069475971
-0.029923597820926767
-0.06712279950879159
0.15490190245130886
-0.14011257877552055
-0.26559669049364576
-0.3307665027020351
-0.4730196567783326
0.18481185330741645
-0.04732856641197944
-0.2783186454183769
0.013004163040374224
-0.03147240771748212
-0.21770754957526514
-0.002836691230033536
-0.08094152493136686
0.10799730048522024
