-71.37650036814814
0.9056197437779278
-4.762411992958068
-10.040243593926737
11.559183349666027
-2.828816918761001
-1.6030550037615985
-1.2451078027480156
0.2819950983607044
-0.6984905788033333
-0.4517890047360881
-0.5277690112934438
0.7386485097670497
0.34614625053327
0.04551954445680503
0.030702555265594234
-0.1614005768820658
-0.4306318088807809
0.3189632576767772
0.12619616375118015
-0.36568642125079626
-0.45345537213883247
0.13048909804232567
0.14327202986749388
0.39895402115271716
0.04778194680573331
0.0065379182689188076
-0.4098789290555026
0.09878149567877056
-0.3448212740219985
0.4139978968821151
0.46318871984958665
0.16732356209367602
0.2622512307107837
-0.30430631597525326
-0.03931355485716483
-0.3584798884523706
0.1039941876747285
-0.06853026154737495
0.30202366329161856
-0.1505050394362848
-0.21749990336017716
-0.10219667937160899
0.2517228158302265
-0.176521532798332
-0.1414357586576597
-0.22646118027571582
0.28988153199669253
-0.21515014879480576
-0.3961753629479988
-0.07244662719539163
-0.13238611500875286
-0.31201301563952033
0.23745552746348622
-0.20158567300998714
0.19088121055947693
-0.19405947402915869
-0.08812717844009095
0.00125904492210005
-0.11226833064662042
-0.3578645410198475
-0.1629551505806292
0.06938210224333786
-0.3011958636342333
-0.5169021769648784
-0.11589379981123833
-0.07217982911664794
-0.09050713796141646
-0.13328647941530422
0.18578693491819934
-0.35959716414250065
0.05130179450584415
-0.023919613805437667
0.2507122681611387
-0.39940620308283037
-0.13363238441351485
-0.1937680712252166
0.2945584296737312
0.15648053530725428
0.17388238698267267
-0.0807806924260743
0.04365363542015677
0.03542779800715474
-0.04960300937101888
-0.14327312191586483
-0.21110655148758228
0.23366250192558974
0.43228818364721167
0.1512156368350951
0.017840234767005428
-0.14042381273555143
-0.23684563544904513
-0.00824178402481454
-0.18883163108229295
-0.2538606730460101
-0.20459753974038083
0.35038239130472043
-0.21416325884600815
0.32110624983056874
-0.18830716739972517
-0.11565030698772258
-0.3155542754292432
-0.0562386785318294
-0.007468508254100233
-0.34176031996060885
-0.013220801372192961
0.15106190508355422
0.10482318828245224
-0.022859821870581873
0.25661108182527226
0.1826700169760453
0.15329234803895478
0.010880760237451367
0.1582607247719194
0.22349214126680886
-0.1142142946300864
0.43701215711549307
0.19813926553760292
-0.15196342778436553
0.14278580832169654
0.09343177398552444
-0.03606861269675778
0.030912413737208544
0.2293285252868717
0.17751627422812372
0.14073374926295087
0.140960966846008
-0.2970108446220536
