47.70113686278022
-63.60906315522705
38.51385636785229
-11.49053977558313
-8.941698096516808
2.627233743901314
-4.417675968974488
-2.253965872787578
2.678237786733498
0.7294844321582632
-1.295699895025825
0.17277300325394385
0.09715704088967698
-0.3279140104566767
0.5135821190983849
0.3102336002467163
-1.8624531124078756
3.122708548822057
1.5499945770282963
1.108499796894182
-1.7120499603042751
-1.6753554873109935
0.3508981229347654
0.20158036892977163
1.2908026452449832
-1.772937457996346
-0.15303547834773215
-1.0801624967767942
-1.3724740502055053
1.2565008156085593
0.3192860681269083
-0.14765203391696768
0.4451748117490242
1.061218344507611
0.9645901176908388
1.3243632815063828
-1.75138995787874
-2.2662476223898516
0.5081824819077945
1.2996572753039526
-1.8522020259791916
0.3528326190697403
0.8972160198408933
0.2669949717909632
0.2637888895015177
-1.5312711321810761
-0.855567356879964
0.8234450331151626
-1.1874156065666257
0.16349664765365035
1.8243279773399215
-0.041163122348942344
1.063533936499183
-0.5295548786424753
-0.8231683888775961
-1.0867261082565585
2.780621112669059
-0.16901494671956388
1.0280271472897986
-1.321591296725993
-1.1054607513311365
0.10357406881488623
-1.8607176571947088
-0.036966421351514914
0.05643006068785546
-0.5811195891315928
-0.5529328670642865
0.396161349312509
-1.5391852878983068
-0.15505747225133404
-0.1332585028968291
-0.8513017198489485
-0.020938336741285535
-1.2037686940611967
0.5244731018002345
-0.9508306865866502
1.8921669721292271
0.24780769361540952
-0.8069293846359529
-0.643861914438756
-0.5380075684495332
-1.843337526700507
-1.0134545436706637
0.6387273573503197
1.032153122596156
-0.28301943859810286
0.12534473898915155
-1.0853440435316066
0.8044880049150226
0.8418212063191031
1.3129083185104715
-0.28138519713353655
0.012799994281077271
0.3526456342682817
1.0117980288774429
0.630518270640297
1.2348149966727866
-0.13804912942649825
0.5188799557613715
0.3572501153941126
0.015289290533772287
1.6701924302946956
-0.16804695816017523
1.4449401355167473
1.461156891727485
-1.163918543005859
0.538560151833621
-0.30295901913608503
0.08957414012937737
-0.05994636987914109
-1.5370186216418247
-0.30563962308681303
-0.09589314671136684
0.18073294547429802
-0.005531129861678211
0.24867807728430638
0.036832706766818685
0.35865012476986347
-0.42596431985321426
-0.014305079970351381
1.219831577715674
-0.7543040366939463
0.6563581441619851
-1.1168661549216832
-0.07571485199684672
1.5590174751859684
1.2241960325849397
0.43180028123610076
