-46.26287695691374
14.179587922292622
55.18673106780559
-4.105892676614702
8.553263795466307
-1.935194872722097
3.2741199235252028
3.192082432672559
2.083810547434058
-9.068929583083545
2.7301113301241435
-2.3943253624537606
-2.2639359396386483
1.732962703540788
-2.2023293994343502
3.423235109465549
-2.150821355015698
5.662258205828327
-10.2514094438539
-0.9678519596779995
2.1898456682953444
-5.09281709779439
1.4026245634455425
3.6161962877453586
2.7277940370777696
-1.657258324229318
1.5824594871855635
-2.605366441573438
-3.482236038874784
0.20281351893598115
1.479124872413947
5.29491796048082
-0.5425426854273557
-1.0694309921478145
3.578724010856029
-3.332091144917918
-2.076696537579365
3.2878296868471315
0.04937756259511766
1.565966871080926
4.91208857323215
-1.3634113106415056
-1.1540284735407071
-1.9376825321944537
5.351726396472764
-3.4572181047246238
2.168002271782558
8.217798199656986
-0.24180649243829608
2.275266919455166
-2.373498407509232
-1.9798790002518436
3.131035574156829
0.9111947421351045
0.40387996277926635
-0.18073931200327506
-0.13303466108653372
-4.3796298070878565
-1.220333374627379
0.31381164230233566
7.561548282914341
1.7746547065518283
0.6442063135955739
-4.701005800046474
2.4191410549530303
-0.35917378137160566
0.5453025106909755
1.0566840005814546
1.434261023081134
-0.12751702061974407
0.29929453229679537
-0.3975489869805576
1.269969992593989
0.947148203283577
1.9457903208845182
4.070494421535728
1.9422606597192553
0.518436321152773
3.34776148619471
2.446456956515678
2.616286410673437
5.245510928685464
1.8454023579565706
2.5772075096294578
-2.372020004569256
-0.3336093558898983
-4.6681721983569116
-2.7516799080027976
-1.7813555935083976
1.5355161368231456
-1.7139455983598206
1.6976727018166087
3.1074472356228213
-0.8549042930875629
1.145595718900476
3.1237800542167076
-2.655006414024107
-0.08166569150879938
-0.5939796136348627
-1.6699086919458475
0.5097528004950689
1.5690143392561628
-1.7199400462682242
1.75469516389802
-1.701513732315956
1.5991997390208819
-2.6597977747979846
-1.7939514895528257
0.5175431947304043
1.0530549326260066
-0.5956852786515985
1.0862058389159706
-1.1932626023857855
0.43104042361268646
0.00921141862040134
-0.09971635437563263
0.3993866337180122
-0.2509917937015371
0.7764988663553574
1.0250043801925575
1.812895979955292
-0.31311322493159266
-0.9998710576008082
0.41673993270871884
0.26521405094156303
-0.5411343839322964
0.9447148649930106
-0.5749091214183696
