-44.7756649080852
-0.5429434109201339
-7.922099046369952
-12.49776909651453
9.030694110488849
-0.1196866929881889
-1.6309538425633425
-0.013621145750357222
-0.2752535404549554
0.13548914877937668
-0.3402730371225615
0.15151910590602338
-0.04030205943940168
0.30429641784459327
-0.5267426815131864
-0.09105431575127387
0.3660652804183265
-0.23085976036127343
0.08780667914643481
-0.39966846352018925
0.5942833966593583
0.12010330251109932
-0.6170161774588228
0.22267034625810903
-0.07840772611521116
0.4765492936054051
-0.18201029545516828
0.45611251260383423
0.12625080443549191
-0.1024519173211183
0.26719915028988217
0.23603930455349162
0.2663996199963906
0.16340239907646417
0.3287522053628502
-0.21428210926003144
-0.2814836473900778
-0.14531241563785097
0.17235809904609703
0.17940535041139521
-0.14867134216839253
-0.4455750572702297
0.009242471952728405
-0.31256401879881607
0.21157685193835318
0.026394811982246358
-0.23968961822316195
0.16625862353703091
-0.5687377132510535
-0.12687129572571537
0.27599608009944554
0.057863369944994095
-0.07783965428828689
0.2321233680914263
0.20439817267495566
0.088527758673386
-0.10941241726086652
0.15372585143283957
-0.0690026260827497
-0.02709150719641384
-0.009985780290160035
0.09400339561341238
0.2174167456381792
0.2028021474685399
0.27781194286578903
-0.18905005085807455
0.01721110404635149
0.13533560212047613
-0.002213967057861742
-0.03848181854637723
-0.1338706207023522
0.20395276419035574
-0.0815741096347189
-0.19314540902624822
-0.08674613344668854
0.008773687519158968
-0.15565482466494862
0.17860560487774585
0.05777287809684738
-0.1839001709418067
-0.0007598896837870128
-0.04033182359867045
-0.0767618920872215
-0.09982599659055354
0.19937115246411755
0.15789874384222374
-0.3326574749820294
0.12974415005007633
-0.18577172252930757
0.2287591127632678
0.12415301329931726
-0.027809325050365603
-0.04749798806818306
0.38219157758561023
-0.20982508746114623
0.028308189850843952
0.16168541405482925
-0.02003110582651902
0.25591387686573613
0.03407959009433831
0.12154188275124886
-0.04740481199836846
-0.08144789162469887
0.16160214618192548
0.03404577879185765
0.16962093059104516
-0.07852376756464521
-0.3155103000763243
0.13068245128972858
-0.2097292416671919
-0.1059147790274241
-0.2159503154574125
0.17854290700160247
-0.09233641542608137
-0.10087879900839741
0.17780075162415782
-0.1046117693508541
0.048749285125007744
0.18373310273376953
0.32254332241762357
-0.16504106420412942
-0.23429373710094017
0.23513699287026218
-0.11911663355764882
0.1371159654246378
-0.11849301532102263
0.3892011822910164
0.2670986146469195
