-36.681335900334616
-5.8501775849594875
-3.4716079427778426
-13.038007706013984
9.154073073960301
-1.7903139150541285
-4.657615269876283
2.2057016563873457
1.9447419345308328
-0.6480769713401735
-2.0194625306340206
-2.562575400708104
-6.132782361914758
1.952123996203337
1.8221161694962253
-1.6613333936785823
1.27758618435751
-2.4737260350220516
1.7384525972592741
1.2106898172724831
-2.183484317722674
-1.414008263719466
-2.9032665069235675
-3.1758219217766666
-2.2444878718540466
1.5380477310173253
1.5166714440363684
-3.5455283314778647
-0.8357986346109175
0.5743152294854923
-2.313819296838865
-2.6305269760158585
-4.802807570336944
0.3248820454659086
0.6539663737234269
0.04042633960241461
1.1546162471941472
3.4846769663476285
-2.181032430803989
-0.3597818281671707
0.07893492268779242
-3.170005893499818
-1.3371745827352681
-0.35355760003588604
-0.5044222620130774
0.9465601633973947
0.5549020758121141
-5.073774536361348
-1.5227092526514383
-1.640097134772961
-1.5493625257505086
-0.6541515226938331
-1.8918185496195277
0.8308588779031955
-0.7347810535799683
-0.6232521062930669
-0.402334691682772
-0.6901362824885245
-1.7284445519748486
-0.2645839629200888
-0.8869708490985866
0.015456245925516914
1.5000003718786414
-2.2746164056807383
-1.6409513081099214
-1.168912161791618
5.138258914756601
-0.3965796722865412
2.576021304859062
-1.8824100829591435
-0.6652540470449948
-0.7648212460070107
-2.969633512531342
-0.07130134652779675
-1.191442799019247
2.412158362546309
1.4487655267070192
0.2067855435013073
-1.981418965907877
0.5355787507757389
-0.5743030952535058
1.1941883683994399
-0.12358113202757431
1.4153452631562873
1.2253555282236595
-0.7656352561430224
1.9660483015205865
-1.7388363625279377
-0.0769293781377999
1.0368932805499238
-1.876354420598277
0.5891889679812679
0.6676067708299085
2.4132893986231228
-0.24349958058468216
-2.886018730084592
-0.15061867520790306
-1.2595238412886651
2.8240894844782836
-1.2622349971015019
-1.32754409816082
0.9101516708347941
0.7248444884051097
-1.4708177963073485
-2.2684184747440477
1.0809767002428856
1.2009560643683403
2.2750875139992623
0.39617875166878697
1.8571301248799654
0.6362960091940273
1.3730175452428839
-2.711399913263927
2.633046026202108
-0.9658953356348828
3.8806424131289656
0.22860066359113765
-0.418807741944528
-0.8273992874271021
-1.6410224105466502
-1.4477001992932292
0.13666256284841477
0.5851732613976584
0.08331680125098703
2.8136620429897046
-1.2547652409974286
0.013774607735814081
2.669195597499376
