-36.359116089556494
-4.09753881304445
-4.964745255011872
11.227394507309395
0.4670680279813523
5.9333471283656944
0.4091413838827542
5.21184529422857
-1.4150767106370445
7.738572714010581
4.287893838498289
4.251557497260594
-0.907630316672218
-1.0761900864863698
-2.229983814928572
-5.384142514577937
-2.422576744964352
6.982966169717735
2.9562402763727302
2.3376698830931977
-1.6104816638851278
-2.6160016633986825
0.2258477334094548
4.6459927682073765
0.18010575671842496
4.2382645714656295
2.3481409738856462
3.060946199188429
3.4676458184807153
-3.7918457413140603
-2.079690776081941
-4.228407954490746
-1.4601328275958367
2.6507330012802166
-1.0848091683349474
0.27415221007205365
-2.4499059141069024
2.341083117142035
-1.6781717824310962
4.962835636085474
-0.7428366868458482
3.0920345363226094
-5.184224790697006
2.6168349329421643
2.976402073657625
1.479372541225278
-0.7796914274558693
-5.463632352356903
0.969867188028134
2.2949419956144745
-1.3337165415876742
1.1271566884488353
-0.23796993803454827
1.623845525710301
-3.5110290631610837
2.391353067664835
2.46685991658077
-0.2616242624391731
2.6255447291235443
0.6833929495540567
-1.0914227138728165
0.8662111340047266
-1.773024968466948
5.107028147948749
-0.9442617826778272
2.5338426534806473
-2.590022798232276
-3.606556824933936
2.6000297857343058
-2.409854833746062
3.2281604259027517
-2.5656318998220318
0.21351427241393414
-1.1117029747728353
1.1275408662280797
1.6550646958898598
1.4301721691693787
1.5630535484050252
-0.5463592779493542
0.6076606154552155
-1.4866185283322952
-3.6525150392893515
0.27182940600584493
1.8153211784682521
-1.768847269810859
1.6956656054023724
0.6049097414496579
-1.2253635259191429
-0.12235684121720175
1.615221119811627
1.6644843450336004
-2.414579700464357
1.4131792330279926
-0.9521953572164177
-3.4076217669458577
-0.520100521494931
-0.8557850095064659
1.0360965871513759
-0.9558737674412605
-0.6555212127956889
0.08189395705846503
0.4885011835181311
0.6328839547769244
2.706017153860096
-1.6107132295218765
1.225195672475554
0.3457829533333003
-0.9704029548945422
0.37151081476878617
-0.1595170233858494
0.9943780655292531
-0.4837692599108734
0.7597239724444802
0.07238045846519228
-0.23073831003774914
0.9086981503361135
-1.8320019399012806
-1.034801568133378
-0.3276188862593474
-0.37774136573529427
0.035731879245349235
-0.05598876776675464
0.11319030113047691
-0.6864561850677056
-1.208366478480378
-0.030612829797588614
-0.6830888389849444
-1.0221283542934105
