76.13869615274929
37.83764797263832
-35.54018550001298
9.152976930756765
-1.4581977210276729
-2.8163635637594395
-0.3754656893045007
0.36289988044876254
8.282887013262613
-3.071842375126625
-7.230780097544773
1.569289335762406
-2.460656090990941
-7.570042724706507
-1.7674099358414739
0.3104161881380101
-1.428124410352533
-2.1264024949624423
1.6516117611861898
-2.4219571000428717
2.810141466270043
4.037270541480026
1.1997518092786663
-1.667057221511472
-1.018790000004642
2.9475552122158164
-0.9066000515886594
-2.4727874556846765
1.4747458419259636
-1.2612081329295135
-4.042472944916934
-0.7764695554911969
0.5090501417634365
1.6039027244338404
-0.6919075273626476
-6.017668602098379
0.8908128789463392
-0.604968033599563
1.6688002959878994
0.9044534493451887
-0.8333658735390795
1.6140424927010313
-2.5461927486229814
0.5256107625524487
-0.29909556546144317
-1.6523738314875687
-0.2186686493566357
1.4291997678442407
-1.2333894639995862
-1.050874672376354
-1.4058053443222176
1.6618115275943905
-0.47741058732345254
-0.4323564236745907
-0.9827325595907035
1.4647765622207856
-2.8737037286313916
2.1644021575626122
0.7047250356507913
-3.171435999660029
-1.1907581767327022
0.009319667575084983
-0.6705135435128589
2.8031279946134764
-2.062968362070661
1.3548194671564464
-3.748568135749485
0.2922698824968321
2.3236226981708974
-1.3966020188163766
2.3720672978479413
-1.4507719969483435
3.1988740984781123
2.4794812973472125
1.313972962739654
1.4622537543809924
0.7040972594682529
0.06836639199481861
-0.6699496096343645
2.9820090217268196
1.7935681893170723
-1.0274690272009717
-0.3706466505606051
-2.9611233904165832
2.1950012060465967
-1.6861472291512212
0.49360963891737153
0.3393089303742101
-1.4650958055069687
-1.5870985432200486
-0.8134044488833188
-0.5557538141422732
2.504108071487453
0.9485975862323771
-2.153003425496949
1.0276268011857044
-1.3444686437194058
1.316911485030614
2.002632671565899
0.13392453888079892
0.7691451808552368
0.8009579843071585
-0.6531614777065107
1.8227529418161175
-1.393676167680511
-1.3555528443699656
1.5828252826478262
-2.2564963934633937
2.0548171743132277
-0.7675189170843261
-0.7878366472951225
-2.117383688050938
-0.47742292117442714
1.9321234509016503
0.3216526289832734
2.8228337637446024
3.1130039572032455
-1.2167932481175328
-2.5767158079380055
-1.084855247539236
0.7058961976015771
0.037708566849713354
0.8966657102171082
0.34057151507099875
1.640235186464258
0.7093937087439968
-0.7661449738204854
-1.602396008987137
