41.55122474210658
-62.52959634359302
-15.59478912459766
-14.473009083763593
-8.152162162980332
1.352299024840204
-1.3695535488725188
-0.9325250153387121
-1.3209494709521055
0.47753328017590285
-1.449177562913499
0.03438055300149857
-0.033754024290658304
1.0452865295541904
-0.1163992876369912
0.000873981559691539
0.5206172636803192
2.7531188006588247
-0.41190687318946023
-0.29989570097769636
-0.11140005879132892
1.7647260839172687
-0.4867829146399577
0.6922639048645093
0.4206988517348104
-1.527478689033226
-0.9139585487623121
-1.1669316156857796
0.5278551564053429
0.16297705159966125
0.03401794468783792
0.4115210635252807
1.0736227325946064
-0.1810251447198199
-0.9503738101368815
0.10107459079945469
0.0983167391044364
0.8153982190637926
1.6934660676708737
-0.13337726660550298
-0.7853643597069684
0.6814008819011788
-0.12346512008628624
0.057922900231565544
-1.4318985267731497
0.838171306864801
0.3424454907909783
0.47733235086956793
-0.15927571575380492
-1.0106028069466102
-0.16013373349131904
-0.3267698315707569
0.27223923948833323
0.32903665924897996
0.5867057859759429
0.1682461916985103
-0.3937915209346903
0.4514275276104509
0.31871018437682036
0.660257620209153
0.07101730519278444
-0.610476601382943
-0.16400538504764142
0.006720972907033773
-0.4062715712863702
1.5735144187832124
0.3952289097643167
-0.6438132439739302
-0.3473934884721252
-0.10311551852406786
-0.28511022731359553
-0.5187765222126989
-1.255368780547494
-0.011788242472642013
-0.12785264851245784
0.03373644914118263
0.8190600649746886
0.23727490433200588
0.049332126979067636
-0.03393307830447865
0.5301331886258944
0.6658118747695764
0.6521823281302487
-0.016375428196219843
-0.03306574393552821
0.7198039565134485
-0.24383254989007186
0.2511170321995908
-0.24870252694984218
0.3059644127975128
0.7015197512642856
-0.062299821116267584
-1.1243926051746227
0.5798291265008841
-0.3704358749270905
0.26004532549186127
0.6244148207979519
-0.3331840994473676
0.5054142090110417
-0.8786661368874988
0.2562299908215197
0.4501768554313189
-0.14193493168800106
0.9448250083669275
-0.21019759267731436
-0.39901042272846066
-1.0976420923435062
0.13702201017596768
0.8674760640686847
0.7279513622696239
0.5496120467816955
0.455214033052617
0.6157881417273214
1.3097652682599854
1.069445571432799
0.2799349679542736
-0.2015234124464395
-0.3021691326628585
0.26785694009678596
0.7114618449215322
-1.2156175194557153
0.3689806126468227
-0.10575066631612806
0.1498499412821092
-0.3848182198094589
-0.9578649303437797
0.13882601329310756
0.3268756196976885
