-40.607940751686385
-0.6427289143606161
-2.364444849765024
-15.057875448882118
9.612705610453126
-0.8138061258218247
-0.22601663111491072
-0.7763140519377593
-0.4523102472512778
0.05829898353759902
0.5655963359665387
-0.1847546898045565
0.24617217360300683
-0.22320964298233342
-0.007456717540407332
-0.019094473296051184
-0.4049802759169767
0.6788130347299084
0.44809961135908727
-0.04506568693621463
-0.016020459445801674
-0.3573024085872594
0.02406280481873639
0.38970335496197783
0.4457052186317203
0.0019752178151246705
0.2889830826495416
-0.05536590661623602
-0.26892696204722577
-0.3406557961546209
-0.00017283180396976405
-0.27348458194622716
0.16385518059376009
-0.6783137331517064
-0.1828035396708282
0.2027763413221908
-0.3118450321172789
0.08768569701150238
0.5412559177079158
-0.03269416586101481
-0.14219064175688628
0.12402184334773837
0.26530527034048823
0.12667800946649355
0.16144711066311115
0.31382449822610325
0.335838129018465
0.45537542502076056
-0.12291733450432703
-0.20884906667665995
0.10426425041207249
-0.07084610000662511
-0.13882124049576824
-0.1550606430655319
-0.034875433229664576
0.03427765817098043
0.13880196002194947
-0.5881366806477437
0.11627591832872464
-0.11665028220744122
-0.10151507351704228
-0.19565622059747606
0.14693169716936638
0.18462740991099708
0.483624893846527
-0.753168808908897
-0.1489479747126288
0.14854805236709737
-0.06244300009624577
0.30700849725889773
-0.11932793707286546
0.06899466207368288
0.3271649940162359
0.4044013925412529
-0.14208999646056433
-0.29031642999864066
-0.15418434955855534
-0.017117337647802783
0.4404038079308208
-0.49381992515543405
0.0029711909509105364
0.2578195594557747
0.7217334779505892
-0.05526451153934172
0.24022925227761083
0.3834977971314963
0.3011272317039487
0.05934390252921841
-0.20632759997436878
-0.006011864405571421
-0.23774375953915622
0.3707570523982063
-0.011044394520371325
-0.32737371318016356
-0.1771994180846683
0.033392848508409394
0.1691437782547714
-0.10322483151043459
0.18761527403144912
-0.061929139133136274
-0.4567844392963389
0.258331586297773
0.0019439170305186881
0.2118779670844125
-0.356580963423127
-0.1016334247910051
-0.39612500062254996
-0.1353614874709003
-0.4507182364135856
-0.4393494704896745
-0.2126563316125699
0.1924004759883744
0.07069134665753513
0.42386668549565243
-0.18575133218253737
-0.27125272438194503
-0.03130786672746279
0.019769685812992214
0.22651743898838497
0.13110903664270213
-0.4062516195595341
-0.13023543565309142
-0.06904080992301728
0.14551248070596212
-0.29853865387355466
-0.11400080374985076
-0.13438512339557002
0.0328867551944012
