106.22094641370893
11.160250250451492
22.837353392927024
10.1542109981455
-2.4935297519102226
-4.80138765499766
0.4543436195831103
-6.806264146490073
1.41195929327555
1.7446841813250582
-0.12275358543066917
-6.236306649528389
1.1767612325188919
5.323114334143772
2.846939316015521
-0.30216491301030896
2.4378730360851537
0.4767478198998446
0.22537583953897844
0.10640291340321385
1.3039744515096232
2.608611351976619
5.257574378047338
1.6903789445359183
2.4503651934907222
2.2306166317238234
-0.7884501715577251
-3.598655015638998
10.812862075808765
-2.047695512203269
7.92763789050215
3.7374897411408443
-0.055166734139086016
-3.144938785609139
0.8521434574982117
-0.5682317328325406
-0.47251131697025495
-4.827382785340122
-2.101996742274897
-1.0344289789615373
1.3846696098820839
-2.7852747552562755
-0.7837962065797206
2.295918773188428
-1.2166632546484273
2.804700265433778
-0.7436484070905899
0.41523765452831213
-0.8872163326847118
0.5936383418047843
-0.7046497282555176
1.1238716056620477
0.015446639954541954
0.8560681973891459
-0.5976602763962996
0.16954932931261243
1.600103296048982
-4.471223561075191
3.4320712639325968
-0.04205165466695435
0.13469058671995227
1.721329998080041
0.1472856825334494
4.712937726764391
3.2869621168880645
1.4370573586335325
-0.2738393623590956
3.888009159377496
-2.0758449911198387
-0.9562039935630892
-1.3760380503328027
-2.2497817068014516
1.2490640319807944
0.1527542660370002
3.696548889224128
0.720328665618307
-0.4756185957066129
0.04887908797960319
-2.752034044448717
-0.4770315793139302
0.4753886473785043
2.8119536256472433
1.7541913794139166
-1.0560959848577787
2.865047147409689
0.025680850421681167
0.8805781824172787
-0.2914507540138391
-0.10514754196787833
1.0329859830036836
-1.7103896839124244
2.8439292556449387
2.4127497720311237
-3.1549122813706445
1.5568313729633483
3.8878245896805925
2.3962285702669823
-1.2088975702843774
-0.6610830573678059
-2.1897396276410532
1.2114147304632894
-1.539551178711991
-0.8255552422065592
-2.435737512082878
0.8725309276738415
0.6215614639211126
-0.9180182422919698
1.258814951736004
-1.897631515387694
-2.2570211882524527
-0.2616323300361123
-0.7343187422527105
-2.346601080099934
-1.3579481223323118
-1.2536078140740938
0.6069251650933583
-1.830549322956474
-0.12691268211592513
-1.1814702862638449
-0.40863617323984797
-1.1963926344659117
1.023950715530125
1.5088240861623077
-1.5672035358980285
1.2148818858324169
0.01824090815571454
0.41401651373588627
0.9944711880541852
