-25.776412039408335
2.364138372676062
56.138383297836654
9.152343408859617
1.4177142714002282
5.367644010011791
3.9314930923643456
-0.6704671122174405
0.2616280341850595
1.8831884478839886
-3.0269904921573088
-1.3176631543532489
-2.8178305957104097
5.189486479461501
-1.1825984320195622
0.017790169437920833
-1.0191654356951214
-1.1643908206489686
0.1488988575943197
0.19400717032817072
1.5124385845333908
2.159775029197391
2.1240576008814456
0.06170493108808128
3.620817097386134
2.5381908516605494
4.503964047171057
1.4463963848762689
3.2524202835219223
2.9050843438895417
-2.615343941500464
2.853348911895846
-4.886377416047805
0.6462938403011219
-1.3793031550081583
3.179258043361527
-0.32082310221583826
-3.5241772990466456
2.332748800553461
-1.0164605522420842
3.200687576830753
1.400171994376856
5.3423426281210915
-1.082925238359194
-1.5520595954283665
0.8948581238721571
-0.5340143497952624
3.6365412318455923
-0.4297143443114199
-1.53419457073799
1.9040549335119141
1.2326380917584019
0.9106351028112012
-2.2133097333011715
1.9578668800647672
2.13476411642506
0.1871421123517226
0.3066190940647147
0.30036686132682255
-0.3382297388145033
-1.564784303042238
-2.3295710704592145
6.79143057934366
1.9191933971101753
-0.07475976178132848
1.474507291046149
-3.102083064278524
1.314497929491407
1.0076451307232897
2.6781031818687517
1.2989173081834682
-1.5014613028226087
3.510344180617818
2.0784632655668913
-0.32883159784522603
0.7836596471365336
0.23896695527449413
-0.3670541937461922
1.231794942603194
-0.12516801674565667
-0.6765025734835636
-0.28681283477069563
-1.3226382057270583
1.1000426107226982
-1.2275697530652498
0.5485412577952548
2.305338294240202
1.814898227962344
-0.9298883002026866
-1.2025968948517556
-0.17029072330280615
-1.6855634492334493
-0.1176105423907037
-0.7425324641673504
4.101079666097078
-1.5026538692122575
0.46474101510014354
-2.5543775674439892
-1.4499913557051836
2.4511068271599097
-0.33892745278344144
-0.34185167439324665
3.0696745286739224
-2.952495445471688
0.5012276709385433
1.0008125979814642
-1.089033943894785
-0.23969634231270487
0.022400486752222448
1.2191692750088023
-1.558022045282666
-0.7920648765711658
1.6727387007700052
0.7619032182152364
-0.5506727281108528
-0.7532741310500106
-0.9707795656419966
-0.9382395013845689
1.0948086549925506
-0.5648890311513056
1.0212536099834582
-2.5954356067872593
-1.7268110253426898
0.19799628302500938
-0.08004200593904226
1.2630479785570623
1.0366638173585707
0.9701877027583943
