-71.31044544500904
-0.24406376128930618
-4.975126577680707
11.22242490431181
0.27206385505174346
9.401301514202734
-1.9262839797528197
-0.5586082346489791
0.7018888587011914
-0.3483663918560684
-0.03295442070388102
-0.3339516332572514
0.3438775273410614
0.18407302036012674
0.433941013911355
0.6825803008635339
-0.13578280944441562
-0.18704850478591312
-0.24424362276905348
-0.2154098533652875
-0.3286481008061458
-0.09661142453685592
-0.18510477268463998
0.17195852609855597
-0.1655943343903974
-0.19015730330609898
0.3150483176478391
0.0050168861769666895
-0.18599667002675527
0.3107659388910078
0.22436458894239114
-0.011540314770560757
0.04673300828659377
-0.07345665161356667
-0.018792077794929002
0.19356129463743638
0.03875617133084226
-0.0854401804950239
-0.058318663305342335
-0.13858436245738287
-0.10413598893531303
-0.11044823881581245
-0.015236158719427989
0.11279987208500955
0.20871609843258646
-0.15544022394354645
0.0585194398948365
0.055413201509065285
0.1307631973677366
0.16706484082709447
0.25136727388002156
0.150000847599268
-0.06807016607949957
0.24393418128956754
0.1905456408962957
-0.032354779717085155
-0.21468741031423166
-0.06541434035051365
-0.06592576809555328
0.013478245506912727
-0.07966711148510491
-0.1021876291148687
0.05572712314709034
0.17865541145200448
-0.2050482488303705
-0.07159834625650617
-0.1675255105189879
-0.055320568638021234
0.3007367914316142
0.2865066265757704
-0.2524235458069294
0.30784344308811906
-0.043202597613140555
0.02131874093447214
0.2522817652532065
0.11089678926377985
0.1306568128118921
-0.28808371171448166
0.1149531415972822
-0.37151544445443846
0.06959926886115658
-0.17186422930780382
0.25179758614458275
-0.18442292759987197
-0.21774296545896427
-0.5259123170137139
-0.16504794063925982
-0.1807840833994924
-0.29341724065633973
0.05639672336491132
0.13911204991769194
-0.09939762405535271
-0.025795761523567946
-0.059527640668787685
-0.14366441195559973
-0.19952174025581054
-0.11818331273165775
0.1057590295091731
0.011600379944207873
0.09889961389821426
0.4197188518625865
-0.15006415987704164
-0.1699408240128034
-0.15050689632346131
-0.16043593516088783
0.2191298716933765
-0.006580384954994578
-0.05474234405648515
0.03019709541254771
0.2520423856034454
0.06779387041553879
0.05740200011293947
0.1196201141047504
-0.3338854106186397
-0.19951188412699827
-0.0773336247952699
0.11226210836029166
-0.2850552022857513
-0.08133786654346092
0.09587560929476618
0.024159752681809327
0.005116216734753493
0.014930445542529674
-0.022309012438320217
0.06657207499014915
-0.05894010914598112
0.1524897723029988
0.13082840410600785
