-43.05866039592893
-25.050419118764477
-17.196159800465768
5.487291221617918
2.2184170027137897
1.9974872518362596
-2.4080087040632265
0.39548419937190094
-5.311875512949618
-0.7966357331566295
0.3455118591637797
-4.56292509063883
0.969375513932502
3.3337891262135915
0.3191168059287532
-3.61189198845738
6.038018929430783
-4.023340968425886
6.125246094026994
0.41576771181536526
-1.045493930339693
10.725355716618115
0.7888617785564402
1.5433599558148519
-1.9261271244165488
-1.1527438596645048
-1.6747438769261485
1.4858758233113507
-3.4700120134442654
2.5257246713582533
0.5074340021708129
-3.993765697792046
3.2675864923066555
0.7291656334051224
2.852734843421083
2.099806342063872
-1.1432235303387186
0.25028339644778397
-3.0768823633130493
1.8494349664313223
-0.5454394535104699
0.42999149766259254
-0.4916084252462866
2.091525391202226
0.9222428052381876
1.8238396077638968
-5.686987940716125
-2.56615136807095
-1.8041122190914438
0.6546286821400779
0.3398571409738401
-0.4003458236563558
-2.483702892327581
-1.909533632923842
0.527879930278566
0.0209168953663946
-0.6956955346700212
2.8188434478841726
-1.5728483662120212
-0.7933777035504519
0.014413473328307183
1.4897801755915887
1.7131687546775254
-1.390450069125623
-0.4289253497714895
-0.3714651398675385
1.4090589186185118
-1.462387922329831
1.3004361004516527
-0.3882447758600921
3.0292685809466424
0.1540507873536869
0.8100160443352815
1.2112026258073296
1.1999086197710092
-0.9627221332874056
2.0530782144934143
1.760425231467708
-1.1389680262513464
2.7122315944884767
-0.5112135881564839
0.5296434864527334
-1.1672746757288868
-0.13987309186741756
0.6409631832906679
-1.9477262793028642
-1.074342188792618
-1.2103679274887884
-1.790755406897816
-0.056865211312111114
-0.6153683559092901
3.5893446220206444
-1.8658045082906405
1.198681603650209
-1.2579201286783193
-1.059462160929596
-0.14035899142022945
-1.2990675164494725
0.4187696152987501
1.4936704633981164
-2.098352406093719
-3.155827768295679
2.678164625432217
2.544718009820452
3.47746342976468
4.206758142553922
-1.1219053848629932
-4.212715272541666
1.7084217836300046
0.15713027644760647
0.5075269386155615
-4.467141607011889
0.02052038156504203
-2.0139307310359698
1.7068543479717495
0.232566416562231
1.1710086659823677
1.4993924100678315
1.8717602630218584
2.3054007217584127
0.6514852145336701
-0.3604364629541542
-1.0113337012939343
-3.5958692561597894
-0.9992344243392457
-1.5098614785118214
3.824693238706339
-0.095762682776961
