-37.41011767286446
-6.268801720572856
-6.972653553464452
15.512241047699366
0.7543806281059232
10.054326767368593
5.627426443654224
-1.500529979749528
3.1401022688435827
-2.893454149938116
-1.8356166902236721
4.136738474183688
-0.19739328231792683
-2.4426307657296142
2.8467729529281396
0.7074674956284698
2.3437063520104116
-0.22515256195055594
0.5587088039208402
0.6383949771730236
-0.3508679660596371
-0.20292524605103002
-0.26093514616228103
-0.007848504982034158
0.46013014063029906
2.7251688457415675
-0.6880641157832921
-0.9664730638182051
-0.5054013955034118
1.2864313797957467
-1.6481311330958428
1.3723980946542842
-0.9889613259504515
0.9201224555843284
0.09346544729044731
-0.5640962729599642
-0.764217334076786
-0.1213591790770176
0.8727494449119139
0.7540440072676686
1.3276975301639167
0.010340012002064913
1.6370987436131048
-0.22184537636488832
0.2572533371839708
-0.05830662131076042
0.13747215153701947
0.01890482216952502
-1.3068676030408237
0.9512872404500436
0.9064289370734607
0.1326987013328337
-0.4621914352066044
0.0003955295491431948
0.06372149785475172
0.17890086499264868
0.2096571573153449
0.39070675850453274
-0.5995226514347316
-0.2771453486134273
-0.8151745689657651
0.4539992143346423
0.5536512481691703
0.5332897583969642
0.2775690580648253
-0.6589197796023623
-0.7805838699386846
-0.23518931408718424
-0.559065901998322
0.17056991260766569
-0.3956226310184239
-0.05432014118230172
-0.6662039016442745
0.49843647456386353
-0.13517917170687896
0.23140526020655805
-0.20938088729857962
0.43118814434862524
0.4414313351093657
-0.3178043817710138
0.09390173013623307
-0.4320290292018177
-0.03990186192988751
-0.6040565654263831
-0.9238424068696324
0.027077630069172322
0.23244624346789478
0.8923912168607613
-0.024070427752056853
0.9913310767373938
0.18772039487386372
0.43178867039801694
-0.014672585638646804
-0.5099497814961025
1.0048492061078158
-0.40530306690011914
-0.7569463292580753
0.39415967201718016
-0.4382253494633448
-0.5015965708084011
-0.4005646034999647
-0.42153713803435267
-0.4720827759706546
-0.5858442332322881
0.7211620036000843
-0.045438386971753494
-0.016673902255675995
0.2694937549251445
-0.5448135951895817
0.8461353784171948
1.6116473388124288
0.06547680498698005
0.4757481938139289
0.04888583059901207
0.13282294849990015
-0.433083583716209
-0.12056991521516355
0.2609653775414254
-0.09689881181492896
-0.22532500996929655
0.05713784927615627
-0.9048478917094712
-0.13834098472525302
1.1165714294472564
1.719172064739883
-0.5651094375768932
-0.419146329568475
-1.0774972976016164
