27.8875825461855
79.67647641147158
41.43804698837063
16.93890706408276
1.9637008643235632
7.492761370749947
-2.996475826791721
-2.3336943427119734
0.08573296344588544
0.9826674998428279
6.289184497418287
1.1125280535267363
-1.432993581224006
-0.3311450590844903
-3.4575135822662793
-0.9292072632525203
-0.018222003595885106
0.8382567745123889
0.12224034701742179
-3.1331363407905264
0.3644556884605247
0.9382329817847924
0.661553396662315
-0.5312529680543701
3.7157776179180484
-0.3278953985152403
-1.1284172306217963
-1.9466382221392955
2.498605372732674
1.531676919067976
0.40023936758142725
-0.9776764910952909
-0.013268791062827467
0.5854420437826802
1.5381724890328414
0.8914633526888734
2.011724943534651
-0.8217879143961899
-1.656134291275364
-0.50765156818188
0.0024621182752072868
-0.6783336393437643
-1.7384674295408902
1.8276450807920055
2.9630596615640634
2.1766285498885165
0.6077244578024242
-0.534837352166688
0.7243000017479924
-1.6650031663562403
0.0046469020531675065
-1.8687987431010966
-0.2582640847166546
1.2111506859454504
-3.659600882439371
-0.29139225261884477
0.48719976444161
1.5000263890035734
-3.612076440106138
-1.2475409860442261
0.5932284570468576
-3.0923090231451917
0.005073669480886167
2.6246936432737886
-0.45548702943926966
-1.4481753622571845
0.6331312979929806
1.1985653447028533
2.7443147858757775
0.8610343956337511
-2.122206779471259
2.382081147748152
-0.39075075733711845
-0.4908181204809644
0.17140731670758724
1.8643010485363116
1.3132955768777952
1.7642413470680807
-1.4965236179146573
0.8091557227521163
-0.6089880670449868
-1.3864720717901111
4.065064692972044
-0.7142261099119213
-0.7002769075246857
0.1492127315151961
0.6097176806429939
1.4612314230281944
-1.5050386430119655
-0.5018297435456383
-0.3349477993323137
-0.5125854354959481
1.2555057231225832
1.766519341172133
4.208489688374926
1.3155832930363673
-1.6078558540306436
0.5918665290981429
0.2726164106443419
4.022176511408696
2.1888140374736054
-3.30574258657859
0.5705235197683909
0.2195342311756713
1.6927652941193787
2.4324970855931456
1.527481030870413
-0.9868001042210817
-1.9638804100185332
-0.6249213907699054
4.007552552431841
2.822897153578327
1.7739720752907253
1.8767014659605716
0.741309444037634
0.8483247888817597
2.997147243342764
4.345425815185284
2.8735145483171975
1.4777524181785178
1.1281809568374768
-0.7594663148817924
-1.877898331143283
0.2973857568961206
-0.8731351611875884
-1.0747993295999598
0.6670776546271928
-0.026279581083915336
