-40.75848808585773
-0.46509282900780613
-1.6858611878379426
-14.790591729950963
-9.633290898555943
0.5511780894405559
-0.3198957826845963
-1.0510331833892197
0.0746099770243393
0.547072068325866
-0.21063695077633018
-0.18407324821418128
-0.13631587639360876
-0.09025913590997992
-0.06659191029371808
-0.8140557073143991
-0.29173166582287635
0.4180552796628437
0.485091310591933
0.2580314859591058
0.27803226614827575
0.537148430879451
-0.21709823037764597
-0.4903202801300108
0.042483187174459314
-0.1877582844892311
-0.38200579054943296
-0.1843227261582856
-0.10625549535099411
0.15236082314346638
0.7025141931436794
-0.31997599414667355
0.24721868837638655
0.28673898019557903
-0.13818595443062215
-0.25602159148517856
0.15452511541799901
0.03288282200496574
0.26609926650849425
0.5143013561464369
0.7068554732889297
0.014409189487079435
-0.3988378138178488
-0.7730188334436064
0.0792426041043207
-0.32764972250641594
-0.12316773179355717
-0.3347130048117841
0.9592199064586676
-0.588672934437378
-0.14550354313823616
0.20265650046675004
-0.27329524286923795
0.29591362000682336
-0.3483316160134383
0.32937460095514337
0.2114287719936681
-0.12582970967815693
0.23386166135177644
-0.23976167636249685
-0.22858076234052752
-0.18662114761583115
0.25812006157838463
0.3207561985064244
0.02390045295892211
0.43545437457394004
0.15982544055779987
0.16827612844887915
-0.08815551372868541
0.14405679198204133
0.09010673509280398
0.5230309507989654
-0.5559681947402644
0.31964994096737975
-0.22096262098874217
-0.05690763398796989
-0.28795172046059686
-0.24106456533960297
0.1972197681082737
0.2143430812098227
-0.07897461299999728
-0.004684190624401882
0.46445818216460594
0.0378146826013683
0.004656062342454123
0.0016108772442281795
0.20877694231766838
0.07732124986653952
0.015535981521807407
-0.19005030142325338
0.2726814429625605
0.2799373508042511
-0.03140791163992042
-0.023262340674976914
0.012765478640058388
0.4399704399133332
-0.07777538224631078
0.3365734188602179
0.21350860236796404
-0.05462045545977975
-0.15876016110463073
0.05500191915788963
0.2845975276000414
-0.3958749340857886
0.00043894363681594786
-0.24278179565310243
-0.7066938132878136
-0.007770866426183635
0.13600277327410243
0.32669212274152654
0.161340354558991
-0.016316585807143055
0.12350433001523836
0.38152179069688374
0.04145043976863606
0.17915604205600127
-0.14377462287961562
-0.1760743417001762
0.18896305962312546
-0.14948299052901537
-0.2305153216644833
-0.2013314073804504
0.1880613655741509
-0.2183999934055861
-0.6147225216379741
-0.37697143517138837
0.3616953131434884
-0.11033927369554251
