-34.010289272606194
11.765160024769736
53.5594254258103
7.591472935681189
-2.2861757700987777
1.9430642434608318
3.310773504420883
2.410559189367669
1.4852423591268178
5.076102053708576
-3.518642088869397
-0.3419047287655447
-9.041847570560295
-4.652483521212125
-1.9449278145146127
1.9972890489380903
1.4222244365435164
-1.172491527899511
-1.0528072294501585
-0.017990574889081762
1.534686500611751
1.0670931500062357
0.28542495844185056
-1.6028439926472364
-3.3004697245798402
2.6224065704356248
1.8405456478134565
0.6073241930841099
-1.9603747573974046
-1.1494012652252341
0.9777272783030557
1.2078332558083096
1.3267142482952683
0.17635057452705877
-2.083998095296488
2.8522296001907814
-2.093248168786349
2.4996055579742267
0.40147030532344474
-2.6376069908221296
0.35047872009134834
-2.54670004392052
-0.47834643796863896
-1.6261456367172193
-2.8345819491916933
-0.6198980029889352
-0.7389260222615979
0.7689258594438698
3.076054787023459
2.381518897709313
1.1644171545616708
-2.4087405775247652
2.024565754028274
3.597528518572645
-1.2312835636516746
-0.8480713001100764
-0.7086031462757924
0.7774925903965612
-1.719083693816993
0.09494756409359512
-0.810656116623812
-1.400068539996947
-0.9629923940061752
1.2328547913411367
0.8561304500351727
2.000272256021564
0.560099464258259
0.6670936397176443
-1.401652791973019
-3.4740424676934993
1.8196054577461436
0.10944698112797345
-2.733266958211159
-0.08428507090591389
-0.3009116740127426
-2.547102320451248
2.347676812988462
-2.775582782020816
0.5992973370582141
-1.7978830549311784
1.7211979509316124
-0.09195846251836966
-1.1247112211195993
-0.05363162193817811
0.024709857046245516
2.786738898412553
-2.4673707989698475
-0.862570269412681
1.3697847752068388
0.8066235683398372
0.7266599397588851
0.892374496497526
1.2114859788387442
0.05007867887486871
-1.9302570909333319
-1.8993902746116669
-0.31711830814215874
-2.6161340619783453
0.8192941730892528
0.4686980129503768
0.8629321601167438
-1.40554524221016
3.4001766047359903
1.145635895700824
-0.2958495962943787
0.20020448075798034
-3.1383070232358476
1.2095869201667289
1.4776990234964402
-3.1504373629556524
-1.239316160838394
2.916961369180501
-0.5520322449395557
-1.3358252657946197
0.4581107444264105
0.18554371564815353
1.0833221700952054
-3.3212207534166733
-3.138052486502324
0.23343606280965112
1.9345680383329016
0.496235640201218
0.7914396811807337
-0.12349332923680288
1.4250363842130753
-0.8010554638970413
-1.4395999441538512
-1.1159432346420817
