16.680101141893708
74.56974616993078
-23.291009391774647
11.87999226629621
-0.35468909012666144
-6.588198391903058
-1.4498862967191208
2.0998655584326453
0.4317053379643251
0.46185139959540134
1.9442068984194847
11.690467251514034
-2.9121235167238337
-0.7704977484218117
6.054584641714071
-4.047041961016736
-1.134451829314853
1.094500289696747
-1.9090378695414552
2.6885136209479454
-6.4930881202349156
2.9028255685400555
0.3466037815705208
-1.2316755329940778
-2.531844483789212
-3.898584704803672
-0.5785545352559692
3.6605266961099994
-4.1888752886975125
-2.4660127531833838
-3.6471342988616313
-1.5443824717886838
-3.9483710499886286
0.7913890339487709
5.909317328775068
-1.6877050314586384
7.305119658667502
-2.221191866837096
-1.6613472456921086
-4.116873370138562
5.304055204681562
-1.5477362878636989
1.8493189894723088
4.063715177536101
-2.8431491737691714
-4.023201243561834
-3.22912348187154
4.24083983307669
2.444367978436134
-3.288018463866109
-2.547431862770154
0.891806386197711
-4.949939458615901
-0.16343240306553128
0.7708629747729152
1.1188595347290944
1.2436479176603794
1.023778273414177
-2.8092865928622484
-1.4237723914251177
-1.8830915964946142
1.0256565480455104
-0.5666915529327021
1.6424535786640009
-1.7188354548253735
-0.4944491039022156
-0.008799207509476437
-0.44779238554643824
0.28214751250802317
1.5514528283927687
0.2730769420530848
-1.3965375914195604
-0.26549973639778546
0.15043559324773176
1.0993226938624208
-2.839462649584132
0.4360249704990544
2.846642291894359
-0.1805485908357412
-1.9546814578263612
1.371885243594491
-0.1761713692158683
-0.18288413156446326
2.3994227229473895
-0.27775820662663386
-0.8046618016007725
-1.384663577776223
-1.280287239508924
-1.9655163078986886
0.700353497380802
0.7325437924352487
1.499718754393393
-1.1694384834647091
0.867943255669386
-1.5073397782718647
1.3667557788743556
-1.8151084785184572
0.9769304014428128
-1.4923034358295455
-0.4372510768506564
1.1261180566343292
0.7340206281971123
-0.550631997499019
-0.43030492320238767
0.22311432926638974
-0.51638680539121
0.8852617390017168
0.46028167483986215
1.333200531719098
-0.7846399104621066
-0.8586829225889887
-0.3207013088631233
0.7575743218019919
0.27658096743306343
-0.07519524165190511
0.2089186227091927
0.658166177125068
-1.2371252930883379
0.9447415789322449
0.27958549194371396
0.9925150891510912
0.2524161550511504
1.2428168030192093
-1.2143863583477756
-1.0245090160986121
0.2583573225726926
-0.5419373428287401
-0.8747139340965505
