37.63304186616396
-57.45252727416523
-8.268165611721834
6.653708827795707
-8.483761104066136
-4.750472458196067
4.3732924805130615
-1.159987609316193
0.13960353018255983
2.833066487333013
2.528409700841324
1.5224309413808663
-2.5433689849579073
1.527841296362463
0.8697725303838137
-0.040249670896874146
-0.5172277671976323
0.17948905644068658
0.08344377145066068
-2.492977116359101
0.02923459944880058
-1.0817315431696164
-0.18292324556576994
-1.6304012114816686
-1.1774999654677074
1.1586257240699773
0.10252414854235267
-1.8150823229829804
-0.2019148057444285
2.103374140840956
-1.0799216521639385
3.3362231021596793
2.0273905428402514
0.3244980029958709
0.5890684895105507
1.8160134452869225
-0.41788759949438586
1.4446560395313068
-0.31357274474933905
-0.9159164521358647
-0.35984515255201033
0.7983949091223785
1.9047717556290995
0.4172494172884826
-1.0788965530524222
-3.0563673658309463
-2.2956606630834626
1.961418252278276
1.7660852509467522
1.0526419359479264
-1.2821249722586834
1.6695797707402587
0.12135249601249776
1.5230798718842147
0.3546986442686588
0.22023353952962538
0.09981669317040373
-1.3628144785657157
0.11250089182408168
-1.0314039704680344
1.83813175372471
-1.1165970578945994
-0.34034341175006033
-1.3061107313851061
2.113488971457553
0.6617898835325904
-1.5636764042763749
0.9516140337104431
-0.45628135262061
0.2814728870876521
-0.5710783322111942
0.22192149275473597
-0.17780598387077584
-0.8040989957786085
-1.4076494289036392
-1.136628209395828
1.1309345349390763
0.5328813760480631
-1.3813076573727583
0.24547950081245762
0.21593353755207342
-0.6941085894967796
-1.058714399608887
3.2623680201021714
-1.6582604309420397
-0.33996825916098417
-0.9902109781353158
0.8806297096524933
-1.4829859001432117
2.4229470372292528
-0.006199419782086053
0.7039014411946523
0.18985103178112991
1.0939410314020497
0.3391468702048844
0.9274462725419463
0.8464354479215446
-1.843782672873683
-0.08645308638838561
0.5876790054598356
-0.3735773373228236
-0.348095375400706
0.33236919948616334
0.2691043418467407
-0.3387444922145947
-0.7831090357534931
-0.14594384951645073
-1.5461281663423154
-1.0037758949708158
0.463846408193647
1.0640471401177056
0.7381627123209057
0.9027683394634458
-0.45911925756342054
0.30251884398360446
0.4372964001216392
-1.439798441399882
-2.5359598210985737
-0.7129365649060021
0.786247314344164
-0.4677662246827403
-0.26322734969462314
-0.6496724455197271
0.7918557305038686
-0.38952109290527026
-0.21604629981288348
-0.5366893841730415
2.896454222168036
