-37.187600917104675
-8.967137731239662
-4.138748295174843
-13.446965295357293
8.888074797449443
-0.3137913498956617
7.326352088925939
0.7244571135822253
1.4155930051570977
0.7269020355983518
3.621827786661741
-4.575998398002476
-0.632545920097785
4.953270513309312
-3.3399956157524104
-0.24294705702554575
-2.990720366299789
0.12663471194470047
0.3356549100451329
-0.9805637829734813
1.6802127841039942
1.6230267831106078
-1.897976486328614
0.843347993450315
-0.4666048350408072
0.7404462631102766
-0.5109058432578465
2.0104625380659056
-0.5122486005718393
0.3542182809298261
-2.5319702763454672
-0.7646704562554344
-0.9838109371625976
-1.1436631836771634
0.3812352579735848
-0.2585576897106084
0.793477965916923
-0.29682128988393597
0.9048672589665664
-0.6238445906160445
0.5270587204094954
1.186204582270515
-1.8343525859629404
0.5617215198147524
-2.093907974598978
-0.7395659647092948
0.016503496221070856
-1.0145928332838134
0.1080970310011185
-2.463328028552727
-0.9156170254974842
-0.2806763547805053
-0.7365806433673013
1.48512268140583
-0.15462422809436718
-0.1848451899924603
-0.575912854743899
-2.492054601424992
0.5447246001731011
1.6264415634189773
0.5580155251201212
0.5882857511904761
-0.9431028814307201
-0.012155823826713444
0.6506028451975054
1.17248300537675
-1.1904038197459836
1.448685384277882
-1.9399200722137837
1.1110353132017177
0.6995101001861951
1.211520280473936
0.4145899689395043
0.5285993875365171
0.9546248488121943
1.1028344423371363
-0.040470572618421755
-0.24890437510724445
0.7696758864579847
-1.655239110164863
-2.1471905151269337
0.38310635222852135
-1.417152572992301
-0.26708398197082267
0.79201731851741
0.6074564095482292
-1.6404199576907847
-2.5820443255257994
0.28425216355822625
-1.7067683761936352
-1.5036016882923293
0.11436158594872221
0.3474381923498283
0.3362229550372072
0.9825167183536456
0.04908407455027411
0.8522479393481259
0.334593943787062
-0.18113181827703048
-0.6818224235459711
-0.33531450063501234
-0.8961660377788601
1.1809484848052798
0.5876371620373421
-0.19905437035675633
-1.209595254383652
-0.4222457040321583
-0.41569354714518036
-0.26755055622289425
-1.5255773697729336
0.8387659491485482
-0.3185619331145687
0.11840098356779441
0.6493014069983903
1.4223088517309919
0.03994141678825453
-0.6817872324274233
0.5234401856439153
0.2485468816499968
0.5330615036054809
-0.36468926497840903
-0.8730801195227769
0.10328397573515676
0.054558583197465677
-0.6637783239657192
0.921700166096909
-0.3839994764566461
0.5961020848004468
