-48.06128912394481
-5.717288009639532
-10.466443063766455
9.468174115232658
1.5226177537050836
-2.144050004986347
-0.27478979917625723
-0.816165315379082
0.01238994050881051
-0.6810760145097652
2.5985496553843417
2.091464404193476
-0.9609403568836233
1.0275735008675577
1.8854457410586527
-0.7434898225962678
0.5870163856012476
0.45308297596387637
0.15166079572504965
-0.14471803572922448
0.4285620118153298
-0.577272589137841
-0.4360833697682288
-0.9453022382417295
-0.6966012716081242
-0.38082246496525674
0.2815585472225215
-0.2907478471107853
-0.21841322387332715
0.8507599403355542
-0.3441489079144437
-0.2410814111507224
0.14553362678114734
0.24464971757780762
0.021521122674085624
0.4980659354148467
-0.021283856086910136
0.1989015536319848
0.09778463355958433
-0.030895554036127565
-0.3605257237509699
0.38033889520210395
-0.25317892772700784
0.07399230007141494
-0.28507898139460247
0.0024443853741681204
0.11650686351242097
-0.39066986815046206
-0.40138300660948395
0.41296585908012245
0.21142008849152596
0.09661490072227316
-0.029109376325638564
0.19504354115445946
0.3132805235917048
-0.18508190806308988
0.4211306222409523
0.21633920193119202
0.1814791921496519
0.281111364385396
0.01784016633963159
0.00527048740343166
-0.10083997743483575
-0.0016279236431882005
0.1387464089370843
0.5575147244258003
0.29932695406346554
0.3860571730213228
-0.02788476637261375
0.20526788242090122
0.3680344880294439
-0.2702782457262731
-0.02169897473254756
0.020652663765339238
-0.1603140857766886
0.03875208393085927
-0.015186370111513442
-0.10776193445606287
-0.14380986097817086
0.14024079835704228
-0.07114806204377135
0.04249827319819548
0.010628888328059864
9.367226303997472e-05
0.1422254927104264
0.044488975794644434
0.0472966739936288
-0.24313738912027003
0.005366015995611928
-0.1000657049390725
0.27128970585962286
0.19730923380116322
0.037676548442656554
-0.07788687663344687
0.14111798071126658
0.17802477336697237
0.48043239113398495
0.3910055496054603
0.4088304689684862
0.03737262900211155
-0.45758281607656137
0.021884475506719098
0.1773388060499377
-0.0388579015621969
0.3603284515650867
0.1790972347935591
0.03758627773932061
-0.2373748645756928
0.24663961680625252
0.34514230812089486
-0.24425068327149335
0.2042644120683048
-0.038687361744328824
-0.09416506510356834
0.10671787489466295
-0.1406665352915007
-0.3719572282714083
-0.2727536026489199
-0.4462212797270866
0.1368947230215115
-0.12292296225449031
-0.16975508167897346
0.022383886601732454
-0.09712170781938739
-0.20562719954341646
-0.05507455441107144
0.0553901089627469
0.14625434936919757
