-40.712927873664206
-1.408996468517707
-3.205892021259284
15.593494118586921
-0.761238007750971
-9.29082974105596
-0.04900630965813188
-1.1784401633934196
-0.23720371430199855
0.028095978331599727
0.004549469538743071
-0.11125390926680577
-0.11214882210713376
-0.2824896453884634
0.31458726533532155
0.5011815192165255
0.166360022187009
-0.15877287735016382
-0.20046827636856263
-0.3132537512116873
-0.4778049884009864
0.40046420961150486
0.4100875462530395
0.09249828632310653
-0.02531389326486983
0.10531381719483224
-0.3532454375161738
0.3057763901309098
-0.15937275705105194
-0.04967816971403312
0.23851346272886395
0.6088158821466626
0.10319522748190382
-0.29952312564077344
0.3005202761451112
0.890797733887581
0.5366179136871306
0.24339983074315624
0.14472167283078932
-0.2040811016773334
0.44654621347054835
-0.15424308937810532
0.08571540846902001
-0.04976092669356247
-0.09131186625566705
0.01327120044249952
0.32420251060779914
-0.5386491152744668
0.11160707418370422
0.7905331450088607
0.38808244648931206
-0.09089455582310664
0.5282829289483988
-0.3071590309435571
0.14981410441859253
-0.20628677174137314
0.38633800351460107
-0.03698928392978871
-0.25488738471014827
0.1078146241223437
0.13826653913948686
-0.3818390620552562
0.355500408194246
0.33950798328907295
0.15390033897238123
0.15814293476550967
-0.10554837283495364
0.3021951535420347
0.26324304735202586
0.09088782559025527
0.01018074860493829
-0.03652793857439135
0.3129512638804517
0.1333493898556553
0.3408270386152767
0.43496888089495767
-0.07590504534000718
0.09370336381239033
-0.05921768614726055
0.4621960838611228
-0.2260595722459465
-0.42723185043916456
-0.21178228161040338
0.11030234073813419
-0.05281649381630368
0.1980129294846774
0.8155856303363371
-0.18359921002029728
0.4447159002253625
-0.27068065343371384
0.34862730777404244
-0.08835717204866488
0.30169583239844633
0.012537855535786839
-0.5857475863598199
0.259087505967335
0.29974711424837086
0.050067379097553696
-0.1380516062985493
-0.4417949827877666
-0.2878382218022359
0.015585184984593867
-0.19389318906469644
0.2589926252821381
0.08014039484908951
0.031883539306118654
-0.1833423761729167
-0.11548013714929586
0.09039647482005586
-0.25940359004155383
-0.20799018973523578
-0.23690676683721829
-0.4916861073632415
0.25975622926358
0.042867553058563844
-0.06062063410425536
0.3401948232108896
-0.4919027708182111
-0.02151030675328571
0.10823776693814581
0.1755077660958071
0.17792596834678126
0.005762865025875967
-0.1899494567048657
-0.004819290381382006
0.589601125051512
-0.06926471256595604
-0.15657994162342243
