-42.37396894586
-23.29745346965802
-19.526991773097635
12.629107135878234
-4.255614643645172
3.199133081406947
4.594821009725678
-3.7502736862086943
-8.005965349355495
0.6136881834777606
-3.228754081303019
-1.177698986075252
-5.896773637189288
-6.251204960995339
1.7981670386056092
1.9880105608093595
-6.761272721619511
-4.578852120071144
3.663174874450147
2.789589799920156
0.2377416955786431
0.5767068374795324
-3.1390754806959076
0.1140588154641825
3.08346948488617
0.12084072663533586
2.4697585990358744
-0.48345488298818406
2.880843817336774
-3.8287617768797375
-0.40491589476867457
-2.272126962151248
-2.2414492068327476
5.6402844127845455
-0.7799895634090883
2.895903764639379
-1.3289860231565234
0.1648111282212481
-3.1109939212552296
1.6422328185518833
-0.6987446229494763
4.282504819774719
-1.9763921196797782
-2.823112682332302
-0.8132122425137209
-2.859514576923756
2.7023871742960006
4.138908129899511
0.5804722765018827
3.7764572336077684
-4.4262826973233365
0.7789899940685483
3.370641136232759
-0.31267590182546334
2.47644850110113
-1.2200706983861187
-2.26160317257682
1.237229885800283
-0.1984866870832056
-1.0156754828273633
-0.3306753055494768
0.18889141993128666
-2.6440950513222052
4.51770470897363
2.9730639302209854
-2.3023084298078573
-0.8279727903726574
-1.7806557269398113
-3.1567275094788196
1.0598704151755156
-2.7583517599002856
0.4627408958910265
-0.19922914186167698
-0.13399279707486794
2.5553463919016273
3.1875975075253726
2.2314071504850816
0.6424582002397572
-0.7371654422919145
-0.7983271376240205
1.5138032996817783
-2.441185781768055
-0.428122491070974
0.501169769693974
1.1226561720361625
0.62887831059772
-0.11268930778699641
-0.3459576514733517
-1.3842590006810915
-1.4917971121188294
-1.8397225476125911
-0.07596725411283275
0.42413335412466646
-1.1872864215383392
3.1127111652205
-2.090033950173959
3.9985555997085243
0.48852124664904895
-1.0618202531144445
-1.6622090696924197
-2.1240734939198966
-1.1229583243443264
-1.4050077475317262
-1.003957527321768
-0.3970248460786066
2.2436199841649422
-1.2625370911946587
1.2286421847300226
-3.7796085688021788
0.23726585160402128
-0.7489843612371495
-1.6969349020485378
2.909220576563364
-4.678234178761791
-1.7081214713365296
-0.2862757254976295
0.3442578285438892
-0.34969934225329213
-0.8998151137068089
-1.3183526432019526
0.4801376326098145
1.7089277448335003
-1.7041954214393513
-1.254211366729446
0.8569492026054989
1.2525386536560077
0.3527209299283186
1.2590154032717866
