-71.47668396905983
-0.08212139644902008
-4.956726223433214
10.84358632158764
0.10855944501510878
8.903582322126173
-1.7570610848223986
-0.38439716177007605
0.5717392374905785
-0.3839698637292173
-0.14394159991021033
-0.5548369919787349
0.464728151512154
0.27033690504878033
0.4977321387281767
0.7896118947492466
-0.10445809536365477
-0.3828539765601149
-0.18062910983224734
-0.297378216689467
-0.4203244125460525
0.05180001092494779
-0.06821279248301762
0.22902368458132344
-0.2722857331775129
-0.017292423878572327
0.37496241390880214
0.34224272335182665
-0.12308479188552693
0.05900800806914517
0.3634597675784756
-0.18834330557730156
0.17775853284594745
0.03594239524915331
-0.050534172066626526
-0.10650765224322159
-0.2839444533645124
-0.4503083379736575
-0.1093859446691831
-0.11144218835070505
-0.11190974853860344
-0.2544030427450926
0.13213546669434767
-0.060275721242458044
0.052148914212124
0.04103178985184003
-0.15133000030841082
-0.043930849722395415
-0.0427022572110044
0.19733292236778796
-0.11535322823948106
0.17246714765223847
-0.039088391994964666
-0.03580947159750253
0.19686685215883035
0.11579085430010452
0.20190409438756618
-0.08241814470761642
-0.1490529361019427
-0.11750143010956565
-0.17570132922307616
-0.2222807640600564
0.3606152283911359
0.12269554864447749
-0.3064550531244773
0.02482462794525027
-0.1404361633135604
-0.2009443039995517
0.26074674384036994
-0.01623638781883799
0.018362260670842526
0.16388775320574733
-0.05673410598932779
0.07870103016788188
0.20933104245092699
0.021459257010949792
0.3279300136942883
-0.15481735588083967
-0.20351819351609937
-0.16596077619235738
-0.1513248210646758
0.05234541105342008
0.10385416753914013
-0.0047514944789942
-0.13195678555806428
0.21553826365935616
0.16147673997389456
-0.18376351232040267
-0.19150468876374643
-0.1305469896308386
-0.08537304894554879
0.12731273125307307
0.3003821028615668
-0.3204429758355844
-0.1458045216076289
0.1573679747952186
-0.06750249411070011
-0.012092100365868885
0.09019717292564208
-0.0870446892075343
0.14219204581392184
0.49910072980059306
-0.12478908566823196
0.008111598003501426
-0.08224168136921983
0.18743414815919032
-0.3108091323256839
0.11636829676456295
-0.307680592761641
0.038329030375769194
0.1208164306831259
0.08969081563678183
-0.040991218590888195
-0.25057246846586484
0.18512222983870374
-0.01849532554065654
-0.15697314070670057
0.1170629598752111
-0.20042802702761275
0.1004142578176105
-0.3159933043047871
-0.10939754538770925
-0.37322139517141806
0.07877340697125484
0.13340411731867774
0.0577098564163555
-0.07591013454383748
-0.3831690377225215
