95.73783368407595
19.66713289152442
-34.7540746060402
-12.275961970053954
8.713704113742033
-1.0184455689691327
2.220996627505978
-1.6022241174855947
-0.5421296809833367
0.6426088928021216
-2.233108433921215
-0.8243893876558053
6.925323212886684
3.959665570445571
5.569763569348866
-1.056353820135228
4.267378952776745
-2.4808196352214478
-0.9149753780917513
-0.5411907108916278
0.828735293734822
-4.095392331901176
-1.306035458902044
-0.12191913369557174
3.213950320930759
-0.23866302254287947
-0.7986327120346112
1.3498024419309775
-1.9857491982866033
0.8855904038163964
0.6509703900598333
-2.8315670391001286
-1.6397681971763114
2.799396349066937
-1.707602987389837
2.0341100336089526
0.7886966666580199
3.095418408689867
-3.62445682628543
-0.875585244604202
1.2619565204779735
0.23139490212795705
0.32322109295970775
-3.0667016973280927
0.3506442467315628
-1.298629045770193
3.7240967710634294
0.6489884000606512
-1.196223435300891
1.554656861144816
-0.971426084215727
-3.762551529816536
-1.1889880229943497
1.8339640101266734
2.15322200886144
0.7680290241316786
-0.8304177071455563
0.11625226806357894
-0.574038786767824
-0.6236300442103699
1.652579682812489
0.8591625970108547
-0.6581389108496818
3.1833109169960427
-0.9687803097827964
0.601151730962278
1.5207707660953498
1.9374242010502667
0.9836927619288219
-2.301827077118521
1.056815539814556
0.051020778022276086
0.5686790334531259
1.4552617166192146
-1.7369938138924441
0.24015401250969462
-0.09469155027819567
0.9465607318261116
-2.397834054810382
2.376195894479884
1.388046192707967
-0.7207553360496867
0.18996224811575252
-1.3454630897893731
5.004090977712256
-0.5703003208357713
-1.2292867225091313
-1.861901933568313
2.324863675555187
-0.808823627405611
-1.0669047722343943
-1.69667992173224
-0.40730868215721827
-1.098852602150096
-3.41366087299621
-0.7882795275750886
-2.753345747635945
1.3670264925725748
-2.0236208799755904
3.170512699039101
2.487426495895429
-3.9192817031122593
0.18560481747874902
-0.8656412038254208
2.1484177202351176
-1.8993687641425128
0.24784645931378407
2.455446308957612
1.970068450604553
0.50138748923874
-1.1317642817040257
0.42400409901128067
0.020234759578865613
-0.5350834434931989
0.4892794666718101
-0.030462061162955658
-2.2849981194829265
0.8584921098686238
-0.6118876148082657
-0.18794314519844119
-0.9613428121877812
0.9339037994329106
0.6258886239187181
2.0843075670439166
-1.5861212128474138
1.2099465664008715
0.3656791186471743
-1.2005200365858475
