-19.434670613053424
84.94296512979308
9.9463024536512
4.522243118371161
1.663446129676149
-4.083764703100292
-1.6259522591101814
-3.9914955403039536
1.9615468105203644
-2.5363652918175514
-4.872059137678687
-2.65414050524567
1.6636428652218826
-2.4522115760981316
0.15081150560945952
0.8520078341556298
3.1401758255912013
-1.5470835326224188
-2.544527686557485
-0.4070898338421064
0.5688009799417968
1.3835874845563978
2.337203019428738
1.5348321370946314
-3.1576814766976278
-4.702345721121666
4.738097720267762
2.068708635150795
-5.170611620005853
1.586297401009197
2.7107370496737264
2.3995921355337497
-2.567069651906023
-2.689068789871483
-2.657718334089214
-0.6804042708154641
-3.1265642170055434
0.6421653644371109
4.531136398665307
0.5305759729081014
-2.4544223929067197
0.3777811715640002
-2.8265172813515407
-5.969850253060741
-1.4023364252030475
-2.0295547817220263
2.2010967206485352
-0.06279712437456264
1.5508684065823481
-1.9358040673782255
-0.36580446565552543
-2.8849581789736294
-1.7081220234225893
-3.7979613592426102
2.1360408504261312
2.745413114824222
2.6642135336476573
-1.107453894412676
-1.0645321166714325
3.3432805136006154
2.6062956994869264
-0.4788002572383114
-0.8169649057773573
-1.114923977915918
0.3801725951310596
-0.8366395770491417
-0.304639342278359
-3.2130589323007435
-3.7017061561647098
-2.2643527925567435
-0.73005538674092
-3.5444381919013828
1.8294191504968191
1.3827831391717085
-0.21127010198103316
-2.054219251934793
-2.572213268098351
0.548580482548735
0.09543574557990908
1.7173909276800319
5.088880523342299
0.8726633002385763
2.2845689759039476
3.1889603476667316
0.7982420138174816
-2.260677306253763
-4.247007001622993
-0.13465147406422864
0.5070747583656219
0.7204535566963688
-0.18181422773059824
1.1268748316234014
1.5981525678527644
-0.1691955463829866
1.1743912150818985
1.5991456075673682
-0.22684630874416956
-3.250657184894164
2.459452311809567
0.623383063743051
-2.4411783520029067
-0.34984050892293767
2.214347540366698
1.1230959936979494
-1.7153839335424148
-1.172324461092963
1.083276028247064
-0.11767940809613273
-0.8422608071050595
-0.8646882114601667
-2.2482721498993405
-2.3770406726405207
-2.9626771165018946
1.5723120381213198
0.7474431760601757
2.6165248479934116
0.4044378392129565
-0.5193834624568201
1.0760103413948185
-2.503010861329163
-0.5657825909432117
0.6002363898143527
-1.9883368247365183
-0.7571603369420353
-0.9893068564822117
0.8603184846135163
-0.784700753231295
-0.5669783751108154
