94.4985699208126
20.452703251614395
-34.99402050159718
10.941404154251048
-1.1904407736316291
-8.537177089087285
0.05909468979204924
3.0455043557405928
-6.123928599947415
-1.6393244904164206
5.827402439010583
2.0294918039487526
-5.280401241786025
-2.1303002425946067
0.349960903839742
-7.046989705265656
5.391659803171847
0.22486914419328963
7.810093755523739
7.2926541715798505
3.6639617388099865
-3.1474907626887365
-3.7916663614444217
-4.9002207032458935
2.2812133698723955
0.9632336379891187
-3.8770678991393472
1.5426533376884024
-1.5453993436457967
-1.3399915089976009
-1.1085463011890924
2.45140212533417
3.1875118220333247
-4.580422839880975
-0.25633263739155243
0.5619447366105187
-0.22728322930793302
-4.202199703721756
0.349822845103048
-1.3377739116625955
-2.8407487327563192
0.8625555557203066
-2.1929761950926
0.9053571797264566
-4.395535056409197
2.9717122268146925
0.2043270689892175
1.100032068320707
0.07385438692983831
1.5118785064362759
-0.6621727010422297
3.7896272048002237
-3.0924856848310647
-3.7662147629134433
-0.037873480763847195
2.6117318529813476
0.9168361727450449
0.1510371558273759
1.481353542117816
-1.9387391223908998
2.3951140381948446
-1.4225675727406861
2.028748971251696
-1.8985526183516566
-3.225107979623459
1.3204692224316255
0.012104266928122609
-1.3044219578092098
1.5719340763952914
0.1804982290264534
-0.8978791345316458
1.1019844675903225
0.21658816235021067
-1.2947663514875694
1.5576398193280296
3.3382205850479485
-0.4377049515176083
-2.398934743396485
3.357258944948091
2.108749284425627
-0.08197136116084792
1.3368987129405898
-0.24440710792521153
0.5412534265059039
0.7665387246725978
2.528918581936358
-0.30559746422550255
-0.9362882089371307
0.4306838379039073
2.027323097044495
-1.2005523979962862
0.01242780085886555
-0.3973832682334439
-0.4280684493458818
0.7492467343091793
0.8643053326109554
2.1005067584989887
1.6819325672268686
-1.2484885833667205
0.014466130824149985
-1.8824933143876836
-0.09440204503671185
-0.5067746565255054
-0.5903156484305007
0.7230070735236376
-1.2202690782437338
2.393432853249731
1.6244631354671726
-0.22263963715556195
1.9801134319388947
-0.10932507824093843
1.9192719502557845
0.18048875812407378
-0.4989958020330652
0.7106140537447567
-1.7038554275021423
-0.668880521341275
1.3631481689029115
-0.1212756098284893
-0.6334784603294961
-1.0801421778170135
-1.662154279828736
1.2441220949803666
-0.6660948156425284
-0.0576761588554715
-1.2605000042004946
-0.3808981395978953
-0.15312325991099107
