96.26320358686675
21.20617991055846
-35.144275896230646
-12.453834395743481
-9.189049581142108
-0.11738690254875164
-1.920970272094472
0.9328881032221248
-2.422966115661869
-4.14798752943349
-4.603856377587288
0.6391628995876294
2.3253746921847704
-1.5410625980081454
-4.22373114960071
-2.278573817478003
1.2250437997401982
-2.6570714401876048
2.709832184411785
0.26455064926940164
-0.4327268057470131
1.2691745970576331
0.6223615094397666
1.2425140448903678
0.45336199445323244
0.4236307311840485
-1.7155497876827726
0.23389988632980466
-2.2212447626005623
1.6060663209665915
-1.8101029820832197
0.7658175379559187
-1.2875676277570312
-1.6310220328914302
1.1688747583786099
1.198818588261037
-3.128652066334748
-1.2869889125365672
0.2257104473335324
-0.14251646879096674
0.7047109835115094
0.948528219963084
0.8489652191282644
1.003372514678519
0.8729432293931515
-1.8060120441496066
0.7854158126557316
-0.5567803217956537
-0.2743221166341144
1.7000828658542475
-1.3129270809516598
-1.4684865706361223
-0.9196095025523483
1.6972211270345077
-3.0267602794210577
-0.18968228141519716
-0.8174213085887343
-0.7764292392086478
0.3072843961320552
0.6897576219866439
-0.8893761317855491
-0.7236602160189751
1.6395803450283462
0.7754358717083086
-0.7292408216970292
-0.5082869187356891
2.392973185084738
0.9781952737964718
-1.7997573870119614
-0.3639651269112324
-1.8272471581425862
2.7794265369181175
-1.3272104726932812
-0.6328541169212519
0.9976456746306025
0.07360488919250989
-0.6594650101248171
-2.1379733990803427
-0.45865724857740425
0.07581302648128506
-1.1648782354106253
-0.7960318845415538
-2.084192253836891
0.06509275897861154
-2.149787628541222
1.5549698959435048
1.800071580016134
1.5806836622732379
-0.5908906023859359
1.1607189007394911
0.593461217627782
-1.8665981487213006
-1.395645207360051
-1.2399627991856665
-1.8735807464643899
-1.5166200650879613
-1.1803195725287436
-1.6672798808378788
-0.29075952820772966
0.7355686386912471
-0.5035397153153826
-2.2116219122291185
-0.613829772423101
0.9666786489025472
2.280307894737241
-0.23681991162873522
1.2426101478904532
-1.4274789898630447
-0.15739855106684086
-3.646392253558688
-0.5168348190135345
-0.07008471150988739
-1.0678211308735872
-0.17670418293317042
1.5215588321258127
-1.646327356200111
2.0927976239499992
-1.4569578761809265
-2.6706844647572328
0.9532745200327605
-0.5867365818786993
1.6057953172869412
3.21872408324445
-1.0339794641579019
-0.06478845162805505
0.8585795743095443
-0.5988811625825131
0.7261242271493501
