-71.3368180128406
0.6642666733093839
-4.451562013508962
-11.461686336425426
-8.69417002833454
-0.17192321543717048
-0.7274993257864109
-1.2731749867135986
-0.3160971867505803
-0.3553636308968183
-0.05524663633610058
-0.19271528850965763
-0.1928298795906455
-0.09591185336690526
-0.06191155186659275
0.5816343093671947
-0.12397538281537582
-0.3941499962879802
0.7215289594081021
-0.27970884857767186
-0.4727586473784667
-0.08906221792098343
0.4045689338963761
-0.7794209354692255
0.5643109049514848
0.3509019916996134
-0.009845866911813078
-0.836301456283049
-0.11809213265294652
0.10410356981088466
0.14180833320182978
0.6176241470228424
0.26653902768099336
-0.031342299450855565
0.20466590466297085
0.405009072659633
0.4806985030197538
0.2820608392347096
0.2643446064534579
-0.08919364331706403
-0.1033472429461352
-0.18640732801107057
-0.020158488258973754
-0.11829677007078292
-0.13531778186248994
-0.3225354231035448
-0.1989465105786416
0.32668845509218875
0.31697884107193386
0.16374485193109495
0.011044926682534595
-0.006512095828091584
-0.10324642682968875
0.17669372177984644
0.07728120328778242
-0.39026562701018797
0.06577174346761869
0.06652221688727926
-0.07443089006925038
-0.03932838243941953
0.19819530456040155
0.05515182915066949
0.08319045046798162
-0.18289446049219305
0.26243098643858587
0.3531211884923184
-0.09029566108438546
-0.4374317583655073
0.3450933946609583
-0.16120193024652896
0.15330458688210724
-0.11567319629022249
0.168467903461334
-0.33607989206494826
0.3078116793116065
0.0964610689355026
0.125425210827515
0.2539686011241186
-0.25151805332748484
-0.4034889522244026
-0.1759425394450234
-0.056670454032389295
0.06150373384909576
-0.10960583125396331
-0.027025642096570004
0.31307635367918796
-0.29353116982036326
-0.2479490353227612
0.03736999424640579
-0.016153208052907486
-0.2073659495086059
-0.20946968658421147
-0.06878602129223994
-0.15444626752895432
0.41389567994760623
-0.10612783479499695
0.051066068583458586
0.08610551574412735
-0.41055945952295686
-0.25229688085439606
0.019788460921814646
0.3136839172078545
0.13077063943076583
-0.15749858366979794
0.18692686865932026
-0.029445089796188387
0.23019518821349172
0.04860827737970584
0.09142651203159016
-0.023106429515532698
-0.22024729624223754
0.2716019585342883
0.20152159830203595
-0.270323638564869
-0.2963070218624038
-0.050645391667912563
-0.18632699061332367
0.07881949176167963
-0.43480077290579255
-0.010433019727496492
-0.011250984766729335
0.00970121726965367
0.21513570957618983
0.5333054375427603
-0.01775279003750853
-0.27325780288484314
0.13152092073101668
-0.1851638687950722
