16.43120254789032
94.49269036717064
26.728242702461525
11.204857516692734
7.035265117097239
-3.4052971101330507
0.1358077101670963
-0.6521920632679314
-0.6698865920210111
1.3758407993119623
0.36327094121811776
3.599845495007243
1.6469488355104485
4.561383457535912
4.0080203378912636
3.459222536130352
3.01342719681265
0.7758340320579018
-1.1160257176843582
-1.7030307357260863
1.3807962731614747
-0.09498608187326235
2.3952702838353193
-2.53766447284508
0.5417966922652507
3.9240583429551785
-2.5179695135692652
-2.274910431383211
1.2853437496541003
0.17046743332234193
0.8111931521767992
-1.9164557479885524
-0.20211158229807774
-0.33627261503635075
-0.3478789584254327
-0.539310831342861
0.7346717501272234
-0.5200056096785728
-1.1888687560353244
-0.641603854775463
0.5736325724736575
1.349940840502072
-0.09624446938407505
1.8370837511274933
-0.1631856431011245
1.6745093600391154
1.4478941724769414
-1.0614275221966039
0.8485008123885052
2.7069497476894124
-0.7164648657381194
0.260199778668716
0.30856981706669856
0.35684160404324705
-0.5400523879132814
-0.9921422405257614
2.460549726067079
-0.522273816582677
-1.234068306406471
0.2875177209902888
0.18120267912251872
-0.0626368013882034
-0.9412492804262476
-1.0412740406662142
0.19278783348454498
1.7740606139858661
-1.3040001682999354
0.09831779906861882
0.6494788539771384
-0.3791932781264889
-0.9022469907707388
0.07073436988131801
1.2930076783505844
0.03638519713092181
0.23096182286309577
-0.8905461248770826
-0.31480332665748767
-0.058866219163463504
-0.3769041462773919
0.4818751117016428
0.11190650065265556
-0.3433008950778537
-0.38636216184832783
-0.2666997519715682
-0.6562905713424392
0.8261363286851305
0.6686007553023334
-0.23398138682170022
-0.6847932714656116
0.5190659718140265
0.07442414448617227
-0.47758976502206074
0.552698916757292
-0.2913321220442868
-0.023051183753594787
-1.0980691342153048
-0.0924135073774828
-0.12461148724390264
0.006226691927803098
0.03685232744619743
0.20259007574441665
-0.6958528518406825
-0.022496408085593635
0.23972534253924743
0.5285665590789221
-0.6355246897717634
-0.17820795601162864
0.06685726154977013
0.5701793240991143
1.073648112688949
0.7400525662680935
0.17256960994503076
-0.7238972897866927
-0.5732817165857672
-1.265871037384432
0.0812621351510073
0.002351711357081121
0.4730781646562139
0.06504904927095012
0.041244429193121934
-0.6623472742474081
-0.16089758430702045
-0.20997677521490493
-0.5025865054484807
-0.10049545838174923
0.04370865814573584
-0.8418307309215056
0.7381786755646988
