-48.440712337233876
-4.838157098546351
-9.89200440248563
-9.24196787179001
0.829361726374284
-2.4749844062307362
-0.2414284226580305
-0.24282732565172788
-0.6883514318795241
-0.5967453889711962
1.7401927602879825
0.1602524176973101
0.7439836528017512
-3.4286261013311514
1.4670638315885594
0.02729939256954761
0.3431437867443783
0.45905615738147043
-0.6790960858394794
-0.6363922805259186
0.0037638796621046466
-0.700961306544261
-0.06442644001239511
-1.066934570546269
-0.04858807945688659
-0.6450595870298259
0.3147538037917129
-0.2962415589562501
-0.4529927007403317
0.3304790631692193
-0.3555525033390758
0.014306693222332578
-0.1731642346802679
-0.022787755706982507
0.00027359316104161313
0.09401166905822886
0.14331249819986006
0.13673395924907322
-0.18069472365953407
-0.10832458365178202
0.16548993775401646
-0.30911766068841073
-0.1324623494150727
-0.6229117074300721
0.06555215642373557
-0.3885907556792085
-0.2555241637363088
-0.3639471291145804
0.28619999492307957
0.05508803296407466
-0.0005482457284198342
-0.11871811129934223
-0.061216656466736054
-0.5329439749549902
0.11086156188359148
0.000983700470493315
0.032071480494360954
0.022258568804642165
0.45625719335052684
-0.0018869398839053003
0.4757184657326395
0.5768488775278783
0.03426738015241267
-0.06812199915284106
-0.1547316530549277
-0.03381179577076118
-0.44123461677552295
-0.24243543926277283
-0.04042402685400745
-0.27092146620930685
0.060948685967622165
-0.19185565667759297
0.4227324335843908
-0.45999114209663927
0.34117052835241707
0.16570019038936049
-0.28667094831793716
0.057425954404479555
0.15404816249407893
0.045928103676869364
-0.03826649772175159
0.07854416020490132
0.1315410097943402
0.3364496496126204
-0.19041238373604852
0.03701179895672356
0.22777649182941123
-0.017410202504635985
0.1179985248081566
0.21993271300569553
0.061314150279736315
-0.08671457536029713
-0.12234267420825648
-0.007451363669454522
-0.01293281914368101
-0.2022589830702297
0.2433028123771025
-0.08348354815242402
-0.11030678201558652
-0.23739072442742223
-0.40788275223918885
0.05624295319026762
-0.13516469884450827
0.061034016983398054
0.06051315721334882
0.039104296583366754
-0.013004897695385223
0.2113387897966585
0.054563732715045624
0.1515412225059158
-0.12234496239525033
-0.2217549605593036
-0.28487867527969735
0.09637361171739897
-0.20655007058767738
0.3197588155390111
0.08969368721669675
-0.5642234588378874
0.011450063662771882
-0.20533255666776076
0.03517758500463611
-0.10781590506822904
0.18230516050026646
0.03189342694040278
0.10370375993312608
0.21059188044435084
-0.11081600453267003
-0.11348192763809362
