-26.86069335367026
78.65620885667234
-35.822142796244016
-7.803679471324997
-9.045036463697457
4.456416302270463
0.41023839890608543
2.933774976605837
3.4583985384414637
-4.487719258739555
0.7320735956686634
0.7043999348901958
-2.2883164259290174
5.754435323138261
3.2657345237209445
-6.811056052595026
-1.1993020792716043
-2.8779929407583076
-2.4135457369322553
3.555031370155664
2.6763576216864244
1.634297846105962
4.120073703539973
4.126290344088019
-2.7198733864146467
0.440927077022699
0.7556285416946077
0.4093716676904328
1.8900759298067116
-1.5257208755186755
0.680698883380844
1.170115695132515
0.5184887869145458
-0.8292703955306789
1.593063797732307
1.0037008391542201
-0.06890287810648338
0.36053970932548607
-0.9862167414265373
1.3174900440228368
-0.4485238842006886
1.8229742398442104
0.005087866173989819
0.07511503179268775
-0.20510645620003531
0.7945531246484887
2.8628150647785215
-0.9408470753087141
-1.0466694846576754
1.5482428921710354
1.509543807074761
0.29728007996735956
0.7439021640029537
-1.5882375429160405
-1.280972754144255
2.838437087641312
1.5681207077753168
0.8727351584865944
2.2976879724717736
1.8805802547234296
0.4883660216741309
-3.03195112220241
-0.8253157082161862
-0.4020986537947391
0.9036765744921382
-1.1624059893365968
3.4666816876942073
-0.6288739895319251
2.261175539788779
-2.6745732572417524
0.9667084932122616
0.902780023603665
-0.7858352455501757
0.19156992395429878
-2.9933814247097588
-1.4025274057271797
0.7951808450832915
0.5078023871801921
1.0960002986370536
-0.17800983950281138
0.20497209079098025
-0.048018655476230306
-0.7830921306937206
0.6220752916608129
-0.9362659337036472
-1.3077319270238847
-0.691331045683787
0.6680711948588471
-1.4525051678333365
-2.674710931601759
0.16397650118096432
0.5164862453149719
-2.265075089514686
-1.3993050457252452
-1.0196303738948997
-0.7820439877142606
0.7485178596348461
1.6142863455124652
2.862386483449386
-0.3931864216433313
-0.21486686699968327
0.935545725451739
1.7934641121953938
-0.9869113746794176
1.0382319281470291
-0.7325672056836559
-1.1210785164160129
-2.8872505190146063
-2.262021580396151
3.3873136965656774
-2.415781853452334
0.46947540133894455
1.3029426221800662
0.36270705343339105
0.9282313299272904
1.9708126524765712
-1.7390301823072027
1.2980184541020332
2.657920491333243
-0.11583443407527058
-1.7181643840555092
0.06785286365759435
-1.8881247878374436
-1.1892606836333277
-1.5730011032806677
-2.1916207928566607
1.1447133082934573
0.6821154772379979
