-44.97873980482292
-0.300511782556823
-7.652780322204863
12.500682919421944
0.07177538022033586
-8.115261089708152
-1.9005037276583598
-0.9043561219683771
0.015076618240611253
0.2859653790617936
-0.342108415504027
0.33864471494663584
0.41271944438489605
0.46303530214324684
-0.7052581499182125
-0.10231353025795137
-0.44029349454123073
0.5737196309503375
-0.3521864381427823
0.3112854846151454
-0.17431358574050257
-0.05579758852211543
-0.17698065430848625
0.2952122597871668
0.043272821087932234
-0.21687519546692074
0.17439905684658744
0.16671874092707994
0.13805008624139387
-0.19488342036521134
-0.18506940938695834
-0.18105582543348797
-0.21825756733755414
0.047033749383763354
0.08146908376241369
-0.14428795158054006
0.04483193878220079
-0.15955282533716936
-0.20524615513952799
-0.1281789828967837
0.2747937714324354
0.15589949457625757
0.033691217002198216
-0.1663816825563071
-0.2181363420985849
-0.1071698904394855
0.23043904919411623
-0.21843573961261598
0.09958906749320143
0.06880490755653573
-0.1275123202098467
-0.3230691647428781
0.19320283934145194
-0.018266412022156578
-0.007285268135231412
-0.08551310672801307
0.40790033368386946
0.17488835612781123
-0.02481494610200391
0.030969894441417335
-0.16012502324934808
-0.0497865293846152
0.09465384965571533
-0.11426918601924255
0.05810503436462007
0.10211418245147626
0.08210997414951447
0.27301036667518375
0.047083840868120924
0.0827620485717207
-0.11870894916521316
-0.49857618582893587
0.09388512804011931
-0.2169915088088863
0.23862204045144986
0.05009820808269266
-0.07778488545455
0.17624533591852065
-0.2540753339148685
-0.163303691697422
-0.12027882120939098
-0.042875556308858254
0.050713859523476276
-0.14022824928788347
-0.3496770448850557
-0.31725462862772136
-0.2677310057261988
-0.06127477586661016
-0.044084441364005515
-0.22603863959502785
0.1458735251814185
-0.161849108857772
-0.1763276157514151
0.1790068320831042
-0.09126042627590691
0.1884063068751582
0.1349767277360066
-0.0896658536729336
-0.2689269797521265
-0.10877586242679796
0.2968377327837035
0.0794608313988055
0.0653537576146378
-0.05875695138565084
-0.19021628361167928
0.01502890337261157
0.12724735307093793
-0.045979112213515305
-0.062162086516102395
0.26820492735715995
0.28778266209639825
0.2094774861598342
-0.3871903649700716
0.2225058980828652
0.08083944818096547
0.053452466520729824
-0.03608566198666831
-0.08041051198103068
-0.2709896852593795
-0.06112515071355301
-0.22586484144767593
0.09407401053878539
-0.29540426967710015
-0.09864721661399724
0.07780996703700278
-0.044304273504997174
-0.11308401283624324
-0.1676178410346265
