97.804929092289
39.24541808756848
27.229010740581
5.741614480426858
-4.4654447640754
-1.623514548395005
1.1129811694640546
0.2588045607048681
-3.4632494644204517
-2.2342442913712652
2.619505233146647
-3.7640271590407757
8.012234685690201
3.032822009446063
-2.4447984179147917
-5.4019738542773
-4.296071224039245
-0.6590953477864914
3.665674655880359
-0.3050543046369784
-0.6500616837827551
-2.536930790077485
2.4409335671772423
0.9037468641524377
-1.6444886082452839
-0.5560101494427651
0.1260475231042372
-2.232558983373491
0.038743197013283825
0.009645385731281375
-1.6025763712399936
1.7426217667884227
1.83699369741242
-1.2157279486258519
-0.7040373620597236
0.859552327320657
-0.37302953776701747
-3.7887560539101157
-1.542802380773421
2.000252927883291
-1.0517301936918744
-0.47512067282391485
0.24050999467281936
-1.215716131241221
-3.4459804947267694
-3.5890382195463024
1.2568973756424535
-0.8255891477083233
0.19794857700891183
1.9727933354844371
2.3474229001009963
-0.11213189940918256
3.3611963284011304
-1.3023217152359485
-3.3960155776320224
-0.15900496850598192
2.038531539573634
0.36110583307507416
-3.102414265503886
4.441419776258828
1.687010711779429
0.004234633370528193
-0.8013624211031578
1.271900008648929
4.51688022655543
-0.2514970393011992
-1.5690244122245474
-0.4538658150446565
-0.034349567261869815
1.8986979901068846
-0.7731857580686609
-2.0565625586009
0.08272261278445328
0.6795493569017788
2.2094825960895093
-1.593225743857859
-3.047389968777845
0.5977151516332173
-0.18518609447694928
0.9940317205613183
2.755002229820239
1.6516577164289143
0.03478413862668775
0.6056567262730174
0.8454515840806528
-2.4705814924811915
-0.29143978534994736
1.2698549716606176
-0.1109914274685864
0.9739013730310437
3.2205081441867267
-1.549469110463432
-1.8823900899151442
2.6852139345179245
-0.2505148090185875
-1.8867696745356528
-0.21735531900597083
-1.9418759010865747
1.4188621066855933
0.6675823844171666
-0.10410661449342525
-1.7675225384888367
0.8349936419889363
-0.8840955528774198
0.4247204219870466
-0.37454027716097094
-1.2945813701872255
-1.308106030506028
-3.6527213599688713
0.5107952233982812
-0.8966651365991475
-0.19924248986606202
-0.2689394536535089
1.5279917791314903
0.3894176230288419
-3.2130106741013957
1.3854666131420437
0.7650686066696397
2.1672756224667786
-0.9284405248848574
-2.268949011795108
-0.15451835745632525
1.2014553470208091
-1.300933478568269
0.17667689162737327
1.1331895551074453
-1.101095515716026
-1.2413121482584986
