-42.6348145356937
-0.7413947176425408
-8.065064893361729
-11.024888659449177
8.291586180379594
-1.0120275126794192
-1.849066531204806
0.13636797498654563
-2.128228518351674
-2.1993942132987794
3.256900568603348
-2.988259189780412
-1.1779924337592065
2.8994401020132354
1.7656035203367781
-0.05670643067251739
-0.24436961101043222
-0.5160631267920337
0.0662673280899577
1.7179948096251811
-0.03159930049201323
-0.6832528420568442
0.08596847552719025
-0.7909830224307357
1.7392016694650998
3.272998841790825
0.13634881461524873
-0.01760578558864523
-0.03037523315576552
1.0452536035377906
-0.8890998642245215
-1.8684208124449107
-0.4039757598374117
-0.09892644873601829
-0.4229520410488522
-0.23510029562747425
-0.8152024757338763
-1.1854146674698263
-0.5455181696373799
-0.09948690575645955
0.5476483001877127
0.5430791035383287
-1.6203842902353023
1.636113470110595
1.1901325429098017
-0.38467853450713
-0.8106695487200499
-1.3097406197560209
-0.8401312781803133
0.3084311485232776
-1.6193969509664525
-0.3933952208896944
-2.103991731528696
0.8603113841872725
-0.1118916427163808
0.3547454114818264
-1.4157837041857317
-1.0254697017851402
-0.019989433156285485
0.44988314663510887
-1.3087166335882858
0.9446047173457076
-1.0508235723921409
-2.985610197492355
1.1664770929554817
-1.7196462043025018
-0.7976220043469524
-0.2825624646289794
-1.5105570642146693
-0.505990474553779
1.010735312514386
0.18899990581486198
-0.4835595831631989
1.87556123307383
2.1636080682007828
0.7167951781311225
-0.8629539910745783
0.45975008864579714
-0.951448596612027
2.2023715701707327
0.7091471570279746
-0.060408369016445515
1.5465677962678788
0.4384687265238475
-0.6543068375518385
-1.33391886447239
0.067290645952367
-0.9361521918362831
1.2508676859307726
-0.3751397925659442
-0.07942748640300501
0.7613390347501388
1.473496221479758
1.0766932835571752
-0.34447230899205683
1.202856994562191
0.10303971269347709
-0.12491918204169075
-0.13915245122558026
0.6677226521302269
-0.27178063397601065
0.16879920051618977
-0.3312834161946048
0.9006339971064242
-0.87644091818127
-1.1922019180734897
1.0360419010350634
1.297315954959134
1.445095320944563
0.7319451118677716
1.7727293416712677
0.7683193593875055
-1.1812032093868012
-0.08884217390528631
0.9259928223890446
0.6335668192633349
0.012403564995384555
0.8718415078010909
-2.0867992968285334
-0.4887612006830323
-0.027185286274021947
0.5316572845095041
-2.509766963253684
2.0144333303636643
-1.7234445717607298
1.052075289100271
0.5117521104486131
-1.5846648056709383
