48.42373021765485
-48.796277438803024
-5.304567446629901
5.266808133757868
-0.2415743345358783
-5.331227733234989
-0.6176931758543469
-1.3847164698080605
3.6313073208813123
3.6047085807262285
-3.625831664772163
2.914095081146401
2.646409185950106
-3.027400369365738
1.5957470190641723
2.7252820171135794
-1.7088499361743719
-1.0470749708715539
-6.306265918162761
2.4974761126451455
-2.633422320883123
0.8146919709640695
-5.085309357858264
-3.80513890696119
-1.4295524349517563
5.96082735002462
1.5807999228235263
2.0475454058173974
-0.6277891460310441
-1.4105997575540323
5.115416518325239
-1.2220847796507375
-0.9249259370831727
-2.7114054377932657
5.943580873242615
2.7430039329086546
-0.5749282927340331
3.6897308590965014
-0.24218119654830736
0.45596356715606673
0.8579277307776643
0.2756385574876894
1.6447984874257529
3.646533520632003
-2.5614383049673943
-2.1893414858277183
-4.016104083657668
-1.4503455654854598
-1.3956184609984528
4.218401327448528
-1.4482925336192165
-1.995387585450375
0.16380919237559788
0.7146412314477313
-2.074074421497412
-0.042952763310915465
-5.404987992190754
-3.2891201159623162
-0.8242207538694738
1.811268478129606
-0.5088504947351772
-5.142197815470098
0.7163520788748923
-1.8368098515274465
-0.8320212170959267
1.1375716467624293
1.779338821459855
-2.3599552423336734
-0.8528363504158891
1.5235231226980495
0.7675657289158584
2.5476367738780095
-3.641716434610183
2.0016169829804036
0.5593580943824589
-0.6732603567183646
-2.169643550824681
-0.9747431756166733
-0.8530566280687575
-3.011616086279629
0.8531692139973859
-1.9077035608443353
-0.33517557670509746
-0.09036654364123954
-0.7101308324959302
0.5415957088519932
-1.3550446400209357
0.2739136938848562
-0.6280058867082196
-2.736372806931054
1.1063693086043926
0.24463587323321603
-0.7110176642105762
-1.9400396644480196
0.12296209611878195
-2.0778587196173124
-0.8845369912738354
1.3149194490746916
-0.24371066252947315
1.885933999049148
1.3141036400545913
1.3366192066429596
0.31328622275244195
2.9201530433967373
-2.415191756890265
-0.7359216620479497
2.0777249538506894
0.3805328864352891
0.09032285683071595
-0.5195436479918011
0.7920397828002214
0.5055222299067865
-1.3528969123330266
-0.8107036295365995
-2.346046333090077
1.0108428930243687
-1.0587649853745504
0.3025438799483772
-1.2313187690121492
2.793589338303991
0.40519211040455694
-0.8968353108541287
1.1265929358619067
0.6574083320854511
-0.2870378728961177
-0.6875475602329367
0.14632347167187504
-1.4557401584466785
