49.115068419336154
-49.40128230598123
-5.309815141673287
9.824841582162064
6.514787669440255
2.063044614141741
4.142302758073454
0.7077716988973825
2.827609121737798
2.8908295733546705
2.3011002205578115
-3.097519413490874
5.616014767978018
1.5854237871738293
0.9640018740025207
-1.516174587529655
1.188177668034518
-0.7524475768678425
-1.8918644472086317
-0.2790717184060885
1.092140049705656
-0.06182423818997562
0.42068946438870936
0.5434040839458064
-1.140908839037298
0.9961784587550522
0.5664553209383775
0.10640803786611991
-2.2022773350148817
-2.0719614592301623
-0.5492283781577016
1.88911060315175
2.275500198731624
-0.39479467739465207
1.0576364005646812
-0.12721888660540343
-1.6137515705465169
0.3774655237641964
0.5540861765441385
0.5122019195106878
0.043944254970052415
0.3196881801265442
1.003307002522889
-0.1789118578865687
0.5306971686216526
1.710786439244236
-1.7719211480994894
-1.6270346743615038
-1.3143076558838107
-1.4232846832789927
-0.46784642157503736
-2.1922229946496286
-0.041212060361986616
-0.5052022703268595
0.6266115669834189
-0.24390953043420366
-2.4892986805981874
1.5484453466793966
-0.07628949158865636
-1.3433892830289675
-2.2240891797375033
0.41628180561140393
-0.07613825209781969
-0.21534154571706626
0.06962073275606451
2.6438661493392814
0.27799903957561234
-0.003410538353065873
1.731245570788039
-1.5818835653480465
0.11419749988689837
-0.09294369972595079
-0.3087816777346102
-1.332297499689624
-0.030602122105648916
-1.62864759123756
1.6602468802379484
-0.23476578691638758
0.22774643620898466
0.8778114392420066
0.8902028132357002
2.5023684524893404
-0.05787418287324386
1.3951807388703432
1.109963833971483
1.8882747755400437
0.26054296300609303
-0.5838414867127828
-0.6580603018113269
0.47399206762108725
-0.4205570716334589
-0.5058503547734803
-1.668800093215332
-0.27297796297981747
-2.021395895170379
-0.29118137897968543
-1.1641639549940792
-1.0717542654170207
-0.17150604544307246
-0.6725271761240614
-2.3197621600336107
0.23192639346951638
0.12799942955246985
-0.4123071164389037
0.6235551715106785
-0.9634003950565446
-0.75363055834805
1.6880912211923433
0.35905294019828954
1.329219796760184
-1.1646482684567079
1.5013938164793519
0.7170781495926459
-1.3429700331084575
-0.23098709543273518
-0.14239848579591113
0.29861547849655107
0.06045700939232536
-0.8556683044601645
-2.6097764781019945
0.6067673497316146
-1.471977895463837
0.742953530675331
1.2561680607957737
-1.2118320649818766
0.184363226005574
0.6512665674825426
0.5683804371890204
