-72.65386926579419
2.360544431198995
-4.287539286328056
10.966573059656325
0.29835241867716183
8.692929464568518
-1.6500516542809818
-0.3706930155105638
0.542468787536339
-0.5681959447232933
-0.1828002357100751
-0.4030702784960554
0.38526822824628304
0.13932612959010754
0.5033518255318228
0.7301334246633853
-0.16249399547011179
-0.14828205840560493
-0.21338592535881207
-0.256870257522447
-0.3261259073417909
0.026381998372007803
-0.11316684810360901
0.19435585959616117
-0.20301975107146267
-0.20174418289662593
0.31277035824243726
0.1775165954136081
-0.26466592454073273
0.2548377597034712
0.4282419737123374
-0.08045356001058052
-0.008324240432815384
0.036386701570329846
-0.08782726102053642
0.05061341050392493
-0.21173715176555072
0.0235187186871105
-0.12244745057667894
0.10935358366657612
-0.17998964655680827
-0.07065255171867874
0.03093077237062028
-0.1311684155139695
-0.013896580052531346
-0.0483114113005344
0.13806502058999853
0.10916373808921809
0.07880645553662732
-0.042238752232529576
0.15117191734251914
-0.05424971372330701
-0.08036844167102866
0.08133717512257345
0.2604216238428415
0.07998918781270697
0.017297748377463937
-0.13367411614953706
-0.18665444420990698
-0.0010666923179575814
0.01223803262251618
-0.18023116860140886
0.19462803555677785
0.03018128668291034
-0.25091649654345827
-0.23346241071281865
-0.15541269706504857
-0.05529092612263449
0.33585090757951597
0.30438663067079463
-0.3091744445794084
0.30118472408368824
0.16985002893446882
0.025502937175780838
0.12102813031034378
0.11172234389743538
0.2802512542317213
-0.15168965236635884
-0.027743597120902755
-0.20968800420294936
-0.13287137339710267
-0.1014661531224616
0.04826701627371169
-0.011902016969618012
-0.0950968341679159
-0.28967416542169827
-0.26212975720220627
-0.25400559207762974
-0.448682564833304
0.04856698560974415
-0.09776443036920357
-0.06780270922786162
0.12613421127632285
0.13109614534405764
-0.2526884443563509
0.03448095930914365
-0.07710364316340218
-0.13171502610492306
0.0620340734568814
0.12014454722746293
0.35400295870765636
0.06584856127471428
-0.27122876484633873
-0.05762030119491692
-0.058874087935918126
0.08412383665679377
0.23642903962209186
0.023885800472264865
0.07802528200935889
0.2589740169143755
-0.07643741506692181
-0.233391731460726
-0.08050470826352679
-0.34848201620282093
-0.16625881972939524
0.07883366048452027
0.15367406246827423
-0.18312409135277044
-0.1252663613457644
0.24228904767646664
-0.05640979597468348
-0.06838232920857287
-0.12048947070837045
0.0070235573685610425
0.31163224581625426
-0.2527173622141706
-0.08992562056425753
-0.17269449691407784
