-42.44221731292919
-27.793845187890174
-16.601020312620754
9.168715811678405
-3.8671538988828082
-0.44042258275582397
2.9065831479512485
-5.788130778692843
3.6092396810683063
3.0413536816707656
7.841728597648149
-0.6945468765671824
1.8148045359034737
1.8154431519339669
-2.4515732069668044
0.3694550172804282
-1.1224708106069268
2.612909996420993
-6.038436895504248
-0.7790940928933655
0.7867717340876464
2.53431469599645
1.0038156999187873
1.7431333091604655
-0.7540306731336847
-0.5591291759762947
0.7146095050281392
-1.2478760697116704
-3.490786706736219
-1.6753074867264863
1.210801292843032
0.5127125009223134
2.1715684255416488
-5.168437436940604
3.4348492022609003
-0.45438993687367635
-0.7715276087302558
0.7397236746295147
-3.0457339608614893
-0.6152319717876713
0.19384406370240287
0.9500530850091516
1.0897898958393522
4.558325738515888
-0.8145920335336776
1.380854195939548
2.1349241197714792
1.0337652702774143
-1.0054845655449898
-2.386595442665909
-0.7054328896670059
0.903659263024521
0.6105417864444529
0.9521219768642705
-1.5149013952688484
-1.3288202880328006
-1.1807993969033723
1.7025560072812291
0.5479034335248114
-3.41777497242657
-1.2636734129704623
-0.547941066893843
-0.7831316604584748
3.610605055517947
0.22690607779711153
-1.817665177878662
-0.9890556417905834
0.9740690953283327
0.7507243815283009
2.4430889706829264
1.1475183676442593
0.3094728980663189
1.6157391404082173
-0.5726669381463694
-0.16859490022307377
-1.7293659467572342
-0.10089935799386524
-0.3163790079638235
1.0044522949431824
0.5033397175131098
-0.7579685911368755
1.0559345880723092
1.0348442910780153
0.8027671052519126
0.23312457002267326
0.09485433848859318
-1.4991461927410463
1.250370465238017
-1.2616795624448167
-0.051438813593437216
-1.5415437641901493
-0.13312276249139623
-0.7201593665310345
0.9268937031913657
-0.37196653003643565
1.7582019249441785
-1.244730695509022
-2.7867281649802274
-0.47010017683197414
-1.8904574877445508
-1.50281817824541
0.8617699978490272
-1.4449448533874938
-0.06835924974423363
-0.10692969803642419
-1.3605546218293474
-0.6153679189024501
-0.49370060093203755
-0.1129804250888409
-1.0642350790292174
-0.28003946426854687
0.48398536149287236
-0.0980373819158093
0.6699286712593318
1.2974533142450728
-2.9923199224045067
0.2534298536335684
-1.2551263085927624
-2.968755996159717
-0.04657154968861735
-0.06245191071428147
0.9606883263277688
0.34577348286677356
1.797479436255372
-1.4206053888975578
0.35399051942955434
1.5269337460867207
1.1544486416315212
