-3.7642403653896985
92.28076598453798
24.51941563417849
-13.460755778901305
-11.072271114324995
1.6991086132300315
-7.898935719680684
4.499384780069953
-2.606782886166235
1.6378223555546068
-0.24027994074382536
0.9807182754896742
-0.9781633378624207
-1.7913090054068013
-5.142876529747871
-3.3139632742763583
2.2308383648027372
0.34910278765990227
0.9618917552648988
0.5276617110017615
-0.4652953473376596
-0.840429334796888
0.6973742969139989
-1.2945119225533936
0.8656190378422225
-0.8726118056663617
0.24721950331598855
0.16219555233860755
-1.6055060756065471
1.0803256967252792
1.958302793414261
1.105371835495822
-0.5947535952787941
1.6461438241727249
-0.4798599906330173
-0.09860946854448999
-0.6640483795766484
-0.0824454354176376
2.0040664728515325
0.8943517094148978
-1.088839524761028
-0.9552563417457595
0.47234031794505255
-0.7379264775706684
-0.7458414473674971
1.328006914036135
-0.31081961557827814
0.18394312863307938
-0.7725550707900751
1.3163962871244013
-1.6838141798584172
-0.12055861811743292
1.070669530602708
0.724016665110396
0.9632960195604305
0.5030222615479496
-0.8567517876261036
-0.8044054160173992
0.20651845120879317
-0.8750293902461393
0.6045666094727525
-0.37953600980683955
-0.3439165549662748
-0.3394788158830554
-0.7279864382260685
-0.13206545184851667
0.5371379703661441
0.41676738058787466
-0.5591110560574839
-0.3421895239852975
2.5269109105931022
0.734492721952221
-0.9001630916343577
1.4428697217442552
0.36523518835256297
-0.8200079665559286
0.40141718990718017
0.28484526006307764
-0.07277601632766367
-0.5206018497621673
-0.22055214559962327
-1.2864048593528494
0.47855704885908573
-1.3509445696692581
-0.05115702250539778
-1.148534377298997
0.35795309665246167
-1.5843204938881739
-0.056893664964719814
-1.1915591515494754
0.4667487449142917
0.6027379669941338
0.5960413352635204
0.172150362593461
1.5528100182437792
-0.8412441833661872
0.15411133075024536
1.7812158847404769
-1.2887026164822908
-1.8846316358909943
1.641274640596574
0.5092023436034206
0.25223003089301615
-0.09241999444629292
-0.27962704259490184
0.6012419509019447
-0.1098125133350601
0.6196647776680406
-2.1876464771596495
0.9206451948277266
0.8409529225299494
-0.435103255777663
-0.4363101331704608
0.3788721099523756
0.5285140958799929
1.2602468338493362
0.956139995634871
0.9592320197152067
0.4135576860358274
1.202502407718683
0.35867253274189315
1.2590754786716567
0.04324915560419379
-1.5373988079114
2.299651419078746
-1.2013738185682519
-0.5365357774043568
-0.17637409863460812
