-40.56217175123137
-1.208975799136433
-3.1533582631153565
15.747878106539105
0.7821026412448265
9.966373109745705
-0.5552251785594281
-1.496745907379969
-0.5568960609192294
-0.28036645590720666
0.3042541911152506
0.043103944559439375
-0.07427094581760323
0.22927772864454962
-0.027301629154836915
0.54247220538347
-0.1941739188981183
-0.4389097055810744
-0.10795910600825825
0.36484265865083254
-0.09740839077229549
-0.11086984877501682
-0.07866787448629456
-0.2745133251676748
-0.020474676432512894
-0.19192101211602003
-0.41015459059399656
0.2963859135805294
0.5598145942100603
-0.16019578704862295
0.4445127726148802
0.005614060609550622
-0.1651998312156069
0.05170818615426073
0.25191385474520334
-0.010190735415346486
-0.2149572440023704
0.1857162548986423
-0.32618501996103705
-0.0564273219949135
0.09198894195340736
-0.13264937847398547
0.07291479572723453
0.28056509499703847
-0.07621939300926903
-0.038764768414785766
0.167168157201259
-0.2380427608776134
0.12535257050304302
-0.22721590955340804
0.07081539688393285
-0.28066120768690156
-0.6618689888500295
-0.17084839159804724
-0.389529218233759
-0.6852654616654287
-0.3060671833664342
-0.03636067817209711
-0.02313583630420721
0.24793108879615533
-0.43633253709371417
-0.1325505572927986
-0.17653157739919356
0.09040321380243611
-0.1152398308836488
0.41337757904903055
-0.15403135159045167
0.19389426342310576
0.11844186857065991
-0.11379591499349184
0.32183314719822687
-0.1807517656743979
0.0879173934920342
0.1962985559951625
0.3582470865839926
0.0359963597674165
0.03234145479673197
-0.0010494073047246678
-0.15562156009214212
-0.3009230562792601
0.021751557527810397
0.21170581378165754
0.1672519787944043
-0.8098611925100303
-0.0718855251724061
0.1843752983112321
0.002005331438588587
0.2642102724701062
-0.02255324303301233
0.23532427928513908
-0.11605130509448625
0.014635137112493118
-0.37886551530426255
0.12651532104321034
0.16673127434240828
-0.6211859591263109
0.3903413091957991
-0.2577948683662362
-0.0742932967178491
-0.3879763059374847
0.10650789202502993
-0.10034942195512964
-0.41513847229649786
-0.2065662730521997
-0.32781600027737534
-0.010369214689044358
-0.40723664637368706
0.20074202840543148
-0.061928047532614675
-0.41719483736816976
-0.02451486897540554
0.5311626130328669
0.13143670005370184
-0.13234798058288968
-0.14374787829811403
-0.5013919452064055
-0.19654306930068546
-0.3048421553861966
-0.40332053312508265
-0.11277158225323991
-0.24749421655574477
-0.010952285003574626
0.3106253911819827
-0.11308361721564958
0.022159269334380078
-0.19411807904959474
0.2206703852445492
-0.2971118851961672
