-42.43309330940472
-0.36880397308032803
-7.850473719248452
5.533230283772403
-0.6730472064336035
2.7068802868969217
7.527471532782965
5.013571110690659
-1.500840855547207
-2.2145049721517243
-1.283553608886442
0.32842236315785894
-0.2012924931607833
-0.7416362576308376
-1.0854910616852778
0.7397989532155308
1.2218462950441957
-2.4108545018591894
6.889791831556211
-2.085651299904405
4.605758230066011
-0.7685096824555522
-0.6990182576845746
-3.1613172598778245
1.7034918394536172
-0.037533636640267126
3.907361639727403
-2.6321836778024505
5.234087799039303
0.12496295031599572
-1.6409448772212252
1.2883938780986912
2.7378807632575786
4.108977945642639
-3.0771050128893633
-0.5401658184560727
-1.1393080108669393
-2.958276383946411
0.006414095530999531
-1.8334305548577299
1.0038837688533544
1.8826596332885412
-0.17117261817027005
-1.2584557185952185
-6.429032945440399
-2.3673045801779122
1.5748220113638045
1.5763575884867467
-1.0045342481124548
1.635417303386041
-0.775433860550955
-0.031022049859636802
-4.427765412375957
1.1396227067589992
1.427617748679279
-1.0034744642383817
1.7484807673503848
-1.0042984797107544
3.35607681174672
-0.5079181489685898
-2.5463818620872543
-0.10391495210348137
1.7712841362860239
-2.1467283910702495
1.9423925872264207
1.877193785077076
-1.7093970987776588
0.7486593125155286
-3.3111956274384333
2.126269874244671
0.44996691377794695
2.424323957429158
-3.3333981422491563
-1.7405012042041825
-3.5734602182237185
0.23041569867603137
0.6126084408652939
0.8994145890188625
-2.694924193143449
-1.0096801432005318
1.3169525529145467
1.056614042506782
-1.1421883859821376
-2.7901709152524212
1.7999761597342396
-0.08244838201408208
0.39812258965809233
0.5227168750050755
3.6400316656052447
0.5017714539394185
2.849268253447113
2.4093615416757665
0.264119895839589
-0.12182325859184207
1.4492088559378253
-1.1532208266751725
0.3759950521769035
-1.7314571283149462
0.09917531433191089
0.1964591683297787
-3.925786593852743
-1.7631706316794145
1.9903953357063657
-3.5150270479534083
-4.797541849810557
-1.9628963359918352
1.8873305321951062
-1.507850414296526
1.578169359238085
-0.14377202939921838
1.926442400384138
0.7031550433381567
2.17744972490975
0.7963883484452368
0.6659154987527351
-0.10412291958096287
1.682418689698661
0.05334393066550383
3.80526615078715
-1.2855443153651793
-1.1818139629257844
3.280871893289603
0.19439348856491517
-0.2888568979229824
1.9300820843338835
0.13158538232464306
1.0363402246030644
-0.33201559063482633
