-2.390159358517811
93.36804716115182
23.811086052848243
-11.282318319745748
13.47444497647664
-1.1803755998907142
-8.765868238087723
-1.7479910221064603
-0.7448415229897983
0.5315804494349612
-0.6833772926771516
0.167701746140711
1.7584523752529388
0.8701887138812348
-3.980941587972422
-2.2627541649963216
2.8026731251929564
0.4125139233608316
-0.309345539293194
0.5667106585387504
1.2179991564522714
-3.3150628494669743
0.18875432593430633
-0.9639743160849872
-0.7575286737125994
-1.4058644650168566
-1.679281753294961
0.8135770348034068
1.7576238935280446
-2.605359451174764
-1.1777046990078617
-1.507318908238815
-1.219533469449988
-0.5138433671387052
-1.1912410881595328
0.7479723894149719
2.4873618115570646
0.9612252143157451
-0.872443015991979
1.7364796696940092
2.4084174462533317
0.8893892257353472
0.7790060052497084
-0.4060328456842073
-1.3936243414996425
0.19303050421164603
-1.828796621263696
0.09432670861678184
1.0799787337135296
-2.9001357832201635
-0.5901094924626938
1.3009240648418359
0.5498281633017102
0.33821929657251326
-2.0185899259025013
-0.3713006404637213
1.2785394717378538
-1.3855197641002723
-0.5669846827393829
-1.0523743051219312
0.5277305771253373
0.6136507480461613
-0.1864319256481737
-1.1924080456420378
0.7158116171674864
0.04835885335733525
1.9525838288500397
0.01075752678299291
-1.8253617999194893
0.3099854340859485
-1.127023575458073
-1.2564726909865074
-0.32751107284942904
-0.03208513364170032
-1.866690051768911
0.8862813523912316
-0.7954292696661901
1.0139715485318412
0.26544655398567263
1.7325016625501135
-0.7723656558776991
0.20244797933448772
-0.4469908414508887
1.094187829567137
-0.8139025200086416
-0.1835809358831299
-0.3092255218576438
1.1010482595082545
0.9885370900876925
-0.43816713600622564
0.3938977833604521
-0.3441707073944842
0.35281504314909357
0.8143509438440839
-0.8583040080603118
0.16971807553048449
0.22176877955277846
-0.7426241827393776
1.0032462630879286
0.09463230863860383
-0.46060114763641535
-1.0741930326380296
0.34063809686817226
-0.5208329005278541
-0.2939828839605624
-0.3671970329852388
-0.1243298917728212
-0.09250414000833794
-0.175613905856741
-0.8516761934003361
0.7847331253852662
-0.05370352554859603
0.6940837838562872
0.9599394010090128
0.30806621185264427
-1.0622460483316878
-0.15474615372197592
-0.493101713267578
-0.06928638094652327
-0.2557593233600171
0.07396768896100898
-0.43710769845512093
0.37320321454552496
-0.1969244821023446
-0.4996162150956309
-0.22933850253701918
0.7065635036964527
-0.27028451138004944
