35.773229391960854
73.09968002234712
37.35847313760275
-11.685588721984377
-6.113831772173314
2.3555378808733414
-1.1533667082012835
1.5136456753598513
2.4602612967826953
2.7082470829472873
-3.73714331946234
0.7938575783063163
0.6489594115409256
-4.631985710616475
-0.20880337020016926
1.3730585468848509
-1.4997636566051409
4.863216981631451
2.0181224852745525
0.458235856240095
-1.8032028248692018
-2.0235598134004307
5.673479607084386
-4.1688079515006775
2.934440923305764
-3.1100420536587614
-0.8093568166446725
1.9127413525904322
-2.3692631859259046
3.842267317712145
-0.5085953970120263
1.1798432682444018
0.9251749814361417
1.2836017889659364
3.0919689763445555
1.9181609649483717
-4.224671856232443
-2.7744843261863537
2.823904042467502
3.294838135838038
-1.78993960673703
1.2712436410241021
-1.1419314697175484
0.8994556381393662
-1.6639387031342636
-5.821450590081997
1.5080652526104539
-0.9229112324169398
-4.5713483021076105
0.6133316540189632
0.016232064763688117
-4.737693766457227
2.8540049240610412
3.4333265335104173
-2.5249400206547175
-1.0176796538229984
-0.4620760861515831
-1.8374985128911514
0.024092117736847656
0.48343628609684475
-2.9648115437787963
0.21189528992645312
-0.43689201919361625
2.467638127641246
-2.410359834639021
3.5349091625482387
0.02562282471943966
-1.4963964446883746
-0.16662632638251662
0.27347798110967375
-2.524912716191057
-3.999404580928201
2.0457775571582277
-1.7919030318489026
0.2558523847091706
-1.4215765500514836
3.229367612357426
0.13776403876378873
-4.618661984603976
2.381170787259977
-0.21492466503737692
2.468578693881858
-1.9188397635422825
-2.2386213192758664
1.2859777215684647
-2.871565586610693
-0.12350078556058888
0.4177637031352496
2.0863222302455324
-0.49436469765665064
-0.43415157998616893
-1.3303398955296688
-1.5998673010204958
0.36669472657536006
-1.9820357671721305
2.172790205443256
-0.31385595322877696
0.29048341461962973
1.0475839755028578
-1.9325260327540406
-1.669107744657308
-2.4404410447215383
0.9994543525312374
1.7488721279341666
0.27248312586561363
0.6265102891032255
-0.1980520492159344
1.0039216056944047
4.379684066084315
-0.4355802603681045
-0.08725638253236583
-1.0119312994756022
-0.7978084096880895
2.1337792218819196
-2.3404203546608584
-0.27207640494556173
1.061181748715178
0.5345510972111177
2.213042153326935
-1.1360210264924098
1.0068478486170673
-0.03072225452736624
0.5452976370475424
2.4203181697960603
-0.7553122304771416
0.18621275809187154
0.3933923629386985
0.7924963655346444
