-39.32441318573047
-3.5530408439643453
-3.909415749955791
15.134199893517547
-1.0700252134287198
-10.056390886488659
-0.2664174026454311
-1.7183697971740624
-0.3779950790201451
0.21758448549436496
0.20734057733632674
0.2360138055055968
0.25104652919026826
-0.10487906302784368
0.2748561982134807
0.042690990117453136
0.4640979465075586
0.06586056899518633
-0.7479524106265709
-0.1596589517372704
0.21198073332103906
0.8916860179427747
-0.49434619505663063
-0.023371821783925377
0.6947648248129618
-0.8228586149339392
0.5175601992859699
0.29250933625742614
0.42796016706751017
0.02659932958906438
-0.6907829577247709
-0.4170112647666305
-0.9214946859308615
0.07189196544024487
-0.773290020477659
0.32592727871303107
0.028760273870016256
0.3002438801649381
-0.19596923001750377
0.4201709783031522
-0.44966209545881286
0.02764792931359407
-0.1362695609032713
0.6446222459490754
0.42323326723281895
-0.45245505997671787
-0.1143759541477301
0.1725436408504427
-0.0934141087476967
0.33120171122092135
-0.08247612958945008
0.38229435385541866
0.32299581005385114
0.276658663675563
-0.3754798301504087
0.2828819940829851
0.12087924255701658
-0.25808866373409245
-0.3650645485225692
0.5681214120574223
-0.4304400854232496
-0.911149830707204
0.3254744193674501
-0.03352449227648034
-0.5727063309597137
-0.1219023999483093
0.5942148407581579
0.0483063615921336
0.6393819171154362
-0.20060687804493485
0.024419799012335243
0.17758492773000145
-0.08525139414056543
-0.3901322178312994
0.32003653710881985
0.19832463902231928
0.3337515250835601
-0.6255102978516655
0.027315908083269565
-0.5976141211126429
0.2835096523233152
-0.4514456218800275
-0.2362763236925696
0.06708224098771644
-0.24055492388957805
-0.1595328217959129
0.1760775644153974
0.31233702068500574
0.0020285116398598892
-0.8355397451939343
0.37361291107032696
-0.37337401898126643
0.46779125436964913
-0.7543262122615993
0.7078896311621642
0.6227140542611167
0.22249438674311145
0.24728289745992504
-0.09915195865195375
-0.24061811798940488
0.005962024358885827
0.06016433039592678
0.29971154647451015
0.283874457243361
-0.12855009719318947
-0.14724756626996016
-0.10572451232707974
0.7084960804577993
0.4136212647211141
0.04642752122308839
0.7681945791423395
1.2626443680971031
0.14693156824882422
-0.7024765699784676
-0.537778876891875
-0.001358291668182146
-0.19613147733054206
0.13578156304982814
-0.45888476279283563
0.29554930870689194
0.5958605694405809
0.09515835032900802
0.24419014769503516
-0.3212649518909999
0.1427011225662308
-0.33482633456754746
0.20126015215735174
-0.39787549809033124
