-40.77597673450256
-0.9018572936304895
-3.029701964737406
15.612113410219983
0.6246964586949185
9.810159608477294
-0.5610040384575237
-1.3925607096124364
-0.37515711849082917
-0.36672325389886296
0.02696500363389491
-0.05630398010938935
-0.25652195549482515
0.4977527956325959
0.3591681169066676
0.8194601178381037
0.06680440173839047
-0.85952090934722
-0.09731874571173521
0.2984946937393998
-0.314321544228883
-0.00911844688572883
0.312295680157375
-0.04460569640163289
0.0301243740791391
0.13010262470444303
-0.00784928852273141
-0.05389271513137675
0.251063374917646
-0.3536261128341124
0.21234719785484582
0.18116161701588457
0.291846305515916
-0.33483691852502134
-0.7555656746955224
0.5849455554364388
-0.38340286160973713
0.28668948803376604
0.20717822709749528
-0.20458879436053407
0.04583378091131281
-0.09823996611628369
-0.08758658191233029
0.06361713223617779
0.34218404050062734
-0.42175796417985506
-0.06618914809331371
0.21683526172194967
0.03384222358749783
-0.5289516167183902
-0.4271640008365188
-0.11122103346248308
0.5525071852824841
-0.12365866248723703
-0.02323167183147993
0.7946077906750854
-0.08751608824997045
0.41002509396247444
-0.04600042228589007
-0.6406461564225678
-0.10458730953596648
0.1694045918153671
0.26596485649915574
0.04995903033243833
-0.37944760151040774
-0.12829197483248816
0.12259894042069713
-0.3733094143533935
-0.4788562307037987
0.011467603597149118
-0.2505095114300552
-0.4955956735892277
0.1626947180787976
-0.0620277450553759
-0.004334484700554928
-0.21574169264861037
0.017568169172716724
0.21613352683934292
-0.15274839007999333
0.5101896750452047
0.0004549402339067282
0.048619030769501886
-0.6082483952008192
0.32789512532376863
-0.14401089782219526
0.2478310591624857
-0.06503315800826984
-0.4681788567983838
-0.18452839399694965
0.2018302739980818
0.005347220968069721
-0.5349686589158875
-0.08966853771587174
-0.03330525587121713
-0.040208276115473965
0.20314706823965714
-0.03480081416251015
-0.4374594361405182
0.1095909598167527
0.27629706630802225
0.2417352635843542
0.44627369728563065
-0.17354668270826867
-0.15157034759487412
0.07731279383178546
-0.04045475610033627
0.6236518533432712
0.22144935980161734
-0.4409264024770097
0.13523833908884572
0.050512523466756075
-0.5302138416053229
0.31505758134795814
0.3202884808783975
-0.06207750796325315
-0.380196810591969
0.03429087190609767
-0.310792192754145
0.024276092444640747
0.27045350626247383
-0.410443583207913
-0.3378301969354799
-0.1416289504312901
0.13817493763567038
0.07690470586701113
-0.17297713195611888
0.0007153223519548585
0.009857294043623028
