90.9286796663887
8.005901528922283
-42.55666223127393
-6.868634837046801
-6.035945709411277
0.008918302734506584
4.504264920646493
-0.6078050387542038
-0.041585907597030215
-6.439117095261242
4.889923033591771
5.731034092719279
-0.7160626134813329
3.8103450363355718
-1.038366882370563
-4.564611595479806
-2.3945801244575255
6.349384900527144
2.58554557434305
-4.2277174774502715
-1.7966717610309337
-3.395531725272525
-2.225087778977249
1.11483957905443
2.2851845794262675
-3.66135207317021
3.0396123727332696
1.60957646359689
-3.646216260671219
2.99131093583654
-4.077872073387072
1.6225006204309285
0.5671495920892677
-1.8797450966204556
1.731324358817839
-0.192363776088593
-4.828943286260144
1.4540117678111693
-2.5046737990567474
-3.354830601645968
0.8767829452427374
-0.336372575398528
-4.205763617317479
2.8945729305331485
2.424401177207288
-0.6613776851307204
1.175713018090352
5.721475376155641
0.36216110088141373
2.7546492587778846
-2.5311617668304796
3.9650861743516908
1.566610584187883
0.5528682097545223
-0.021135743830593967
3.6458247251819587
3.3028555949061476
0.5262416575731668
2.915270343212887
0.25491820362412826
0.9183382349371816
1.6303847519853412
-3.9781800822641826
-2.094331202052606
-0.8128477247756877
-1.2956065449247185
-0.5618741386903837
2.4318260882428824
-0.3204192268861626
-4.027240864220239
1.9056866092346294
3.206813442762894
3.827123966963007
1.9752525028275798
2.1203860768185456
1.9983010895394544
1.2899605481307506
-1.5032563559462608
-0.28807217123996426
0.4953413640144269
-1.0843930288149206
0.9311904136079582
3.391911344326673
0.6734699855672616
2.507513107488728
0.6084186620880735
-1.4238751987424467
0.4931318701272422
-0.2325880606320133
-2.382021126453404
0.960051536793527
0.47061584063370954
1.6076837222898914
-1.6590252770866178
-2.703954226704894
-3.116533412483274
1.8135163333638247
-2.449473081417169
-1.9161048989252971
-0.23084960273867097
0.34549660395569914
-0.6012588498484415
0.4506587949768403
2.661883021954411
0.7252735003563009
4.374824459388687
1.1455001869736163
0.20055619679538575
0.9673535758007757
-0.8998245135019496
-0.02537413875642624
1.504865176059961
1.1497768391005976
2.4307350541564796
0.06555844788677659
1.305019040747755
0.19692677811209103
-0.10788037530562884
2.5356504648174023
0.4599796411283708
-0.40573394897964243
-0.24102680981910302
1.359782174869046
-0.7694138549169656
-0.9069839715045815
1.362450198627306
0.7597832083701677
0.3484462376105839
