-44.91078278355585
-0.737172832945858
-8.591961138535227
12.104017780236356
0.19650108286206713
7.760781846122082
-1.6846135679041065
-0.714131636170982
0.11670023397490535
-0.6000494766443377
-0.6016123659293793
-0.1268620506180847
-0.0007854710457811387
0.2591330413282311
-0.4857948333903541
0.17860020568417392
-0.3507603666963441
0.19119844033019184
-0.19553735201894995
0.2688744239035873
-0.3603028064495353
0.11990442060818238
-0.1288317760206166
0.42914904278882093
0.38071325901796915
0.028182446499374528
0.08667788551270744
-0.12194062362834518
-0.39131681706629473
-0.5200670869998892
-0.24837256661765342
0.1891215593238999
0.2822400138212333
-0.2999042157717473
0.20354777283366793
0.0037658219618220135
-0.09321448931719555
0.04990482745628969
-0.2272007510124934
0.2561165218133293
0.10367355062540136
-0.12783485821092097
-0.07750119292090463
-0.11626120871926302
-0.056459991528615576
-0.2285779777644259
0.20466002338348765
0.0490957270890244
0.14795367587944455
-0.09145344484421906
0.3571767388759113
0.019842501583708733
0.262831231880427
0.05476795533131695
0.1843451451020814
0.32300330093381935
-0.3007084417295802
-0.16071183623012372
-0.18269428609771846
0.12280924771111382
0.3393652468505452
-0.09391825503392282
0.03951909913113117
-0.02587474029557181
0.23038234784605316
0.28210689742893463
0.2815625940140629
-0.34793646764990366
0.20970586966986052
0.1986890054787092
-0.023672084266954843
-0.3405033721159295
0.04788597125726237
0.08953568615074331
0.42451357292997066
0.20113801406326556
0.01638034411181853
-0.4773410643687612
-0.11941383479000026
0.11108374751308854
-0.10524029185575132
-0.045443763016269345
-0.10494310578509092
-0.04229541231594827
-0.044938523725200026
-0.11505935765978212
0.08768520717458261
0.05104470247068191
-0.15930031403329872
0.09812273903865562
-0.1354962145005612
0.13523781458272371
0.3500302959090301
0.08453348393145708
0.06512526018082446
0.06274380693398904
0.1417908215902457
-0.06386474859854921
0.5119740894654704
-0.36659762503491916
0.1060584864727161
0.09122585894940621
-0.05679965899946331
-0.2740581591816327
-0.22699748642276868
-0.4043478557158912
0.16287584772938649
-0.4421609959335455
-0.08289748786342949
0.012455048655942727
0.4429542180286528
-0.31417963932110593
0.24465264578061355
-0.020011416012855887
-0.10356901405313951
0.02657801362434685
-0.05760364594429052
-0.2319385964535654
-0.047652780473946145
-0.3916599132500236
0.0867841077319567
-0.16344507077215095
-0.3186597749963623
0.46062965678754403
-0.1441083979611222
-0.22830991842415238
0.48755895567618307
0.39774752848530126
