-48.38694893641213
-4.7698267940772565
-9.466588791363685
9.491708592276932
1.684023475800164
-2.550621733401311
-0.7957302119650951
-0.3849992993189311
-0.6202129915244906
-0.12532334811932505
0.5560702140188145
-1.7412115103045702
-0.4582103813544997
-0.8351300702776112
-1.083326820559715
-1.245077264965233
0.7559581370749979
-0.04122556510184783
-0.5674660455644074
0.669520719506274
-0.19234245211538253
-0.7632413830994673
0.11721885495261308
-0.5332949877725981
-0.6283036436017042
0.011283486175131557
0.22455630994527567
0.3291656947152149
-0.5934982813969845
0.16110332726416474
-0.5700580774712929
-0.178319609927363
0.2764243473079955
0.06746012232934237
0.033128071619237115
0.43404756159721825
0.15929478019083176
0.3858265572684402
-0.12816008708326995
-0.06343786688184165
0.18887507278864193
0.47861207664709177
-0.1767685262567174
-0.08385010779371702
0.34453712928467933
-0.257191449790823
0.320915093925188
-0.020171792493028418
-0.32653178335622834
0.05152538370410137
-0.1946590391707695
-0.3363454729415692
-0.011309678026727263
0.09234281479465631
-0.020437928644614578
0.14292444127826365
-0.08071457689336682
0.2474833676605304
0.0934624357864508
0.12632947226478397
0.16209303848561157
-0.07625134342029354
-0.29439109854555545
0.01117024351128823
-0.18287530228983398
0.1835086174762785
0.20437788751041983
0.31682546304992165
0.031009751851249823
0.1972751722182353
0.41568666210055816
0.22836848364691995
0.29959754462017374
-0.22569389004602786
0.17118463858968125
-0.09628621528664247
-0.21076332509277712
-0.17364100082164205
0.01272105269003887
0.1537660141791552
-0.29419402412948453
0.10008594754890413
0.07431362442676519
-0.17943303586713566
0.4002191330956064
-0.16701196184942782
-0.01835358134500355
-0.12267480977433959
0.1595808347625847
-0.15002651260504585
-0.10875796510260399
-0.18908853154865163
-0.020039603623842883
0.06642257299601423
0.0952735232208373
0.13006153248780922
-0.3187712424583149
0.2764355709217294
0.08891163688170703
0.19004499208982617
0.01969006835176422
-0.2605947581142356
0.20878916575623768
0.08866037947612149
0.07929584629657262
0.08455053431236859
0.1940184362670115
-0.05507457350206793
-0.11126509333891216
0.09619195566779837
0.08051675587626198
-0.05199952337059635
-0.0838490611360213
-0.14688763891273698
0.11007835861560207
0.20844773073230527
-0.07589130360232808
0.2939288186094416
-0.11523915973416646
0.07123630771252681
0.08442069296357167
-0.23178473715064665
0.03444763124855087
-0.1301615309924304
-0.18225138993903456
-0.2693395741296335
0.10480526189551492
0.00793678965078921
