45.06069775384088
-60.81521230208252
-17.48216423687583
-16.912506757760273
-10.979180534478285
2.1794308180035715
-1.43109589360677
-2.2028290131665087
0.057455012709175114
0.4950489078986508
-0.3192788906202361
-0.7547815179874556
0.3680436225454573
-0.1662913611073931
-0.6965117754739182
-0.3669186130990376
0.22448402378135793
0.5051909535028547
-0.025223097487059143
0.10411844169990625
0.09410812994232473
0.6387498495496106
-0.34759338979980103
-0.2739723280451972
-0.014496373613698411
-0.09725562062604846
0.6172386614488489
-0.11820089435240871
0.10531154343214344
0.1676076051921895
-0.2819855597637968
0.2515480070500588
-0.3409857372020818
0.020398707163566294
0.3131810841104727
-0.04024186188963805
-0.30278245145913696
-0.05205085519616698
-0.21150588952569443
-0.8410997474718693
-0.5439895459351758
0.2885733988080693
0.33559350796414716
0.030805443485457717
-0.45149933738625597
0.1296458759510637
-0.047154097592889896
0.6354917164945401
-0.44626460452334005
0.007583713303505095
0.41817400904715013
-0.34773113862944166
0.5398682857932788
-0.2651192566213235
0.4659998515197475
0.08276446148895925
-0.05423759864358827
0.4180121050501023
0.1087731974236571
0.3014895577425525
0.6504925717283215
-0.0055833842765515874
-0.08174922696521864
0.11944376683496326
0.48110967500039603
-0.19745949252840456
-0.459915826104875
-0.6668032712607395
0.4469543968065179
0.6988537347572976
-0.49784746794376517
-0.382832090048283
-0.019896370231450466
0.31662497663324446
0.7176130010313612
0.189665818215476
0.3772869853268356
0.7565232635522968
-0.5958399198358466
-0.9264290861300457
-0.3252344671726306
-0.021586032234006847
0.1613689322296316
-0.0739575916776442
-0.22850121631321904
-0.2792636104038402
-0.650870661828823
0.044259549567559564
-0.2033172258708056
0.8655924437822938
-0.2890278150048553
-0.4435129498975929
-0.18840751523566276
-0.38635068755580426
0.20481916291336824
-0.24118765846980672
0.7603871336838508
-0.6353827840649919
0.3680810959050359
0.03818410228736059
0.45148738959629225
0.4645419380631105
-0.19636509712099207
0.436894458210093
-0.3728820044012682
0.7070362019715118
0.45622070950252674
-0.5680072330500112
-0.15370559090909663
0.6724853922221226
0.35949357581300867
0.34954083734421876
-0.031235340577840484
-0.7135385414182799
0.2184198458487917
0.7559445402273903
0.1607536194294135
0.534133944700478
0.621494308102296
-0.11837361363223173
0.08966236298252325
0.14766539259659694
-0.10734019672148762
0.3896294720849484
0.5122108779350579
0.7226494108347681
-0.05258817941459874
0.1665925514324707
