34.474115318914656
74.06169677821012
37.18516619466254
-10.39732521918619
5.598665824327308
-0.07832661249991091
4.00885929155833
-0.1106641918854653
-2.1625403289405605
-1.095811670726973
-1.3126375840846187
1.4335507428872925
-6.434187925497019
-1.23523977344308
1.0912593691390973
-1.529113517089561
-2.287476486867014
3.9653989711238253
1.9237099856048514
-0.7793249269937826
-5.975578026377841
-7.374371277891284
-2.548540879784002
-4.028997602702478
-0.42731476804264545
-3.1060619691121047
-4.374968426512292
2.4687849569572013
4.4844116298023255
-1.6460516951110398
-1.1765257830953284
4.493588665774292
-0.20382284785323354
-4.644078986205686
-5.661535054504536
-3.741982506201083
2.008546761212178
2.7901069480026974
0.9409312954569169
-0.05079058216031463
1.409669361061521
0.5883512540381364
3.535098839206468
-0.9596165504304345
-1.0998874309007856
1.01181279302299
-0.654676101401637
0.17785517474959345
-1.0209447368273368
4.516059051338589
1.5770985355206542
2.3669491810456655
0.5735494147194505
-3.6429700349544585
-1.4772590767620146
-0.513121903769848
-0.8552271204492896
-2.1628579367187264
-1.3662530037887777
1.9921388599571657
6.124679671764142
0.5539681601019998
2.3969866379800697
1.6720240942055065
1.479283614659741
-4.487561240638676
-0.9863315825163214
-1.412332072864262
-1.0612006744816846
-2.2082326476001684
0.4387591974459171
2.7812848428371777
-0.591455203789752
-0.29101026246838296
1.1798594082931393
-1.3637864804708597
0.8296301262421986
-3.6326285058932672
4.783010031331463
-4.169064123554201
-0.20391434262561764
1.2395758682281022
-0.49604203225988275
0.7400617715230645
0.634405725586215
-0.10567946942796225
4.156598852788348
-4.821673697391126
2.085599269026443
-3.3591728740249245
-2.105292502750942
-0.4482577134673032
0.4725721291467224
-1.7825542911203196
1.0796721890657097
1.8931358559245823
0.6690805412133317
0.06999811748873486
-1.3878946561096017
-0.5281765804758008
-1.5861425330477574
-1.7668121409686484
-1.0927105178919267
-0.16428139870377273
-2.8184888841874702
-0.8787754293230657
1.4799835176045173
0.2871375039736346
0.5792268277341341
0.5370364803474358
1.9423349584929372
-3.160212951752595
-0.5844262856227641
1.2381022437421332
-1.1517302544632075
-1.1383987976547467
0.562778615705408
-0.586537379188751
-1.0129730520981597
-2.4867693612211625
-0.3516439962506266
-0.08261861502266232
-2.1946712788346625
1.3538934509594094
-0.008915643736530074
-0.7260473908626092
-0.104894496320077
-0.21204790039006002
