-44.7256530488322
-0.4765126937629932
-7.847412224049188
-12.845951591384816
9.347867658261459
-0.06859990406621469
-1.8414598163193587
0.0936733165164734
-0.2089927100231871
0.31985313321366554
-0.3277771621501936
0.14421421217999703
0.145416901618802
0.19745851655719754
-0.4825011454733695
-0.3862074261355579
0.34400993175237976
-0.2734039790270089
0.0578729562674877
-0.534462854496724
0.7400239839502479
0.17944966395924966
-0.4305792468750463
0.07305569061351035
-0.20937539156767943
0.693718455046731
0.036513273267274826
0.47627044387203
0.17904257180500943
0.16626242041350228
0.2701475544780813
0.39102446087143666
0.21228869638162298
0.14244985557715548
0.06269359459698648
-0.2875563789300465
-0.2988099727517849
-0.44798877532408793
0.2469625930355268
0.22103442687749578
-0.18879464595914217
-0.38275432376285423
0.08738460998363026
0.023959066178188125
0.4004115134804178
0.04651179399199959
-0.1843118126164494
0.358711873286474
-0.5709446518436471
-0.24023072587862218
0.02356794498023807
-0.35978672484196267
-0.05898796748685968
0.3421651459229657
0.00047756767059305844
0.3055578139828363
-0.13516045088510148
0.25535330347486124
0.1723686700812139
-0.027153148468390072
0.05743774151929719
-0.06793118772080889
0.13788664501975553
0.19974559288958435
-0.012916530115255405
-0.040778442152840766
-0.07458036149296439
0.32188538856579324
-0.17388878558229826
-0.12145110295589653
0.052702027456156694
0.1253670378824254
0.19490428664060006
-0.26437886286654716
0.14904065430549546
0.1591515495610406
-0.16277897134892474
0.28553396544418647
-0.05802573710842533
-0.32028087105159075
0.24062462918455402
0.13498819420265665
0.09969488233211135
-0.3037035754313634
0.3376718282524135
-0.00023000444916043
-0.3733994589288946
0.11703228774494888
-0.19428340362704058
0.1256374683592621
-0.055571948874746924
-0.14862060707671298
-0.03468483431958444
0.2528513711040098
-0.19380712682430523
0.04418170273169509
0.008243627101353145
0.1036636848202323
0.4584802781120806
-0.06568210070259381
0.39019538928205333
-0.1546475179277312
-0.28457282932014594
0.09183585727432596
0.07575239893367566
0.10807809709485589
0.04505426599886547
-0.24746251708784886
-0.022490004093029384
-0.15644262024811784
-0.30821621254781756
-0.10270666527038222
0.21718358957600847
-0.24572066543784615
-0.15056711993227628
0.08363422571488832
-0.18048197563415252
0.08429794471790424
0.28239296679978976
0.11094303506427584
-0.047337789825629084
-0.20286022772377713
0.12260077762384572
0.15518571217451865
0.028299747885770145
0.1329748950573959
0.10973128509232112
0.1828029176475166
