15.514086966067463
-54.502274894520816
-22.94128979681839
10.710180663660605
-1.6672402889439917
-9.49175755532318
-2.2099503850619655
-0.4515424493704635
0.46560727716032346
-0.3127601659465913
0.2632428009637961
-0.06276478981807704
0.43657122553264216
-0.1124921601599383
0.16625568830205234
-0.19754334810037144
0.5474099093349106
0.24232651794583
-0.3836411265914713
0.06249677793593808
-0.5585622844558857
-0.15199621648334055
-0.1570199028879613
0.2623968030166316
0.11600578020312399
-0.4601945984895879
0.4259497499470923
0.8426240410692938
-0.2920451993161536
-0.05256161037178009
0.2518739051958622
-0.3867555208575985
0.014147849835774107
0.2939855914378197
-0.2001741234118531
-0.3836291331876184
-0.3189034332229619
-0.005847367555753963
-0.04815857451646724
-0.042862292640281074
0.14581580332265295
0.04403902538340354
0.3607702841969696
-0.4744699513857298
-0.09431657066747194
0.3278669450979552
0.315057577823075
-0.42849996054404316
0.11791862497146327
0.09246440087843741
-0.019804655640312724
-0.1431556213244075
-0.2197463126735309
0.025485920816055302
-0.05892510486302455
-0.19684085375417548
-0.2050554278841531
-0.14685267411519234
0.034988817636459224
0.11429107596278598
0.5924567565828609
-0.651406392665221
-0.019292946206914685
0.4083690851911384
0.7270147421647706
-0.07811985962647265
0.16893556446218666
0.49162600758631025
-0.2208532600165809
-0.3137409007640225
0.3280539359793135
-0.32164270109369464
0.12486487635894364
-0.06616984067440633
0.1268910644797746
-0.30451075721773174
0.20992600428529826
-0.05794607964342137
0.13765563165975184
0.004110351107960236
0.478305113769152
0.12218552795109822
-0.22790102535625228
-0.19627951201929456
0.526184949582144
0.04285392351204646
-0.2198474367501856
0.1597490398933804
-0.177047494115896
-0.45729088786186667
0.24956439049752496
0.257222741270663
-0.016854184402617697
0.31080258729263166
0.21620507911023454
-0.11930558601600905
-0.4872740427414477
-0.4039692462178479
0.2852749209181551
0.17586026880565708
-0.5321909520419219
0.24190425168088417
-0.27270987427990406
-0.06405116016441328
0.6169525198601983
-0.13612028613805963
-0.39704629494135607
0.35746826641885265
-0.06670737710325118
0.15692192247262798
-0.13569070994111726
-0.120457603043535
0.001518070654279011
-0.5368339221928784
-0.05346794983235244
0.2648114232895938
0.2546795273568612
0.32465193866627
0.1150735134327305
-0.1158961995112414
0.19945427559961404
0.08091368862364466
-0.013509466113796009
0.01983017829749731
0.19330316647394158
0.5271653384617658
0.15040599477775987
-0.20307418810687392
