-48.35836189921782
-4.733368910750907
-9.448482524417486
9.665705516485065
1.5691713694146217
-2.2441824097593517
-0.24116578441114872
-0.7883176392589545
0.07397108475744613
-0.7596033145987999
2.431017806083271
2.003485359350901
-0.9362278117389371
0.9091652416426126
1.8311995980067448
-0.4896141851022052
0.22748315126443688
0.18791098461427158
0.32533229482745457
-0.2133858861492024
0.5821664602837598
-0.44566674222234204
-0.48422423591012675
-0.5689248055477282
-0.6110434295024154
-0.5624886847845816
0.42588192258393526
-0.4363528023852038
-0.2127976292210952
0.6805902377475697
-0.1356344894183814
-0.0033083590935199247
-0.12260761638018766
0.2538472160050392
-0.03893656630398892
0.5902053672878459
-0.15725872203711944
0.21575853514897628
0.12885727454131912
0.04076151933661348
-0.4916165559013455
0.17253932820314843
-0.1933440766207664
-0.004776878542487817
-0.3874802253770894
-0.03367090293984917
0.06987128101634402
-0.3743923260889234
-0.2715784031491712
0.11067457663956651
0.30178439098053417
0.03399038434510058
-0.1183024445998351
0.2973860806649239
0.35928017752771774
-0.223785532431584
0.23315507294384546
0.13029259762559003
0.27354320959971223
0.1935856640288906
0.01757706056358907
-0.030627519845620094
0.055479261346530376
0.3023816041847272
-0.11501528564682528
0.42761429431106945
0.08908492701934273
0.37941574797351785
-0.20409997119498308
0.11336348306764588
0.2694806405633442
0.0028635896852214904
-0.049297941841525805
-0.006509522417267918
-0.06826438303930113
0.007262178087070276
0.22805171536259175
-0.18093728781220494
-0.22260049834170992
0.0926421425297165
-0.08334439852883135
0.0828078029026193
-0.08292742556286906
0.03513354412331928
-0.018150913143915513
0.02075873167481708
0.10340654123146327
-0.30320895611143084
0.14475804381320742
0.020446628113599374
0.20805364901211806
0.01369479463239974
0.011609402652564549
0.03525799547503665
0.14444778640059552
0.17652160878206735
0.25331717405222887
0.3766615503764763
0.3614019185167547
-0.11498457667240393
-0.3275918501586828
0.28614725126086654
0.16393381536866258
-0.08326273236560369
0.312174911381258
0.20926496608784997
-0.050604059966384896
-0.2701433970143324
0.25228217829006006
0.15803381166501798
-0.3173542124924828
0.00773400693899136
0.11322991645096514
-0.09918549006417768
0.37468995489097634
-0.26319075216168797
-0.2728603382207224
-0.1807473834281998
-0.21429724454910146
-0.049368138944097764
-0.27785981760608625
-0.11927396034307476
0.26419975964812964
-0.21677039542356097
-0.1698013101373853
0.08286859984198426
-0.117612785181241
0.0906231199704737
