-46.58607945394898
-28.402543718379672
-21.937075333107455
-6.951752871465829
-0.5391148203236653
4.40887136806192
-1.3303392436761927
-0.14617625863797695
1.451996353980248
0.037536347544165904
-0.8412048214554826
1.8835122793670758
1.8589487602088695
0.2578602742849285
0.4822216937564804
0.008620167168408521
-0.14459095216589773
1.0707971897529043
0.8587910257653727
-0.37151820523673834
0.3370350330107238
-0.4968794360859617
0.41567513552119145
-0.6940058772777706
-0.5921586023743989
-0.054171994052443884
-0.28129064527526687
0.0897155864971246
-0.3370905071727505
0.2874287258181485
0.16383347250511868
-0.0895400659453141
0.2449035412620526
0.1497734592021593
0.31111190760387936
-0.02464844119039336
-0.16876558503498604
0.1218394684501556
0.08746002142623069
-0.12698450332182545
-0.292361724534023
-0.15452389631198094
0.24496039551536286
0.4202205405598196
-0.01037170982146167
-0.2069574715667161
0.28441340147948263
0.5263102184646877
0.383988416010287
-0.16739450044233542
0.07949812349417218
-0.0655160117803287
0.18699867877337756
-0.011621209810748725
0.6634861070780319
-0.1710999178227422
-0.1286521674816094
0.12989186706623906
-0.33807916120304715
-0.12261099766560576
-0.20722082891928004
0.025917810808054553
-0.034814519006699365
-0.6431315913948585
0.36797367905034356
-0.10162477676184645
0.18369179227892082
-0.22936948473665197
0.00981115622256841
-0.016148586724462816
-0.323345942919543
0.3280806785313028
0.17997606604321242
0.12856431742438684
-0.1987115928395903
-0.3667757408098768
0.03420417053072304
0.2194263974342498
0.14564520298651853
-0.3709543854359239
-0.20655399322389378
0.33415498938840216
0.43669043493347903
-0.32975622912708163
0.3926044848956279
-0.3097289916918262
-0.1794123307009908
-0.13415707978668276
0.02803636423399525
-0.29242502214843563
-0.2633662322001223
-0.2174910733894317
0.02259632011827644
0.3904621037459982
0.18149409860439353
0.09680878517110135
0.16691939309129844
0.11440246609020252
-0.03828268973372814
-0.15947601904464703
0.13095463201174481
0.2811889297168525
0.008455890631351964
-0.07639999377412368
0.40480070399228907
0.2875990945530946
-0.04988477137195857
-0.05983692781456082
-0.3407115144876809
0.08830794116662527
0.009500493696367768
-0.21162385411614165
0.23336433129568257
-0.17150384069984587
0.4403582350186175
0.14690385864052763
-0.0969536444118852
-0.1902772934692575
-0.05406775757167344
-0.19223138030410877
0.531107047515384
-0.41872113170173864
-0.113451623880709
0.050073165485556126
-0.092971533572637
0.08165356762133864
0.1639808745284481
0.2114202079668743
