-42.67229099519855
-24.337651568668754
-21.711439613603925
6.981062126439622
0.23680328114769136
0.7605548938358391
-3.636016299847336
3.2468927066331204
-2.028297267090639
-1.120205485822697
-1.2155679125716456
-7.4633860035213475
-1.8433761678830345
-3.911273516846689
-7.140098496708143
2.1212306973674755
1.7305394698980925
0.28361253062414227
-0.8919019386670053
3.0890410670578414
0.23621532346374224
-4.0636324090397835
0.06267871814379691
0.5007493331354417
0.5395689389702376
-0.8238705473479947
2.5052364260694038
2.0797443762281196
-0.9962226633264952
4.144250137781513
-0.4671301904494894
0.0013978000135331237
-1.5428934405496002
0.8441400830472399
0.7793665666758877
0.39881149105980634
-0.996511921908202
2.4856253301927085
-0.6007445275636318
1.279989128481146
0.27406614718892597
-0.20636121170828595
4.029134907470283
0.5443520689762795
-4.773633478002139
-0.3620578038059069
-0.03382700405346549
0.2894993609436228
-1.2774168450899792
3.2070794581953592
-2.421604166552061
-0.6818783973795803
-3.5008756121161544
-3.549331416079136
-1.6567102839937926
1.808669149061082
1.369670062260785
1.7002382764347663
0.028628418846700122
-3.56181757340216
-1.534571388553926
2.2670603978130224
-0.32177344270733754
-1.4983424379943417
-1.0983048657670014
0.05940427670402598
-1.6628772642907732
-1.3492930851575897
0.2078347625080226
-1.6933118092717052
0.7664622714003531
-0.8709903794465477
0.7374935482768183
0.3415944279119988
-1.3323553880045966
1.1449511800991925
0.5331949282164417
2.747486054522728
1.6800819261312223
1.940094708519572
-2.216484143154684
-0.4794655082079583
0.4525243267264394
0.5233322677304988
-2.27756270259165
2.5614942800717926
-2.032986682661977
-1.4144563878151684
1.207988823934696
-0.2906670386997673
-1.1644820685566273
1.8749729382935347
1.958957756897166
0.7360477702852312
-1.699236848881268
1.3044782985068903
-0.8413384189836919
1.990690517713564
1.3064579376905527
3.3957412651252694
0.2805205555120308
-0.17044784942734786
2.4088399779974394
-0.9199453740384554
2.4326212448768527
2.0460103982076983
1.3837759752566385
-2.1743460655645324
-0.0397871361017347
-1.16695229650345
0.5425810769367715
-0.03825265426921006
-2.103437873053433
1.9012067447307772
-0.002409358415582173
-0.40169947695522956
-1.5573959771730674
-0.2480416006849013
0.25553182183496376
-0.4261294171940785
0.9268308931285669
-1.7940525881741423
2.700326863448876
0.4530700642249107
-1.1696450829164566
2.188807073715336
0.6679322870473036
-1.5608884817823756
