-39.09033847638733
-1.218796946885933
-2.2314208028644433
-16.72814816151311
-10.774701304872721
1.1117474223822115
1.004366040727349
-1.5866088757400942
-0.2415660974207568
0.21101891060529698
-0.37867314111962935
-0.07310392867091925
1.075507018330996
0.4768594658843443
1.1449422012540282
-0.5224321195473396
-0.05852430131634548
-0.018811573360489497
0.11985220034245664
-0.13548259442705404
0.1036982819146797
-0.0937076908988605
-1.1032267177038235
0.4216192036266152
-0.14278503143678564
-0.033728398039161
0.8207475561385655
-1.0659462330676641
0.22069046961752461
1.2725084679089478
-0.34022201136831126
0.8800037799661924
-0.35097189878423696
-0.1979810428605464
-0.1699807068418724
0.42976180201380393
1.1571447344893862
-0.21199044162352357
-0.1866192198264876
-0.23054786010418332
-0.7334094055306318
-1.1493938445378837
0.3420055393527804
-1.118644794751095
0.2030959011573063
0.5882321058141414
0.6917498926953102
0.8998840514781169
-0.28965014748030815
0.8093249642750343
-0.06551492685232359
0.07646862647383326
0.10481803333157984
-0.38451964951877904
0.26010845808483885
-0.1887601085751679
0.995559512834439
0.3718088735383124
-0.014224676591588867
0.7847433086511011
-0.38126617984549327
0.23351287235354795
0.12826538134955676
0.7994830392424426
1.2779832880194137
-0.6001304892338557
-0.9706867925035672
0.01837752107624782
0.7139140660583783
-0.283599318351223
0.25539785606681176
-0.5224937936700056
-0.23462042831937996
-0.3751211007577223
0.31715149975298074
-0.26112551236121284
0.710645708700449
0.5807951157325167
-0.8713607198674613
-0.6635642773141959
-0.15960233086503742
0.1451616521624664
-0.24141986760445655
-0.3645565003066706
0.32498274560350615
-0.33782233381782045
-0.1055609234134606
-0.11088863948099034
-0.4488491343296956
0.9109949622945823
-0.27671072607125696
-0.657443104871246
-0.15003607477927042
0.036339229081847196
-0.28639568931727577
0.5823622329635313
0.3751205865529441
-0.5615023857863237
-0.5485791799707836
0.3677433788231848
0.6014259636305985
-0.543774679125108
-0.14295824977427452
-0.6292843810310951
0.7162028659954598
0.14547579939069888
0.24604962126222335
-0.8560627174016113
-0.253385838377252
0.08630015451249404
0.19240545848772378
0.38445504063951147
0.19504095747036138
-0.5314781027103405
-0.14043697381587567
-0.23103534301307527
0.1460498493464597
-0.14633553153296924
0.43518223355220154
-0.9585486527593206
-0.9353430556962543
-0.3671779568877957
0.23327229606918376
0.20317647108180156
0.8584175159822757
-1.0610411139921438
0.306099166030963
-0.055857085944293755
