5.307670926966763
76.31261482054502
-38.971463033894146
-11.79583908651123
3.494972974849221
-3.088667984431909
-0.9014994453890313
1.6669215579116754
0.2764280521387628
-1.7615869308497922
1.2840803431546683
0.9838656262684107
2.576075829681825
-4.259090298917779
0.4567408230176332
2.511311557751437
-2.0728355400267384
0.26153549858814973
-0.7946208888889735
-0.6401483466923599
0.8899493628883965
0.3767870487891808
-0.0318319103601625
0.6333402323716859
0.7777166813644419
-0.4143988931146554
0.298001236743887
1.3402386897623215
-0.7015401186214785
0.7531520114269212
0.09979909566762563
-0.17718626187426628
-0.20939494889197383
0.5151898707340232
0.07762829945703781
-0.8899873837754336
0.34347493790562694
0.767589840162181
-1.177927264273479
-0.5495988147963964
-0.577347141397617
-0.013371740784058832
-0.636600140500601
-0.35866082083634576
-0.9610072346023106
-0.5994445256998465
-0.6419396579564631
-0.2690318108735065
0.2757167386967161
-0.8217819412253329
-0.48141066748204314
-0.2702105033773969
0.21621383485357254
-1.0143324699698533
-0.029170781454550543
-0.05453403922536587
0.35929993260817283
-0.06599056777049778
-0.03210694256391511
0.27129669595470296
0.7056085046579258
-0.2253074315470978
0.3559468617888025
-0.4580660982749487
-0.6533318947853696
0.733244246921454
0.23782509221511816
0.18661101978940428
0.3237994578473216
-1.303417959575621
-0.16400918855918728
-0.261299083359074
0.013571051537176637
-0.5105938261814891
0.033178024648975374
-0.0481955852799561
1.1190817022084025
-1.243924071060734
0.7502407723804726
0.03963101222916662
-0.008082740115979564
-0.2741756879262427
-0.43486265538002034
0.7037104154176246
-0.5019451502974656
0.6876658858074955
0.29415461754666006
-0.4470040653717236
0.81435053663212
0.9330332991179487
0.6810156011010347
-0.8315433990961842
0.4376517558897015
-0.3193098191894911
-0.3401974175989415
0.17636137691169967
-0.4194467108950023
0.46308045150234056
-1.0859168018240546
-0.3798762752738253
-0.3139148287156094
-1.1537109354979116
0.5147213686179919
-0.21450667582324567
1.1757931521320777
-0.10233000002823307
0.06371149448729613
-0.08308837923926679
0.3413981205609971
-0.5640166298220103
-0.6616655967489575
-0.6219828008109828
-0.8546293038897919
1.1976852166203762
0.06482401781030012
0.05364988391237133
0.6341397467165262
-0.2353844911693124
-0.29512957429490566
-0.7843037182716723
-0.4365002497097798
-0.07368178530229405
0.3077677747211485
0.07404380570514707
0.23441874967661383
0.2883508172506281
0.20387049067794458
0.4535991737274286
