70.41724474948782
59.632364987852036
23.380389483674
8.241632223467407
4.249290507255146
-4.279732466407631
-1.1905810080508232
-2.14646590087672
-2.1034624766541286
17.302390181618637
-0.2857402575824005
6.767472038027274
-4.481168185355673
-0.1625201446286174
5.725500701765687
3.8619161619891544
3.416854540606636
-1.2506993414255314
3.7479251450979443
-2.6902885853755256
-4.563189942865934
-1.2085783295163381
5.007364088272192
1.9125698855340958
1.306289628996045
1.8084392113731185
2.961123513059768
1.619063679756788
-1.4714616753934242
4.18423419171276
3.6048875746983193
-1.1784976343871596
-1.0325435685977888
-1.585811348438344
2.7127481519392984
-3.959059392468318
-4.111143037697465
-1.3515761539022861
1.2583939860658102
-3.00322432782357
0.30579590358062225
2.986807749544233
0.17566541259746415
-3.1389563313470092
-1.5534043389567744
1.6052043869777401
5.641066190858878
2.4074451787161575
0.9056961158834114
-1.5302807895088155
2.1158529404594972
-1.1875861670517969
3.1522466133927916
-2.8573682929181303
-1.492358587489984
2.475731593963871
1.3639800088666152
-2.446599361591088
1.3968824144744734
-1.3504601887309986
0.5447099277957312
-0.07163995926197786
-2.3979760828452528
-0.782711674264431
-3.6414619205637204
1.3056458523197274
2.2456152282268946
-0.5123510893799282
3.7310426017861427
-3.465456036324012
-2.6101779454732728
0.6117978033474781
0.5516729379383412
-4.627140616198437
2.64581708527834
-0.8788079249846814
0.3948532464002329
-1.2509311918125279
-2.5905734066217856
-2.3557124665875215
3.3387568899838933
-0.1396259641893576
-0.03796547686613738
-0.7594553175366797
2.3406840940981946
-1.315099435445396
-2.9768083872033486
0.09695789462119987
-1.2425944185278173
-4.96775007394123
-1.9207380814003177
1.2020053863753672
-0.6013720404566129
0.2635090515992172
-0.6431285718136581
-5.32967586289705
-1.022062790084202
1.447766786379607
-4.132247440356754
-1.6109165916579933
2.628782087993661
1.359176319890421
-1.4314330916422797
0.44785294923103813
0.47276028238173945
0.4825400374268607
-0.037746218826047534
-2.935564454359061
1.6441766595815372
-2.4681908333898397
-3.289710183583033
-0.6074418859306467
-0.8837351426944711
-0.10040554272516025
-2.8864669470792115
-2.343518802973203
-0.1767670192570748
-2.0828568789215125
0.21661447232551828
0.44745941249029575
0.912393844702173
-1.4056751432061636
-1.860003146024068
-0.3853233814234974
1.7074140004162763
2.7238606373746714
4.8927113144624
-1.4540934547143962
