43.32359087220591
-59.113063701117895
-16.555411893553114
-14.463322047986345
-9.94706006570469
2.810451595971759
2.4582755764457875
-1.5115938076406374
1.8956700347226876
0.7817261221020818
0.6355079616389621
1.1715744545105968
1.7102544007098928
-2.1896309442462316
1.3537213170865328
1.0577371661007127
-1.1296193207908183
2.2441374139247707
1.7894674367270227
-0.9543904685760367
-1.8030585212639862
0.2571720522546083
-0.8160778176919639
0.9058523981031942
-3.4489079193524668
0.38491657575376664
0.5223980445473733
-1.3111367947826054
0.7493069677209239
4.940346506893505
-1.2706071823981524
3.421259636364708
-4.4749441798509215
0.1421200332887148
-2.019440964667296
-0.23116935721727006
0.6156637363921662
-3.06102907881563
-0.35758042541202273
-2.0447226149932334
1.7936808865442677
-2.914583247579991
0.31778166565971866
1.445540447816254
0.3558621321895703
5.192484805275631
5.354396425263611
1.1677281467408187
-1.2952687813502453
1.1207204412478766
-1.4165180142616163
1.0984159158495859
-2.2268442573107925
2.171413739171393
0.9229574374478742
4.974924781381954
-1.1241929471322343
-1.9663278549094445
-0.026766231609033624
2.3709949070433183
-0.788961693151759
0.4849906273723389
-0.5206055938056866
2.1523414088009254
2.483225849029762
-0.6736070695662084
0.3841440493110521
-0.1764831077894149
-2.4490854141880454
3.7577221335484094
1.2930769268474918
-0.12170151841961156
0.20918119733392015
-4.545687353055719
0.15301649993944993
0.6044658586363539
-2.0451135885915885
-2.912548566166952
-1.810494273720448
-0.5433248293260752
1.9085270664977623
1.534521105474207
3.0858646757019037
0.41805091531182126
-3.0281968797539123
-0.17033469227464768
0.6310571713004716
-0.004538687738857152
3.302572716344055
0.8296118998607457
-3.3101646935110427
-1.2651739459626716
0.04991972430501991
2.0308730440015927
1.2128968542390677
-2.7583055143254636
-1.0460803150552898
-1.3145439941313035
-0.6938649832891728
0.5989974622140536
0.8208165976579057
-0.12827956352733635
-0.01693292263848264
0.2268858226021953
-3.249111436237121
-0.5944675704857291
-1.4488907166897997
-0.6650372613628937
0.5840189003065346
0.9408604956046265
1.0574765086980027
-1.5901951201971842
-0.3750437053373679
-1.2016364978423935
1.1559908316918477
-2.0815858181159737
-0.27740438354932034
-0.4488021878071971
-1.4109093092544602
-0.4517635132413985
3.1602973573008413
0.7997243105461734
0.8576261344862299
-0.9609995872600167
-0.656175676755689
-0.9418470051396707
-0.7269809574017077
-1.0160145062016754
