-45.02017789504323
-0.005976541975373395
-7.320608245483955
12.579271159647677
0.21880850607882513
8.212582207153899
-2.105818711780266
-0.5702774094187786
-0.15591112820480463
-0.5903487203186779
-0.2633425223877801
0.0730697493935622
-0.050252972324754175
-0.08279849033359327
-0.4316090144931366
0.1502410607451949
-0.13279441045654705
0.0679489220598064
-0.1811049748788784
0.29369119742441513
-0.12369823176865823
0.18125378432510728
-0.3465163966791691
0.22977626500898365
0.001630718156242994
0.0069777035551215685
0.020313897668151115
0.1805246291236644
-0.2684455451729697
-0.4337076619472249
-0.1656674223033136
-0.019258739306763917
0.20881842129253353
-0.42014745259127007
-0.019289680314743485
-0.1569028548359506
0.22983607768002093
0.06421035276379419
-0.36336263387565443
-0.3885303468512309
-0.08408479105192997
-0.20677016757175168
-0.12672074227375482
0.23495249521828945
0.03378890002317553
-0.022289407321400733
0.22420308098575079
0.0821037128027083
-0.02724545216418632
0.05843046095160789
0.33611975261488275
0.15928805375517435
-0.02741782605294782
-0.17084221598577554
-0.2858154403033534
-0.07111114136375271
-0.11196552598963015
-0.0157977276399342
0.10118836913206779
0.06764665036874859
0.14690297061130592
0.12500612808314698
-0.23465648657357524
-0.13899536672037766
-0.020377247540188315
0.17449283299525123
0.049321902766359914
-0.08748732207932419
-0.11842725024580082
0.011291554097847788
0.1494746439497452
0.05789665915202198
-0.30796594603131683
-0.01399029074202372
0.11850267564799115
-0.11933732165076608
0.31359466893460153
-0.13819127365064626
-0.3512293555976471
0.0811458486936011
0.02484588948199085
0.21928514507875946
0.05212247344993225
0.10001132787149966
0.2951839055674985
-0.00036509402101615913
-0.15033111179345246
-0.025838077946769553
-0.06219213090348207
0.0398445534331067
-0.049243040652565094
0.01862739093233241
0.1534897965138995
-0.2314731457680492
0.259100433580669
0.09347578145959176
0.15554207556843808
0.11671524270085284
-0.05541271003533561
0.008643381508181718
-0.35069380007050455
0.0677931199463567
-0.04412935728422664
0.05315293807945397
0.24464568197189404
0.1951865141442969
0.11461436450973185
-0.08651957553875073
-0.34460739889885106
-0.3204173246446758
-0.11331376954359045
-0.16469638733221065
0.213921359643929
-0.17585610483126046
-0.34482626225226576
-0.04020545828705338
0.06760410783844642
0.2717500604892509
-0.18955432018717475
-0.04991030158881404
0.10131320185974226
-0.21985275533866955
0.06871494285906894
0.02253533755180797
-0.06641481829878837
0.10878815047865138
0.2171857035206207
-0.01084296137835692
