33.03004015521607
-39.59261945871384
40.18742617840415
-13.775932379027429
-8.652714867731932
0.9536460700783844
-3.3573023021417256
1.839812309820422
0.5722582273978739
-1.106298635720596
-1.016999682549235
2.7723157228315163
1.8363025004310602
5.37930711664122
1.0140662956427537
0.8216115680126362
0.6036286584501274
0.25079615007038253
2.052229145529277
1.4290198281145152
-1.3354208142688297
1.0659399831521545
-0.2420910130886998
1.4844626634492428
-2.953146526190947
2.498067194489885
-0.3187706341924609
-0.06509557298107957
-0.41077472280137184
-0.8290869363472093
0.20268812074939677
1.2708075502401535
-0.006174923478733468
-0.015317951368016891
0.8614740823065972
-0.005934434007300252
0.3687195726879766
-0.48221992649735296
-1.4804930156260454
-0.12287258754695488
-0.801326115424572
1.9371977229894621
-1.675967832004765
-0.8310266526112494
-1.7558332011653874
-1.3406480403752636
-0.13792968440732356
1.060961572502074
-0.20676999574528948
-0.6804879512640248
0.8793311626009067
-0.2610247946489537
-0.4659998101298806
0.33513973497422134
-0.001397975518168726
1.3431673104537356
1.1073677631941248
0.6135744541971481
0.49892364434780573
-0.5466185042860076
-0.6208630931026591
0.9892055637209294
-2.007796167246741
-0.5814331744144168
0.8346817131275425
1.315460285702162
-0.7677511936864403
-0.6872011460678644
-0.3419375908333656
1.1521519447165465
-0.12753909509915518
-0.745048572551472
-0.7150143251321711
0.4598673357521052
0.8058329249195986
1.242908385402158
0.4252767284372096
1.9382116144048498
0.32969553164916837
-0.39458225169401295
2.238471306694458
1.393860434389904
-1.7162472962745081
0.19999949205774867
0.28547760786907717
0.7833820831097282
-1.6431168743014708
0.3205038580618131
-0.553148710221283
0.43196907984633864
0.28288970935836183
1.6613715245258673
-0.3652636295474944
-0.542140427343511
1.230851555449952
-0.559096874362531
0.5501056257453592
-0.9837130945743252
-0.09825391684466397
1.3830049813477254
-0.012707671912066468
0.1777867843168749
0.823059583314242
-0.08491668441140636
-1.218383297512293
-0.9773879007062648
0.7106724775197214
0.8136000053545464
1.2666377651071103
0.6166587935951887
-0.1196277368208161
-0.5791036343647102
-1.8048059054511527
-0.7382127876355192
-0.6110078961246879
-0.5214993147219555
-0.3322888323942044
-0.20814933849813955
0.24284413113350134
0.5853514667745069
-0.07542906169835731
0.2902952943293197
1.0775092362553607
1.133962555647237
-0.4670988690550397
0.3661794924284266
-0.1044147554027064
-1.0945213033877903
