-23.93896232500875
79.77319492180435
-37.80497368209407
9.71864929884219
-1.5070748927425341
-6.7997683687801285
4.202991760049398
4.657369284585441
-0.6987952995400601
0.7691244272613907
1.781439072506427
1.4314349105612951
-2.6248709110876516
3.7711989883355246
1.4078702270768657
4.243893629376376
4.6537048046429295
1.5777412183000878
1.0657506406723458
0.297862392053007
-2.101505055630943
2.8167031284255946
1.250242424170724
1.0233135083517049
-1.25928795541014
-7.278418704830703
2.2106593015002596
-1.7851813342957827
2.9534670287667626
-0.5752213970522743
-0.17299258060359776
-0.010582017200506999
0.351227969657787
-0.9252929918802433
0.6184360470536229
4.413610862106576
0.7605652603288197
-1.2733649861712066
0.3652541321306234
-1.7403689022723015
-1.2372534574346656
-3.650678982160895
-1.012782420611197
-0.19738233749995393
-1.0635114989297292
3.9641323640933774
-4.620850306732008
-1.7010179936825631
-1.3475279069826183
1.7497528950307788
0.09528798927501049
-0.6143611977046641
5.265792208860958
-3.908399699291737
4.077456816442756
0.41312490352193526
1.9977938258353412
-0.38387714899023834
1.8236563765900462
-2.1592228857514244
-2.990817303506804
-0.46895992241881646
0.9390738987716382
-0.6858763346113428
0.0645720329155111
-0.828280546342588
1.229309456554578
-2.626769309123998
2.661794644107525
0.8975424603295101
-0.29521015346572393
-0.2585225806302992
3.2350631459653805
-1.5185980813172566
-5.161895942899528
0.6348776437597733
1.1245017383688192
-1.1987268833870772
1.705743973692555
1.0195132807552538
2.4712114341003217
-0.40068088083255754
-0.06086486690847959
1.8352350063642786
-1.3606697496871065
-1.9370981295052485
-3.1837610246940007
1.456304286427609
-0.571507833493835
1.1594921329656809
0.08335209245280698
3.1826736690774413
-2.033696820654686
-1.398098110480507
1.3214072575624474
-2.2361608657696586
3.8675526122775863
-1.2416199077954402
-1.0755161709920795
0.04097782493138963
0.5104451321631136
0.16492789730602903
1.5557459400517781
0.7754611304038599
1.082639334759262
1.2340997628123322
-2.960525774943443
0.5242190599998406
-0.8436666749607926
0.4536038990436858
0.942536744817946
0.8991266060161038
1.3870198303878034
-0.7068877652006011
0.05874220333315519
0.6364094842984772
0.14655739378612057
-2.928818037813262
-0.5997775022037392
-0.1840028720762594
2.484212640759979
-2.009018133315471
1.902051866956221
1.9601693103480722
1.2066443632069737
-0.7740363323785697
-0.7463153014459137
0.5182261672268185
