-46.42227756121291
11.920928886910493
55.84489147594604
15.656683773978358
0.7524435662102866
13.152389522685233
-7.775269498879955
0.8701580578297274
-0.6618546734261158
0.9811244314076073
-0.5922778200060635
0.5449522945509375
0.980501541777684
0.9469246388764977
-4.207019652777785
-2.2523885038059595
3.3071291991519196
1.4865531638627392
-1.2681084802399727
0.7748232347978172
1.515214509360124
-2.509553855275142
-0.6426733221864195
-1.067713299694736
-1.7310083193564134
-1.4460853791522101
-2.0814351563529003
1.987601136130864
1.4302241256362265
-2.2076997341368014
-1.1762637472491246
-2.881255894821455
-1.5548037598457765
-0.6023129973121084
-1.0176510424291099
0.6472297231998558
2.28959819268618
0.44944701479346266
-1.0655272503207622
1.0835573484202823
2.257312226682131
0.29760527331645076
1.309837823349799
-0.887956014160685
-1.437804041796861
-0.25388407907299027
-1.510505698264372
0.2483810726752408
1.1554585701454905
-2.65466524973231
-0.13911082747875256
1.310435963726152
1.063325409374746
0.24489848890724955
-1.648058540727126
-0.37157891266804866
1.245666805691224
-0.799922966493125
-0.847244842722305
-0.6687797369884377
0.0760374983865239
0.3113724341389586
0.2381186449919963
-0.5475700519439848
0.04089062361492714
0.4155641188738678
1.6322509711404278
0.047382311480198044
-0.9133154914245111
0.45806530061922757
-0.9040763663289662
-1.1079403651815551
-0.24509565012624376
0.006864650956593922
-1.3231099073404355
0.877811526183766
-0.5815165085422932
0.31853927221683487
-0.0010511718524857938
1.3510687317145966
-0.4827306394578832
0.1781566952625428
-0.6662919895870385
1.166951533949765
-0.2391936163694
-0.1456377607595422
0.019621289673399434
0.2706171840821874
0.49798620551727757
0.15760173856154552
0.3496273903839302
-0.6690752890102541
0.7080174427558105
0.7228658972593625
-0.6604804867193662
0.5772457672462292
-0.6741249336276686
-0.06362372793011765
0.8683136235573818
0.5797994275580249
-0.07865689314519128
-0.7524216946719977
0.6294078955793767
0.11618024992207074
-0.30678566109692457
0.2643960965734423
-0.13111300478768512
-0.20652889135624888
-0.35262831733547406
-0.9581733921640786
1.044000674620446
-0.7154164272358909
0.5161028122084516
0.6189624564786415
0.5767696450739431
-0.421953017156963
-0.6517756666421728
-0.21909843211814228
0.1508581448632751
-0.5732528169774253
-0.5065011799066431
-0.36870780416435733
0.4032239360985972
-0.5081581983778732
-0.7997200875294097
0.40476256783065295
-0.1912692296754688
-0.008521528112529042
