-49.89708274887696
-1.5572123040852004
47.786226357357776
6.436988182956349
-1.2395110763041628
2.757790465759327
-1.117952299282667
-0.2755873696892268
0.6848841285188961
0.049163855528356726
-1.1623245776387179
1.849610231054088
-0.7892166768923101
-0.02935068007143493
-0.9078400969548601
0.39880561237364426
0.04967261016388193
0.34483394146348667
1.1583197929187834
-0.1666308046909008
1.2683442355972048
-0.09768779543310818
0.18023750465975658
-0.32432564390173757
0.32655792889899243
0.5452533255375801
0.152657250930406
0.2501294117032581
-0.3925564612936099
-0.24222625311146895
0.17775320289947658
0.31219938106076167
0.007239980344668939
0.5328888958797148
-0.1102524364839897
-0.1755255623307303
0.3766168929178195
-0.18822329614967265
-0.030980207676937193
0.1963316005586317
0.10354681080790196
0.20849861423180308
-0.3347140177392036
-0.11261266480155056
-0.06508360945660671
0.1273244247493878
0.3479056901612268
-0.10457060076307625
-0.13491612992780028
-0.16731579016936882
0.39612588451532993
-0.004302186913256845
-0.2399033277256495
0.21394868400034864
-0.14466570928578082
-0.11462574622019767
0.021118133447231707
0.22768100898796628
0.08017781510316974
0.37845009906628657
-0.2000239159704313
0.10575652007894434
-0.13873636798217895
0.3109853469130659
-0.3401662466980933
0.010701593384570551
0.1737883023679333
-0.043420993624809806
-0.09640079889605586
0.31532924394947964
0.25831833379026936
0.1817207056354611
-0.053819201167735795
-0.27179204862351275
0.212924848076253
0.2845427202107654
0.15012470329335176
0.1671940929221602
0.018535002929936022
0.354725649626523
0.12834756172761563
-0.26314604945944475
-0.028635218396325546
-0.19852916686399366
0.19238954579168055
-0.019891184935565954
-0.18755746461820744
0.15212839924138205
-0.014091628584534645
-0.01941254426411807
-0.0024205075781074115
0.2779873581781732
0.014666569431701037
-0.04736618944752383
-0.21858577305642643
-0.04149820471363719
-0.0028043842719943576
-0.15542577867315793
-0.1433641564186292
-0.06683905702514854
-0.14972519460722242
-0.016271862735275477
-0.21574545428591413
-0.38875303974699577
0.0032767610723640345
-0.15140864712031707
-0.3826471461683253
0.16868290100468167
0.1744052685005367
-0.212175674004984
0.2194704032063642
0.05399809638414005
0.20662349404321334
0.009950030888953265
0.02281985044489828
-0.09536339478094061
0.15438393208242554
0.043359346915369204
-0.055937982012865664
0.04724146337181662
0.1115384624186777
0.06492376138759628
0.20194334573352124
-0.010363648876736825
-0.05423955651847748
-0.07344187337247282
-0.3576467916060784
0.1712089684831774
