-44.91995383937425
-0.5420698741992704
-7.877847169315441
-13.146170271554414
-6.976065662138184
0.05935419045055858
-1.4234956331774176
-0.30133279099722365
-0.7730060828223482
-0.15183607134342345
-0.3188296706500495
0.04496173385194871
0.24433806211277556
-0.3682143660904564
-0.25274739056203654
0.3430148205642869
0.4516464354758014
-0.277255715800218
-0.20052491879433548
-0.7072847103029998
0.0865192535587913
-0.31940941832989994
0.12915634877721582
-0.1363354688777801
0.1402674255988894
0.2964182302567538
-0.17750076942209386
0.008715115534489323
0.18205339845745427
-0.27625527881129164
0.03837704321932628
0.09946793230039916
0.1302400213843851
0.1139043168374484
0.1672362867921113
0.06281768500746876
-0.3833140115977067
-0.1602674908499961
0.22428222513076154
0.24108690370636665
-0.12893588630968625
0.06570947956551178
-0.0007289840598444716
0.2687840906927794
0.09919488060399978
-0.17150529988765859
-0.1945566736396805
0.10613572212184653
0.3495795569742878
0.06226077256290441
0.07350249149398694
0.3213623542852039
-0.009164262299641762
0.15850836861509324
0.0689560387804937
0.11204271481873579
0.28901577251395816
0.02914506314310203
-0.17173561852811398
-0.19302572048503547
-0.005045666414377897
-0.17251054862516838
-0.038610489382192525
0.21180184189695467
0.07031812846314556
0.26909576685623715
0.1597165679283959
-0.03030081595030431
0.10737562665861354
-0.3478093770394045
0.08139890771691623
-0.23201894133941728
0.09641668427769536
0.11276389256828775
-0.004802461699448493
0.03357806696327845
0.056282033622407426
0.10551994074035285
0.1107565786300653
-0.1261715711217623
-0.178375074596528
0.26604700433780315
0.08234806605341316
0.09115535442344502
0.11052987518188627
0.09501152031487986
0.3679815848920816
-0.405867046395096
-0.1232341347650561
-0.04600706862800144
-0.21554620421335746
0.09252988653339368
0.026300093339907724
0.15147905108378945
0.06903504719206895
-0.08666231835636318
0.22666280129681998
0.016338849644097445
-0.07121662030677221
0.17099846592358228
-0.5206509304181228
0.23332290883269743
0.09757125313772777
0.051857358819927944
0.10260080344718858
0.05934531414110268
-0.02044088180947084
0.2584171342274145
0.21553321925907917
0.12997578225913964
-0.2574563818542689
-0.36353599582297136
-0.022252056720417853
0.16994927523489922
0.1696514454306816
0.2672815024401263
0.15805011708264052
-0.2959341715858359
0.13402535607019503
0.17361999346201418
0.2930846900162637
0.21327498788860025
-0.08464372366745618
-0.09121961997764481
-0.3241561167389575
0.06423247631944771
-0.14170622853666923
0.11004096939269664
