-46.695531863616424
12.539835492088004
55.2767090671552
12.998449382603209
0.8330364356167399
10.623596343999292
-0.2967377902860771
-2.916712417513371
-1.640064201771287
-0.8019586816228783
5.525700563493624
4.627644464673639
2.661759943850135
1.3554245225146793
4.70596952226867
-2.9672333339674046
2.310856508121373
1.9570874784317995
-0.40045974953286445
2.1448659912382353
1.6418627472513738
-0.672623210206621
-1.9610554179894915
2.56530721665636
-0.8720812692058814
1.041399258370665
-0.25489565975959616
-2.524919400324151
-1.3629067794334224
0.17460934107948503
1.4731616933854825
-0.8254853505781392
-4.226882010012703
-0.10580377488397891
0.6438800884692649
-0.09948494693231326
0.8971935216555184
0.5119310541575909
-0.5830228417137728
0.31053973940700996
0.03202637952111972
1.2381589824320745
-3.560395735043482
1.450713873320319
2.005691923457518
0.29243278197491057
-0.09106737787419808
2.4631587337933674
1.1500816628995683
-0.9496077069984742
4.437617300569349
0.6087499050636831
-0.9988941640477953
1.4258914093959785
1.4401672194282213
1.1091346130454889
-2.3582993435799176
-2.3972958010949483
-0.007001104671373326
-0.41705276888086706
0.562691676298531
0.6876844447001591
-1.1204347686851468
-0.27100521570626457
1.110402032001208
-2.2258326269463264
0.3774391693148732
-2.442550421457822
-1.291458812616882
-1.5642334156222728
2.3791925357393104
0.03953267415799494
0.16089213761273335
0.6422510255303396
0.5054498550257212
-0.02837529562736456
1.9539308302269356
-1.9331765915711552
0.44670744489426867
1.545272939102479
1.5290977243945942
-0.5774706029194199
0.51941291840335
-0.029503259095426893
1.1428554199264997
-1.8721553888459264
0.6182014508356594
0.45902765499054066
-0.12389241602325997
2.1375226444959217
1.7539652541569424
-1.2544727201895136
-1.7439916204380328
-0.4471729944627142
-0.25397379501283673
-2.459988859201811
-1.6192569700516917
0.9718197397226226
1.3366278827067577
-1.82210717276052
1.997887594296146
1.113666200260015
1.2754832706508545
-1.2419940137779089
1.0225848001126385
-1.2175553981964735
-0.3605201395382549
-0.9764117234074787
0.6527109874667112
1.3591924826247395
-0.33973359276029685
3.2027715571017783
1.609128315548717
1.1583038992323769
1.8741711974629836
-3.53449329041909
2.097700566767636
0.19439591813798815
0.044231280488855385
0.26725156496277835
-0.08951593669415285
1.9005882134109207
0.16915225762843084
-0.060814841478375625
-1.0035156588224108
2.0176291083244244
2.81003830240551
3.5785647872794693
