-39.72577450730719
-1.2598248121926563
-2.046937466923386
-15.88409311560942
-9.97150210776201
0.7359155141186171
0.28086621649027266
-1.0762195787687796
-0.9785643719393474
0.3223308075069138
0.5696589564446436
-1.4395744045154781
0.9675565663533917
1.3559976430440008
0.7537496172973879
-0.4544432237773072
-0.4200829348930921
-0.07954959300349536
0.06179063845717535
-0.5406046859135797
0.2149764692734641
-0.28677714204095317
-0.7939627031813544
0.5849231127691861
-0.3845041979829601
-0.2488174316853106
1.5626092371385878
-0.3461872948215702
-0.37533044643595753
0.5107679742885585
-0.8813968280589053
0.26559735780687227
-0.49368795756936734
-0.519130969206899
0.17796365142399204
0.05087874277911663
0.9736608208299942
-0.32515405226323935
-0.3998104085260253
-0.903604558595389
-0.349358804698729
-0.4200112233976391
-0.3247956204603727
0.28879927564616337
0.39039149854522237
-0.18339614155081235
0.32668452315126
0.37934014011853534
-0.8572390005602575
0.6748088075145113
0.2751409363617736
-0.06897310964723039
0.10341281409854694
-0.4479037088014488
0.5122555205254116
-0.47748066922065524
0.017080761089038082
0.6226246917994813
-0.18967993401512168
-0.5148525474901575
-0.4655216004445921
-0.6785520659809401
0.8760099070734773
0.3556248125916713
0.32447534148809404
-0.015401842422185591
-0.875179672738151
0.045532541776513516
-0.05618478401550871
-0.008572989480120682
-0.45715491415725923
-0.30138939531265296
-0.3310210249528405
-0.28140493776697384
-0.14351840995173357
-0.09593320288748025
0.5550775772607786
0.7690017231530195
-0.8836769786022582
-0.3067317381989722
-0.017575340384065163
0.11969096806718257
-0.7424589086241593
-0.807508006717942
-0.2588863686897498
0.27923485595247594
-0.04100997075888977
-0.23143499737899448
-0.19344310544885762
0.40073405606071605
0.10014821851879703
0.4745574898195985
-0.20251048192065113
-0.47900035196876173
0.040059894348463056
0.5296011644607206
0.6236282551887408
-0.11531558984572082
-0.1596101138334861
0.048859858894710985
-0.44546568734902103
-0.2685304320171551
-0.8424001687127949
0.29206671452929495
-0.09960558267625114
0.3207448868335802
0.052666405356022766
-0.732497624517346
0.17398215083540886
-0.07978282542320111
-0.1356272234824403
0.509302600004467
-0.06417132615623217
-0.8920957469161322
0.6224116836284871
-0.38852950015102566
0.2513569127414783
0.22524782106427751
0.6879145221587276
-0.18954739541058566
-0.3747110897221401
0.5425210646849377
0.015547855822863662
0.6242922357231969
0.015639336741816563
-0.3861213248207829
0.6187333258383503
-0.28869988671991165
