85.3673561838615
24.339371903835907
-36.22043352594936
6.510640056717007
-2.0697173635097244
1.4328573365166242
-2.4119319136089774
-5.273957712258131
-0.6240337121389046
1.7883530561327081
0.6911403614613704
7.535514352268291
5.279011649318345
-0.4197494384383567
-6.783410727005164
2.27164001998596
-2.2849546314402747
5.976590152449212
-2.4022494507495833
0.370836146628733
2.873997691999612
-1.078791290438244
-2.1931977393596354
-0.8139785986723407
-6.58540363191419
2.0695702861034477
3.3338418636494858
0.4037862680536539
-3.4819217536406697
3.5360017323490895
-5.8026386789715945
-0.7132753204128177
3.454217508698149
3.8644111770379554
2.5117870082408724
-4.317537962415602
-2.297013446522439
-0.5271945533408673
-5.854933337847705
2.720496991050035
-4.4163877239168
-0.7283156946934473
2.2071559561050766
-2.087849706613364
3.2022823808229655
2.0719599919599045
5.427722593727624
6.5078698742986925
1.779686933604817
4.719028049853645
-0.01151024216331347
-1.3939210382658886
3.9302559249574665
-4.571082784690222
1.2149236360777367
-2.2108578411824547
0.566956901714288
-4.773272252051927
5.456117078953682
1.9399411438075749
-1.270057453947633
2.7521822921783454
-4.794633788953993
0.8821745313197866
3.0607961135937836
-1.6543829184271597
-0.9078900530522132
-2.2704949922999202
0.38407670998883264
2.0537153742248653
-1.519361868518714
0.6971424201767874
-1.2587357510685706
-3.1713539406283076
-0.9066952182704195
3.165887488393614
0.8039824412296674
0.944369139201264
2.931124054926124
-4.44581835728026
-1.4961511172823396
0.6880168671352067
0.23165328363913806
1.1557989960976929
2.3638361389249845
-2.9731399261562017
-5.652810831749603
-2.4719983977593314
-2.5968303732372657
1.5839589371913227
1.1967090280112422
1.578372901884446
0.07068193456503136
0.8519208690396441
-0.155846782991899
2.850152111922495
0.3476648648612765
-3.4722272902226576
1.201015818382908
4.070267467253257
-0.5111215266701619
3.074778622690147
3.5990499125712168
1.8930089827526069
-3.82263762889348
-0.36410163212947044
-0.6613165726985976
1.1245867807025134
0.3800514818232884
-2.1352030130266737
-0.17741966843314333
0.704431570353555
0.7663326339837576
-0.8518759225338087
0.22390769146003456
-2.9436086819589633
-1.3818038849637502
0.8879064710931999
1.5866987944601147
1.8502171511723886
-1.9818448795163086
-1.5323068817928964
-3.6191203301027484
0.22108768019084857
0.6616611182127223
0.49392675216980075
0.6164356405253641
2.1481535872017847
