73.05004760355763
33.17141702785182
-37.6404749841015
15.539365630840587
-4.139250252434465
4.374959154145127
3.949903468224953
-0.0824029405395098
3.481992291530907
4.87030518527297
7.1713673440950805
-6.611046334151268
2.793907455038026
-5.045862552558027
3.7657413646898985
-0.6437271186342676
-3.7216917668017944
-0.8388999175410451
-4.362073822025264
-3.2751902166461564
-4.5290924406234865
2.4974896668566973
3.362586687047969
3.783033056052609
0.2040095364674429
-0.992362258618443
-0.6374527046922112
-4.046934899105316
-3.0626111621512724
-0.7432870326207841
0.38813628000865086
-1.0578180576957958
-2.179501618753476
-4.48620035547478
1.62880217100503
0.7677036933521617
-2.4606492997586655
0.2834197624946371
0.3450928129545222
1.89142489036294
0.41689769690399225
0.36583757635967773
1.1048762016795899
0.23701013806052537
0.37447085504704203
-0.6314528050544304
-2.6715519655868474
-1.3927835409851028
-1.7306474800159235
-1.721222033419863
-0.4802977994470381
1.326877178341336
-1.535391788206726
2.3204805429407407
0.981975468325603
1.1308765225552797
-0.5666412367330402
-0.3099550000192265
1.7098268132098866
1.9193526352819967
4.76460882536618
-0.7389064644071498
2.7508189409215897
-0.8006432742823867
0.0538710299527102
-0.7093570215609631
0.32295744484165073
0.6868826695631145
1.002872427225004
4.926350796469973
1.5503015795298676
-2.0761957833314217
-0.6561820846789581
-0.7698840442710202
-1.2511247269964194
-1.6749528995908953
2.514192714269862
0.7197840717335101
2.8895608931718684
0.004535971400095793
-0.4485544617129787
2.798623624816022
-0.09535609463598999
-0.6205827407560216
1.5788190830878328
1.4306183848345642
-0.8940709986830528
-1.7175751081698316
-1.740484818266326
0.48318042224874747
3.079349869627932
3.68520378137134
-1.325083311783485
4.643850850197808
-1.8655463660561746
0.04989348661740245
3.5290139690993296
0.02553391485227724
-1.1816222485237424
-1.865248050265444
0.6954706742978145
0.5607042645171911
-1.3565889395445163
0.6617401027843128
0.5131618053565695
-0.9437613437139055
1.56457636030799
2.2243315465124947
1.916710554524668
1.779520609828841
1.9413112871768405
0.7876865740186996
-0.3185650548843657
-0.5194940210346859
-0.22098914799166333
1.3688449380625611
1.8609298125089935
-2.245206003101502
1.1581102594865387
0.29186625243026093
0.9899172281623081
0.0040089741091159925
-1.1538487903531534
1.2045911867816843
-1.8326927533504505
-1.7161740936445626
-0.03657834895107964
2.204663070068932
