48.570852709126314
-61.4900569354521
-17.396747648088642
-15.750940309436052
-9.693661099909386
2.018772135879418
-1.0811626209454666
-2.1603910536929023
-0.14395591512675257
0.12650655712411782
-0.7677632052310494
-0.1459291481397866
0.22917731076379372
-0.0627132201438984
-0.4585721542336231
-0.5738729912970337
-0.6904082849272944
0.6733203302382442
0.44654467228822753
-0.12904105850721526
0.24540364391527109
0.6159135817246291
-0.3925407257894849
-0.46263747526536003
0.57127548194055
-0.36785192686208923
-0.5631749051601923
-0.06335178013659032
-0.437307740859151
0.0663344733212848
0.754103191371205
-0.39470260042832084
0.4990331667590991
0.44869392028443367
0.3080777955287496
-0.5034632645030157
0.17104575433968608
-0.08067571496965126
0.7546740150308384
0.39599464964472575
1.1523472982389258
0.29545751994818226
-0.25398635874755054
-0.5922715338664198
0.3505489830724816
-0.7746012109610503
-0.275208530576897
-0.23340638425830573
0.5922704025083284
-0.5947127667092855
0.10861122522542319
0.3194804770648757
-0.42051943386503277
0.23078740685751242
-0.45727098125833743
0.7000194186215256
0.12627839940857907
-0.2759718414644758
0.4611522829282935
-0.05903267207386943
-0.527114981745086
-0.535074258724341
0.1935167912168322
0.06679687807586747
-0.29849398368996694
0.08534171896850747
0.027081801504830607
-0.21490628995386798
-0.232434854979801
0.04590521132475786
-0.302786018662038
1.0303489652272049
-0.548005321152415
-0.02168230593641153
-0.3819277318129569
-0.17938958943239686
-0.4926366755321824
-0.32980651989190674
0.23004275709742766
0.1857453270854259
0.0031293513866388033
0.09348602588522163
0.22842082665982444
-0.32801854152069904
-0.37743169046696545
0.40658342916282436
-0.1050608068521185
-0.06607584796223064
0.5657807619638511
-0.10297580649867254
0.4028677693291761
0.11796345791401099
-0.4167736366863003
-0.48201835968920154
-0.4833525758916246
0.6173254052126711
0.29645767582093624
0.32256819852801044
0.6805484476405876
-0.20981752323816133
-0.03687512684630556
-0.4714022469852784
0.3966526060017955
-0.08799700005623906
0.20729369975679174
-0.40490191506018236
-0.46329869428116505
-0.008611240247044162
0.12739320306522364
-0.24974974228540592
0.38763281031170543
-0.008335129285523907
0.03920056631661813
0.6613171161074494
0.6257488427166205
0.31384781325558175
-0.3118626337279568
-0.461867837261833
0.4439792619703087
-0.17910504558339474
-0.12243532894369581
-0.40421285046903077
0.4204235219551873
0.20785340746551767
0.21477772775875417
-0.7880126938419466
-0.3460126521138311
-0.3460392034552507
