-30.041159178485564
12.176646764045042
55.67924281958593
14.66831341227742
-0.5151937767938246
-4.159809266737538
1.5269174132904066
2.3941505706589368
0.9216380381134083
0.7262805728611771
0.5804134032882113
9.15941815901041
2.2496408271765795
2.7751586533182504
3.4349205576637494
6.544531020649016
1.4887668770873808
-4.07358218632829
1.8973756793316343
-2.6412629168743336
-0.324952506327687
2.2255167086511323
1.6863325770282813
1.770329134121331
4.755859366756971
-2.6805722781108248
2.8723453574537587
-1.8329329260219855
0.026628413237223536
-4.408322731882133
-2.004267361802287
-0.4340212809154741
-0.8977452945710723
-2.160332222120647
-1.27187669140502
-3.6214745395601224
-1.999320887715981
2.0389584831814234
-0.2860764886977551
0.15148297750006479
-0.8336955395589136
-5.0529797685782665
-0.04526028568949075
-1.235855043692832
3.946379290540688
-1.0504865291686611
3.309032232728615
0.5207192450320769
-1.5897700028208113
-3.969136517664004
1.0426952896520112
2.771958475554354
-0.4171470572207647
3.2084781385786285
-0.220970289829103
0.5890332715550118
1.8158467934767906
-0.42699972439145906
0.9578106984044363
0.25126501864184697
-3.8506745797230177
3.4559131168117045
1.5967852623779897
-0.2671634140523025
-1.2831414631837497
-2.6757999184472245
1.4827286042961316
1.060913621346388
2.5478369298733394
0.09005033012294947
0.5171976030837435
-1.1790390385153935
-1.9459258704083537
1.0142635260386499
-1.8596978415600796
2.0269194464732814
-3.959563326871195
-0.5899095121389791
0.6189351169547542
-1.8049435294496083
0.39906008069309823
4.411009577189816
0.7697315615054876
-1.6113118090741456
-0.727365005888079
-4.110484673472924
-0.6700490569423724
1.9571475602145167
2.207124684277773
-3.404723007926058
-0.6029410629722624
-0.6581504286009365
-1.584877950222412
3.6967854497543953
-1.7259710494341722
0.0470923572344481
0.4430696294167691
0.38909041305003034
2.6046513993348386
-1.1384992016626758
-0.7202894138975244
-4.907535680269555
2.3802058502097823
-4.217046706037426
2.1267487096867397
2.5292899163337093
-0.3180857266051437
0.16182565111403618
-0.818430568018392
3.8282480795712854
-1.1835706092695968
1.0146891623368406
2.1500761476340684
-1.7533039532627226
-0.994399569507545
-0.26869807921938815
-0.4005751134926643
1.2896413847716777
-1.4154686184825456
1.5647624194088914
0.34617824732710384
1.094120778510974
0.26948226047020324
0.38502611184824415
-0.5998827364106887
-1.1614306185277128
2.005630185425196
1.345715786182589
