-41.808060506264546
-2.3377371210073847
-9.698747239641646
-16.39926196417303
9.048961833228725
1.292649272809478
7.0400807750356975
-0.9564744286979334
-1.2755702176273043
-1.7086001533205142
-4.4536106031763385
1.4486157819256542
-0.6432159307695051
5.604735692833886
-6.543775929448308
1.9931870577387731
-2.907801870835514
-3.267486324113781
6.2127652610346
3.9204931736920163
0.9577459642793151
1.0035787813546682
-1.6702512512326522
3.6853646490209373
1.1450391743480934
-2.0583484356198145
-1.6844544307401539
2.231053609674734
0.027734347850455948
-0.9604723285563088
-3.3725869851950088
2.6688151467876136
-2.628305690165071
-1.1403346215663033
-1.785891191559394
2.3410451592423556
1.8689245102983267
-1.9656148181225146
0.09027408550287386
0.8085436037190945
0.32167765896826633
3.326609670335601
2.25423058141587
-0.4671874847551126
0.008075620545669848
-0.09225685148089133
-0.8986573935941007
2.450352114664443
-0.4163262113847902
2.8125325316571588
-0.4936808201755617
2.4420790889249333
1.7176326730932967
-2.6292557080236842
3.6746764086562993
-0.7772385409358461
0.5030312377803751
2.0372506510261625
-3.3776848712359167
1.6065249599646438
-1.2477491542389163
-1.7369993611512062
1.1653040565141746
0.14470209779701898
-0.9714758359969525
-1.542306382330168
1.7112006995673996
-0.42587323226447865
2.1746438540015793
-1.0167427067763046
-0.9928355388414984
-0.6361510477560602
0.7989859645729429
2.9936899479437074
-1.778875317539705
1.0431747015571575
-1.614019483395694
0.36751475067922
4.499967670359026
-2.1253678379130934
1.8327044239531112
-2.348598401654162
-0.6816158858927273
3.1782587872783696
0.983851325974132
-0.26046300538263845
4.515468835777369
1.6929526542650737
-0.770505501273245
0.44967344053889163
2.607339004720393
-2.0123883827296156
-0.1371568343380357
0.26013118005584823
-0.5685100302917417
-0.7360668949030827
0.005853340939914589
3.0457641759784417
-1.1957862098112566
-0.035363108720948555
-1.6935935627036698
1.5024095010570024
0.9679556632108292
-1.6307222270311548
-1.003555300870921
0.09912445753708216
-2.5883190652355963
-1.6514938937696848
0.07491882795560417
-1.314479277191112
0.23016257031362092
-1.25221890879752
-2.2402859040845104
-4.288176015848219
1.5125007978503056
-0.8052657452452462
-0.3823747369846935
-0.1511768813019235
-3.426046344891031
-1.3831946339959786
-0.3968538957404081
0.8880728169368783
0.10044670227738499
0.4711340285928067
-0.4597830430419527
-0.22941003859975517
-0.047256662952513656
1.5761246061231078
