-40.28252197660243
-1.1542921389490781
-1.9632473484088822
-15.344770860352288
-9.490489615035921
0.5968458995948743
-0.23562522007550515
-1.2466591365388908
-0.10087360088006751
0.04871589335916464
-0.1249036516305862
-0.5137911175097855
-0.21229630445904646
-0.09567246074051472
-0.14323605431703834
-0.6784768837442329
-0.29359723198988574
0.08026533887420821
0.7957309442900596
0.0983729917723634
-0.26301585153595697
0.4582666969161333
-0.3447743650074311
-0.4695325473428706
0.38156864847560706
-0.061261037750932903
-0.20715601264641556
0.046534428530701756
-0.42132783678610986
0.028089921749525158
0.5910037062129101
-0.3332275220467098
-0.055455540178493155
-0.3818370696292349
-0.03670709749540397
-0.3167789182962781
-0.03918784496186063
0.15096586675808218
0.6377775524320648
0.1150771391957583
0.5186269342546956
-0.3327042380120935
-0.08655317269363433
-0.2336823854748116
-0.3016887728629141
-0.5240497996334835
-0.3925696891033789
-0.10261273203814866
0.9306792687459375
-0.5206971619656688
-0.24533177383326932
-0.20722628234065238
-0.09650785797103273
0.20174627205581921
-0.12411054461738406
-0.24355116683682546
0.3178113343194158
0.2559338277956359
-0.008139243797348024
-0.12022368249817883
0.028634908767464398
0.02466847865284999
-0.11027569343854748
0.18058554137497734
-0.19263450628300005
0.13416583403747648
-0.06369295811067058
0.4871787935211889
-0.14098030064312583
-0.8012021671420042
0.33678657322948674
-0.12546424325494715
0.47466209126626213
0.05310181820768588
0.06313684620765111
0.23573145731414608
-0.3874900956303481
-0.2737005077157006
-0.02826536796308337
0.07070481527766152
0.5830538254852249
-0.2646495079625289
0.16554359861079831
-0.1764956971854727
-0.30025984620432405
-0.20270829341126054
-0.1526900316806549
0.08862937807963905
-0.38060261918870747
-0.3307269935266236
-0.25384231669744556
0.11747208186604688
-0.028988667177233925
0.08440521599597578
-0.024247126064586455
-0.3228479205249409
-0.3284233659350882
-0.06334707883373938
0.29705858990941336
0.2805444969848074
-0.12493047452529261
0.08637719399795679
0.5044240189454384
0.19447230877696509
-0.20976711873754394
0.3985616016393809
0.4154564736139734
-0.1072920172522002
-0.03649789392833169
-0.28996511780436196
0.24785584960412274
-0.18894617774935496
0.17976727970419867
-0.1091162232246379
-0.5318437322647181
0.5028303764437309
-0.17793580319518104
0.24459317566321576
-0.1008158575287
-0.3012497535422054
0.3558416938085801
0.19993595370447842
-0.5575043051293642
0.10368299622365734
-0.5322454802358457
0.0640770694128733
-0.3557385757991071
-0.2077765836791122
