53.90401156533045
-49.73164245105954
-3.1958273211565436
-11.421156681480168
-3.1442903818827124
6.184878657321839
-0.24567723559302473
0.42151353442887296
2.3171198396143464
0.5860193174691117
-2.4358123437344523
1.535586217046056
3.126405226327019
-1.543843003336478
-1.2763140086911096
-3.594112732604874
-1.0274039806150197
3.437059666878122
0.4283266989025376
0.8476609943366759
-1.47181368504957
-0.218043647102646
1.1180806350744592
-0.5995660267450451
-0.06819572641537275
-1.4529152157318175
0.4910593192081501
-0.30536526768824945
1.1594375452964907
-0.5099330709839238
0.36309140800612993
-0.6389028367185199
-0.3895086452649395
-0.29124593735557175
0.8143831507721299
-0.5491297604452988
-0.48583677173267253
-1.1089696204819972
1.25382718469931
0.023266397187723914
-0.2087560439857612
-1.3622755907674566
-0.08496241692176368
-1.926546198153096
0.255969084089637
-0.33844674211169423
-0.3901998288676266
0.6051511062630749
0.3735202232284641
0.6944543401664279
-0.3582750263396991
0.410191941636874
-0.6604909909091613
-0.03941362089906156
-0.5595493120139886
0.5865192884518442
0.9086967017175622
0.3373686754031742
0.0010556791641824978
-0.09082814366229039
-0.3500422795238182
1.3444638394977804
-0.395770678464182
-0.4801680950919531
-0.5893481444157228
1.438358509043316
0.1679259348365464
0.21287169026646582
0.6733721548580414
0.01418723262097947
0.1619320402543411
0.6925409309397421
0.5030407030284506
0.16658481027248473
0.13282783021763642
-0.6981731086072754
0.2254875163212383
-0.018008542692711862
0.1572044773303616
-0.07431174473141038
-0.33314811538355416
0.6799557323200356
-0.8699148848946254
-0.042328802625555134
-0.17793901110010418
-0.8814384147211213
-0.724351755263207
0.24886815547751606
-0.5154554548479447
0.45469475048728075
-0.7741952419917089
-0.2628687134703541
0.14159229415668562
-1.16161945503079
0.08708996569579028
-0.7425873375637758
0.547183041091311
0.7492547957225943
0.30627280838126547
-0.7881206824174705
0.15937313066144404
-0.09475789518454586
-0.7221289896620209
0.010871220359220168
0.5692806944144455
1.0091720588991284
0.3919340106818921
-0.5558673498087949
-0.9163590131396985
-0.6351923145748142
0.3117343855137911
-1.0449616710089977
0.5271597054461896
-0.009080467563688353
-0.791169515699147
-0.7329716668053963
0.29854221746912896
0.30942881026300706
-1.0023592161492012
-0.329731325291302
0.7547538950342697
0.4901091994424269
-0.3643944754563053
0.07893325766905358
0.17828889518317986
-0.29775463936869345
-0.1741938074959758
1.184036469159345
