-22.572352653853727
81.0759185850864
-38.744433865461716
11.936270648738793
-3.3717020084450304
-6.514252807706509
1.06451255000075
-4.096978048706082
2.776649522085063
0.7912947579015256
1.1884079561265612
2.9807414559445204
-2.6033770309919713
-1.7256753697793998
-2.95355300210502
-0.47924975107380574
0.46551821241199554
-5.638773019974579
0.28661823991395546
-2.9339179825083668
1.692325949132127
1.7241102979180303
-1.648315872928248
-0.17243685306515752
-2.4080355853877866
-0.8755385169898006
-1.2511533138304394
-0.8784027627452473
2.531044328382268
-1.4791470722160114
-0.234603733199436
0.5792330161833138
2.0745364093949066
-0.8545115260802978
-0.9720471510796319
-0.49702044191815864
-0.16618915852591576
-0.38109421226160334
3.2551794934892264
1.246769582902872
-0.502361762564149
2.3614416638412226
-0.14275023402139547
0.8860918247405996
-0.1824676127198185
-0.14714887571526628
-0.5369194945768452
2.233048166566321
-1.0784353469940704
0.7364098797491809
-1.604008369741797
0.1326223551276009
0.7499118681261324
0.41165275723423006
0.3299016943659582
0.7695009133587432
0.11439346262753702
0.26157929729627316
0.8794271146639888
-0.8417818754641136
-0.8866969667416404
-2.705240666021744
-0.41372139875427716
-0.7959772196775794
0.6780394457248166
-0.4328162772710534
-0.047167822173658336
-0.7771557042305777
1.1172705587499836
0.4791310523927603
-0.5833930298336494
1.74720623372495
0.30989300859603575
0.07370729105408913
0.3882648974279597
0.366258961353681
1.1493907659634441
1.8916794093289448
-0.7287831274895402
-0.23539338873022686
-1.0328583907822435
-0.46657784332329805
1.1294257682159787
0.7982253997669895
-0.7434515648836919
-1.5181339841897417
1.0399567231076954
0.08340770703654116
-1.7531350581145688
-1.2954652845700763
0.6272982696748816
1.0033482208303637
0.90547957429123
-1.7535097398256982
-1.080524335164501
1.1440254533406737
0.19961947290960286
0.38334676886927915
0.7622601822871092
-0.40877280329059207
0.6424821575353694
-0.9735724585229544
-0.5928744379815497
0.17673625434581167
-1.5760874420951612
-0.3947249037118075
0.4423357857166268
0.1840805201875969
-0.11849406308276819
-0.49479229429188676
-0.47644064954331483
1.3923737331317256
0.5270031727450882
0.06434519237378641
-0.8355250727990452
0.7784111081528169
-2.5389366736935144
0.11672747673277502
-0.966706047062631
-0.2305034000875073
-0.6198682009155119
0.3637662410326928
-0.16028782193765934
-0.20795273970735045
0.8987176784177049
-1.070700036111959
-1.8049391952985383
-1.173263978777225
