-44.83712953076214
-0.5600989410046642
-7.9274814703907435
-13.446627694899194
-7.544157361067368
0.09362143094885479
-1.740847283987683
-0.3561677139644237
-0.738522420525668
-0.05659848166000775
-0.286080886401887
0.004025009515512601
0.31146969593529805
-0.4584023344726117
-0.142363431018744
0.277878069668858
0.5063788021517359
-0.23309796715385855
-0.3894708709192102
-0.5762442463132041
-0.018036622350823886
-0.09462480165932043
0.4033204215066996
-0.1780075533674599
0.07020448277671681
0.06165772630898252
-0.14675241796155336
-0.09906624401607664
0.1834938105127037
-0.18793633491894984
0.23663662492982834
0.05611433562817157
-0.2583919390720371
0.05731521133222245
-0.10238052901951247
0.0933570383739587
-0.3231600471846072
-0.2628075744609456
0.5740805008103336
-0.1472667026905004
-0.2807761567875725
0.36753306737272645
0.42080139381864984
0.14130725955809215
0.2811456081775326
0.24386031326962887
-0.1761355177122058
0.007880308511585027
0.26881143974626887
-0.10235280679262661
-0.12665755646716517
0.29801146324059596
-0.32092185354172936
-0.008536882604629065
-0.03747544472208125
0.015085665371762876
0.161420570989482
-0.18434258843408619
-0.20798511183219465
-0.14496387198158336
-0.09634358809575938
-0.1995316707645131
-0.1772361601713899
-0.1196309937267655
0.009174702162063016
0.3560701104690632
0.12787175500500392
-0.23616856792055926
0.12867193450386885
-0.2675831476880439
-0.06909803742788485
-0.03362429143258584
0.05699051864030574
-0.002719222730283931
0.19772139849825549
-0.043961417937267544
0.08881281304921919
0.228077091168995
0.18098163043299562
-0.14649136354935866
-0.33256845569101434
0.041666583820280545
-0.10230172968972503
0.014464973184105653
-0.29490018433459353
0.17568720972037405
0.2633291590732927
0.050681580066899726
0.1852198685920534
0.03846413268133162
-0.03790499217262847
-0.07101682349397305
-0.07927363844176612
0.0633142235112002
0.05263561019176202
0.10616270343320147
0.25714915177536335
-0.1404788016116225
-0.15295456041615985
-0.1682322018006919
0.06849220864441721
0.328045759278238
0.05971125268623021
-0.1130729945988988
-0.0141914356556321
0.06757050025941229
-0.3385840928341169
0.19532721570487963
-0.33664410258684974
0.26822015652093584
0.22213289118976542
0.022567435760918
0.3757326148850276
-0.0157122566926855
0.06340007036053502
-0.15928252779701443
-0.040487745986203943
0.023547540744336053
-0.044728948006693525
-0.024144945053420342
0.17018064252903503
0.17950399504656955
-0.33195208157881173
-0.049817742046282365
0.03900329438587228
0.06671715627434241
-0.11467064483404646
0.11216342041556981
