-40.273823963224814
-1.0119011819271528
-2.5000293163929492
-15.230691326527356
10.15955713358038
-0.7685480353087827
-0.3054097151137345
-0.9323602832805802
-0.4709597689774435
0.11093559665586039
0.4107201701443056
0.025600111184550176
0.35711551786610923
-0.25765393647690066
0.07382566374873537
-0.14859191123672522
-0.32339153934008
0.8030745933783994
0.33996939428774403
-0.05501520901651489
0.15858003606405036
-0.21289557705400353
-0.006610315325714239
0.4457523178617016
0.3665202882153612
-0.18121857407734818
0.14487284001238224
-0.17192552194553548
-0.41436828239140133
-0.25864456733923197
-0.14354355215292258
-0.17675501830668447
0.44528263976692317
-0.38410574220157945
0.015187693948470912
0.42295683491549396
-0.14355038793222125
-0.2179482658466812
0.3226444633915013
-0.03226410014613054
-0.18347729279996056
0.06574957860525132
0.313182128225025
-0.10938146222104639
-0.06184130601948353
0.16517409475461373
0.4427801761536212
0.4993482647012163
0.027456289808680263
-0.3281845424151565
0.032882116668230515
-0.36232975918623783
-0.026021022415229175
-0.24138292406720852
0.12183658682926368
-0.09179944768187961
0.20169168284896583
-0.5774413949755248
0.09130272291816383
-0.1323326888534335
-0.018893034778621857
-0.11895407833703979
-0.01187624963300029
0.35282151778791704
0.3348131076938015
-0.6703197198273695
-0.30533713029807463
0.17681929054453632
-0.08879742086215722
0.5084771736604277
-0.0878013329316194
0.12512800071594035
0.1762014122095154
0.23765213412432518
-0.09187436891579895
-0.3904703125119176
0.018183062825459208
-0.15748717169532098
0.5239407890783169
-0.49828299254333225
0.18579437230614618
0.16590302881231178
0.9852517818508792
-0.050372188570589824
0.028066787675176542
0.029612907278980072
0.18151194500189463
0.11953808583698339
-0.18069397209249163
0.21816317308700586
-0.18312748905204618
0.2501489390014081
0.5012494289419108
-0.08351232785603468
0.09201107822781128
0.09099382254740171
-0.12240825073802503
-0.18771584928074653
-0.3945064308136432
0.11498632565008705
-0.18196099410179306
-0.06614056418280696
0.10280783769931502
0.3316231594496957
-0.16529245997421435
-0.1401761910425599
-0.27530209941909417
-0.2651660301440684
-0.44352779388529484
-0.8827367925307386
-0.15463708945107932
-0.06853906547393747
-0.2926357822005701
0.8012015448710343
-0.2870554719722974
-0.41476562542895185
-0.014766219016838056
0.1979985563080622
0.044976348203973025
-0.2155504021502601
-0.20949479429004764
-0.40600872843933855
-0.10911751984403638
0.07031818385445372
-0.6122467964857881
0.20876897134441735
0.2037451894774073
-0.31068449693878686
