48.80651774430322
-48.624566110645794
-4.145481422897461
-6.034523705565556
-1.0472420204724988
1.362640168278114
-1.0151265244047376
0.5158615731109005
-0.7075115218419565
-2.356303976196777
1.4062668568034469
0.6306831905595595
1.2756515155383188
-2.777600886589159
2.2080950157988513
2.432249297617903
-0.13179624174767443
4.940262263780711
2.016393056736364
-0.3448404227317628
-1.0713511411072125
-2.2424990536553175
-1.4707898992575874
0.6212274953308692
3.1067921954033415
2.829758648928563
4.790111522097181
2.612744729253319
-1.7698061003059011
3.7716772425394716
5.01855718851841
1.3860108740589283
-5.1410476792298505
-4.776511776457649
-0.0948896356668801
-4.149671697546868
1.6569615104436939
-0.3391216765569463
-5.3775515589526535
-0.7324989539207498
6.064736517514359
-0.13410349038602803
-0.5036840770809802
1.579853214492354
-0.9319490328718278
-1.4320995911798764
-2.4072393208926615
-1.634700918428529
-3.8525209766324378
5.609396868086756
-0.21246746398378585
-1.2294950179792117
-0.1103043004320131
4.402305048506473
-1.9343687372374352
2.153734720613141
3.2282751253587834
1.3897893007704554
3.709631666782548
-1.8887818107921963
-4.1717834269646925
0.0919999132571584
-3.049571013629956
-0.9588416758739401
-0.5601812580791463
-4.341494563111548
-4.282830601373901
1.2402507749343306
1.061826774569379
1.66692348598847
-1.6556027810442064
-4.565273380683287
2.986320892385277
-1.3590770298767878
-3.967498681637501
-3.8580597308426996
1.8961437233782248
-4.195760757179564
1.7416244487938057
1.461898457454043
2.5378467882527325
1.312726831667127
1.5467142756316572
0.49435095383585126
1.8685601322242773
-1.8061488393099177
1.9294344439154703
2.2385931691134062
4.7808812933498706
1.9057357787135683
1.059639387947542
-2.6124803157703522
-0.260767408797558
0.4178272773243931
3.152036603943029
1.4143661625183224
-1.2314583777155956
-0.4056387676145521
-2.620311806547279
-0.6870584893560275
-2.8400580529082484
-1.2045188113356036
0.45342682776883536
1.2532874999806967
2.2890596184146204
-0.7230035025524633
-2.461249786963652
-3.758879852911119
-1.3689248108224839
0.6252433708340285
-0.7536476492461827
-0.8218483010317373
3.085876270107291
-0.12144521791644378
1.6194445128832382
-3.1549107697547893
-0.1807291768779699
1.4984258225388993
4.710330001622992
1.2718045364395254
-1.0293439625222192
-4.4378708745782856
-0.9888861578829397
-1.1262253479095963
2.92625941134115
0.08203756284652973
1.3749408816370796
-0.13939845657882638
