32.78857950596522
-65.91355944248393
-24.92026039794284
16.536178221829015
-0.39185009234683676
9.581211780510168
-3.8352296894696356
0.6513941236124718
0.609482369289027
0.030187317846403716
-0.28076488391208676
0.7042502093669591
0.721688612153314
-0.5301469456486999
-0.649851826503404
-1.1631814228425414
-0.12314775530509144
0.19462064601343573
-0.4287871537107871
0.19320869412915964
-0.8163149539296273
0.7391596292966306
-0.20234725740706644
-0.06694801636679358
0.7771712677660634
-0.6160607214194027
-0.08726592003666479
-0.32690441382136903
-1.6785525365527776
-0.12451066046814357
-0.004621525615349384
-0.6619184743428204
-0.6630785335314718
-0.806711844517504
-0.04427088971048944
-0.6476680456406692
0.8092862071441862
0.17372856033121525
-0.18934037603459328
-0.04221098611947208
0.2599964860414839
-1.335602593528861
-0.08582342132911697
-0.26990949367787453
0.43315800650220304
-0.514224608814888
0.8179639078475843
0.1713201653258825
-0.10789507368541845
1.1684886706370796
0.4482244595643328
-0.7536628088799404
0.3353142387480066
0.5387698641432861
-0.7702178952654856
0.7783031996831775
-0.4051040526395112
-0.747121892376639
0.1755502205033048
-0.1324708470945314
0.22482962284539
-0.355057627189877
0.11904762251187115
-0.2144790606427241
0.6731487278670882
0.3945617184469002
0.5094407129788446
-0.8144844945652601
0.17351474735942912
1.329938282993773
-0.7530849765465755
0.15498642569047538
0.7391556973649622
0.7541629003101762
0.30905199327568034
-0.5789058615601039
0.24698075178099183
-0.4877889167936451
-0.2661406006152588
0.07282685284224229
-0.2795395212701014
-0.3140961846927806
1.040241643686047
-0.24088152876907737
0.38451583933559547
-0.4059475550456507
-0.1473695388169238
-0.08711419901437618
-0.21934982220249633
-0.23509710337845435
-0.5484050875712358
0.7671219608589734
0.5463501300656828
0.21139506317744017
-0.9728774588907219
0.057108143972562385
-0.24279628985725785
-0.2800167163319159
-0.5131000771529883
-0.15655387748614302
-0.38736354644630266
0.24971865677715588
-0.1964933597009381
-0.7198968332537372
0.006402478379063541
-0.019556529630377045
0.7225928548254975
0.5515760468192703
-0.3307809750027483
-0.5163523686967003
-0.27594869793998444
-0.5040884829149225
0.29005715967622514
-0.3879787910181998
-0.324536350563159
0.099413011494774
0.2585286945777875
-1.0304965211821946
0.3364180801578286
-0.0495777088213926
0.059401210386617984
-0.24329910848268402
-0.1211594262144848
0.9315958770469613
-0.2894041078446495
0.23508437269324903
1.0241092988692475
0.45456657962344754
