49.95021805735866
-48.10448395700884
-5.41127397083441
-3.4200375473026394
4.841636002966755
-5.444553110509072
-0.6022905690214363
-2.0524416849365976
0.2726548955026392
4.233883831478804
0.7709351850401318
0.14002073074046628
-3.109994318124313
2.274417843599109
-1.3340261206550474
3.499188653034583
-0.39131183697712957
-4.351849919126211
-1.0173329074849726
2.6552679462084177
-2.9081782451063747
-4.325833706559368
-0.15362272084926867
-0.8258118206883359
-2.2889484605758432
-2.347624765653995
-0.32093420378128024
-3.057314033287508
-0.7524064749977463
-1.6885765969226316
-1.5727114848236192
-1.2194348302513003
1.2497902720066918
1.84967146327026
-3.826650602100409
2.7395654978830537
1.0688062624377364
-1.396395018751178
0.08331042876225225
0.7898440500891294
-3.037795836938847
1.7154659121806803
1.2335706419760475
-3.1375727544928886
-0.8884510618058056
2.0184645819019975
1.1131957644810986
-1.6071091578421273
-2.2925282317548095
2.8592071081540213
1.1633084892976804
0.6546416788137635
-2.9512151362871664
0.2923357547562679
1.4490049335183177
-0.08115956182294753
3.1001244081615558
3.079839953354482
2.5858354552791005
-1.1626802845645365
-2.067540532254767
0.6410064827935985
-0.5722818402315175
0.5777474940034587
-1.7523094973348121
-2.6616837238789213
-1.0415124762826342
-1.1704858821251947
-0.5846542608978229
0.6042848969546424
1.5380895540610569
0.535667218036336
-5.115062061494588
-1.4935902170952702
-1.0421239161173512
-1.0728659547212236
-0.1445141990579523
3.759267149586585
-1.0177104365427496
-2.9162871363938927
1.470705481019422
0.2607822994474328
1.1230374041472655
2.362219129156565
1.6615304265869981
2.4573488639904455
2.953447133624461
-1.9193411130705826
0.49318467073623257
1.3060047339987477
-0.30456932385212954
-0.3088479783739616
-2.06122997443625
1.69971892990051
3.354626929175707
0.40404992259136985
1.5455769459959132
0.5981841740099862
-1.51678036344827
-0.04522644771646901
-0.36597959838386346
-0.7881209207899842
0.0950189385772404
-2.4515964775564427
1.2944517373711177
-1.4646767991434353
-0.011869947985012369
4.378888441942396
0.15392655265117658
4.11712578603422
2.4169113079894347
2.0461877647464557
-1.0472926968085194
0.20674323971802255
1.2611171580307419
-0.6619384846891735
0.775370178004768
-0.5306699240676567
-0.3323837027098307
2.3604807853869323
4.252572203215006
-2.4465941429571467
1.4082049137818258
-2.073990918946861
0.7673722316802646
-1.4967700916888895
2.0104962794108996
0.8536660539721876
