-43.43855054049897
-23.282394504015617
-19.57211676132133
-5.602700876913634
2.5061702848371326
-6.116266881172936
-0.7063666552638015
-2.7605596933706438
2.5620990656900937
-0.29099279981525156
-4.926362235171568
-1.210240334980102
1.293706554272518
-2.8290915089112123
-1.5426097588476448
4.250535392379177
-0.09404748909583138
-1.9009469519847249
-5.726194901920571
0.6835977803312032
0.9233678203165357
1.3063870318734245
-3.707288296061097
2.4250712767300056
-5.034906444363253
3.033948093488782
3.175617797590931
2.9382480242285514
1.5111746780811328
-0.6332449352980618
3.3093611083352585
-5.009374676744606
-1.3078938107305293
-4.144542109183927
2.2081648635664965
-2.3164428710401843
-5.118024495367132
0.4194499362003883
0.7077764393294224
-0.20202588806311722
-0.011779156809081967
3.214518924230908
-4.449775421892761
-0.4591259823598187
1.021815440450606
3.2072802405576297
-0.63620818568443
-1.1616118814889744
-0.30017673832375863
0.390795573861571
1.0737592483968494
2.24210333903662
4.655207134521229
-2.5052883617267123
-4.096123253835027
0.12936046513196328
7.202145106867804
-3.8438964934053907
2.680537202819705
5.60569517219591
-1.1499876293747675
-2.397605683973388
1.9737611860643345
2.005150991542311
0.17678191677667973
-0.34602696527419485
-0.42380946702735706
-0.5394502745990157
-0.6694472678269539
4.251761232840432
-0.5337162330046057
-2.8407511241986554
-2.6685792940513795
2.2764477878866747
0.3922959449029
0.28932193915758264
0.4174423437259921
0.5789910241772666
0.8414155644914396
2.3234075700309336
0.3500405885601167
0.15967522276790674
1.2807564473219717
1.2078081990328813
-1.9560421570344975
1.516625915578164
0.21108657673580988
0.3440963283088328
-2.157018185465116
1.7859641608724073
-5.030234808658305
0.15636515649412575
0.22994063694431088
0.4362849744928177
2.236244309227282
-1.20971601799356
0.2469182191697733
-2.3952549169882924
0.26128235165246094
5.311146068980359
-0.1873093322424809
2.633997768565274
5.519225520447643
-3.195162177260316
0.33455477328725314
0.8229917388169012
-2.7333782042376242
-2.255205765273663
2.166086089464406
-1.5847007550319474
1.199497307663409
-0.8401926216424818
-3.2595966619815107
-5.000580294189964
-1.8154068181880583
2.389740692067157
-0.8813396681142817
1.2346605890774995
1.1799054493789511
-0.8292071740666224
-2.4075211457574515
0.1350603805245481
2.204478508706562
0.39245602116231354
1.1671544401836638
1.434378949887686
-0.8521203066586218
-0.06116923551108831
