-71.25173336802726
0.6294337636472758
-4.833079636555793
-10.135472901505642
11.617197692777747
-2.8773412211289253
-1.647285604580615
-1.2073947270994136
0.3070988993328256
-0.647491647864102
-0.3962046320505739
-0.4839079745056073
0.6797354740896552
0.28580194559322947
0.06746134075718552
0.08303979477761622
-0.1840967439945029
-0.33153851723968175
0.3151193868524496
0.11052314943792892
-0.33653381159020107
-0.4308005001582797
0.14931477624102274
0.2249876199165818
0.34789273522938957
0.08628896076350816
-0.008770049033812094
-0.4765139299680175
0.032812000599458345
-0.25673285946168745
0.3790539624538308
0.34635179127448307
0.1630902205561504
0.2391124663104412
-0.25613779757531363
-0.0416952888950545
-0.3796360607427871
0.01919901306121284
-0.10069743731510397
0.24635161385633433
-0.1412631388804324
-0.26870448164356864
0.0822247021850557
0.4006611084253144
-0.04529202378019312
-0.09500833794593634
-0.1759265288509619
0.22725020326704765
-0.24174421109764732
-0.4231139845642671
-0.07456231767911803
-0.0950293595891709
-0.13756474452557138
0.2539531192022661
-0.07926773492597486
0.2619769519011542
-0.10460027677261162
-0.09194314115568467
0.09065528217073945
-0.04116077167870556
-0.23529746960023828
-0.23412624475256083
-0.05705596599974169
-0.13905145718815393
-0.6001860597054174
-0.14902163198139737
-0.03873038693104194
-0.06516592149594606
-0.11340097079912677
0.1945533891788227
-0.34213236103056377
0.026741103659595485
-0.10159516207339407
0.17924666783277002
-0.35216660786195575
-0.15039715283875588
-0.038074712159337776
0.2072598937639199
0.11983827748842303
0.15724656715562257
-0.1184628005371992
-0.062172350315410074
0.06232934339032162
-0.09028092022305209
-0.32690275344362835
-0.21393876659634062
0.24806188227833967
0.2882790379439062
0.33968417243412785
-0.11063704368164756
-0.16414423026936098
-0.14410022361373126
0.0892835407394836
-0.13102780493434135
-0.32024095746690723
-0.2640073508017719
0.4192793022225277
-0.0780964979287746
0.36061406931269524
-0.1423251300279479
-0.044410519613302696
-0.19438321814187576
-0.17433311180054584
0.06048610900292692
-0.4417789194419133
0.08859162550756665
0.18319194319774135
0.05451859775267884
-0.14343292617660613
0.06216423853909674
0.2525356017679957
0.04728477128256224
-0.03655383669876275
0.24647881158690985
0.19092099187220446
-0.12688504739804018
0.20711891489495113
0.30624513797881925
-0.2307078878509698
0.03290234213969624
0.15959830052025537
-0.12540631878462663
0.18371039140861772
0.13280422608626155
0.18245320093743583
0.06532344701422681
0.18129397038820746
-0.08385400923653338
