16.145497737965258
-54.57587040666089
-22.718728525595807
10.877257919349079
-1.7777812628692744
-9.722556422814867
-2.2243926837183983
-0.5285767386143135
0.38891418354872653
-0.3596712956538394
0.3969546408599705
-0.11794922255495013
0.4660107109125823
-0.19137959047838576
0.08962905770310044
-0.17519213732192274
0.42475671757005967
0.11136588264119962
-0.3124503775451305
0.2441293080310194
-0.5614150509412954
-0.1535623150325364
-0.0604293932523616
0.1615100758365989
0.15893234234126413
-0.22117732052063696
0.3241602678710048
0.8601362190189366
-0.15822538668461014
-0.09463112962919457
0.22005419956813982
-0.3527906447258801
-0.05755590289115785
0.1054591504503477
-0.15922857890695952
-0.3339338067111716
-0.19249836044834653
-0.14285232164218184
0.2987640118747323
0.05592588666272166
0.16377662605426238
0.20156894699319547
0.1471508995223111
-0.5282525936721318
-0.2688635937530691
0.17718083416242614
0.40099978320493235
-0.1720225478956473
-0.0023488369198082226
0.09378089779009507
0.1411936528034403
-0.01848157810896983
-0.11261285561303785
-0.21514494740793033
-0.335605220883142
-0.017113474970711508
0.006210825316667029
-0.105919251573489
0.10345804864062488
0.2944938183639712
0.4993500322516606
-0.496090330443291
0.05033267873156835
0.3096257629171695
0.6665562937241354
-0.07381907831855108
0.05694353422328907
0.6206902438476662
-0.2514672543549037
-0.4416140146130813
0.3878558289345063
-0.6995465377564085
0.2661269327749295
0.008369635651473889
0.2150436079018339
-0.08379587096453411
0.06585550817146354
0.04556313996634312
0.0667590896242378
0.021386577886578335
0.2224861557754081
-0.07364303878468828
0.04065711232445878
-0.1119252694177946
0.708842267523572
0.00014973593361411464
-0.11769479546591158
0.17295125084668547
-0.3754438727838295
-0.6637364333198031
-0.052005955080522887
0.13680805517343714
-0.05038720076102854
0.3736624155677971
0.26832208861213097
-0.013617391801791157
-0.35605643702990164
-0.8603451493135104
0.16382840335544824
0.3187688082236002
-0.43345799320791323
0.3596332909952502
-0.19024989261121344
-0.21241433340225854
0.6820694509209461
-0.020229791421055715
-0.15552749512039676
0.30371250248914367
-0.13102679708935058
0.13085604252460223
-0.3417677243747227
0.060829590750246645
-0.1091296570919375
-0.1055487056443919
-0.12772988143031272
0.044410733284374844
0.6023722795814697
0.13052481619528347
-0.01959271698771587
-0.3428861526286741
0.0669944164061218
0.017703006652912058
-0.03208708206729129
0.152564436999225
0.2386908070883686
0.3681810815384967
0.1136299061885962
-0.08451455545460283
