13.459561154148046
-50.780642267384486
-22.603038419107694
10.519408014936529
-1.0256921734272153
-10.01378634495505
1.9400469267414477
0.9536916700213842
-3.6618747192926095
-0.5611887336973673
2.05163172834911
-0.9595352951787794
1.9078361670202673
-3.2023879606024197
3.551905678647059
-4.569300065733287
4.185924679099826
5.2358385406581265
-0.3427738366546314
0.3998581325172337
4.842326876222188
-2.6022037473244137
-0.28064811728324046
-0.12747341193318815
-0.30004898923400347
-1.4967752925805313
0.12771058957616144
-3.1128978413108532
3.354842515375327
2.8462056031265717
1.1247276818129746
0.24799742935793076
-0.06113526336923447
-0.3000288831277371
-0.214284287612589
-1.2250585007880597
-1.870493344698386
-1.4161075938099523
0.16454268777307512
-0.41492495771373267
-4.107754002326079
-1.5885004905992641
-0.09588225850749577
-3.0599921844603832
2.1014419202192607
0.3860526891360592
-0.12477622290211932
-1.4372199372450867
0.052583564727593846
4.0931899378713235
1.1687478640255675
0.6490268317984226
-1.7923872932813498
-3.2554834964737394
-1.9084520306218422
-3.220330573585349
1.8337767340923903
-0.07785917839379874
1.088907362222049
-3.5250174197856436
-1.8077502076723933
2.9175951177088413
-1.6750478730458538
-0.8906266109514925
-0.7449187821643424
-2.183556272384829
2.4709224481911125
0.8670322107063039
-1.6793714115818266
-0.3747714941365413
-0.7072250870736475
-0.48592238017112444
-0.9234118106511634
-0.920326398486827
-1.0710968258468734
0.6362391924642004
-1.5364481997390318
1.6946511637008632
0.17649033009276616
0.03073578864363427
-1.9664093887367875
-1.5424892641902705
1.6044704930878435
1.6752019611412838
-3.241032923217244
-0.5434228530787869
-1.9163666222448947
2.6438510747514354
3.8022459198279095
0.695653715149815
0.07796245948337378
1.1315366138605196
0.2326331003786788
-3.5958021512639555
-0.45665951894207524
3.174551477229394
0.5435869453015589
2.540039778608576
-4.482556864277732
-0.8568089255060497
0.7398462260636913
-0.2714790848933875
2.1865850840619667
2.4218943617997315
-3.089815631573392
0.669970427244167
0.35287896814457487
-1.089366806079752
4.160552754522487
-0.7529418333475928
-0.44140570536739704
-1.113495390219356
-0.16102014008291599
-2.814013546473919
0.282871582824227
-1.8716295054983212
-2.268555272334067
-0.13718258059346078
-1.4709327939725028
-0.011211702626748588
-2.6782014627581363
-1.1769457497734934
-1.1058005744441137
-0.6717243199791898
-0.15026950528685004
-1.0330632494199758
2.2300231313338132
-3.445964188328928
