30.110582884203374
-63.642466408109165
-24.741156671766717
-11.154737666238889
-8.647309705241607
0.0754223095150211
1.9304657051853351
3.2863480694071248
4.542810150951421
-1.0901424586949768
1.8315932496674978
-0.03818879159899896
-1.564410497422602
7.778922676598464
0.637768608497194
-4.521051412830054
-2.614118058548975
0.2987804193116778
0.5101132291335735
1.702848177267427
-0.8270684527076495
-1.9540529506982856
3.7317522720571383
4.498599368171188
-5.653143972447272
2.3159498830688525
-3.3553990521645565
1.4685619917786294
-0.11153118314118882
-2.4344811304305907
-1.3895019325957896
-2.206981000585025
-3.691328443195928
1.2581931961124924
-4.268000216760829
-0.84161523839678
0.2471535096847389
-1.6841429019560175
2.4617769786405646
-1.2131868918518751
-0.6861257028937794
1.9160552495028147
2.549345703053676
-0.05426888265430477
0.26357962857344186
2.0259266934338185
0.5449233893904426
1.6209850631739415
-2.0847834956711493
-1.1603397624646365
-1.8692930241810952
0.883089151937607
-0.9962073560068619
-2.169161478511953
0.7865013503299554
0.2261007725121257
0.41926275221283715
0.6933263630219042
1.0921703443150572
-2.390077106380365
1.2236906443902544
-0.21491204673995312
0.43508180606835845
-1.1862481829464449
-0.6642907256294892
1.6470147038496397
-1.4349817369009379
-1.1299380050516095
-1.2185014019936204
0.3487864888030284
2.94388330379237
0.38564451972393343
0.35497945372848494
-0.24193207643606138
0.9579757763295881
2.8039920389152506
0.3250164976356319
0.07044299808438319
-2.8966277264846547
0.16276064304556423
1.1172303682998568
0.9690330953596161
3.655463215762716
1.6683547350826153
-3.661955536963121
1.6262600471279685
-3.0831599143597566
-1.7341430099927826
-0.1174335071222481
-2.4531480671371906
0.04794285726166196
-2.3214927567703545
1.4804562674185158
0.8834037007201879
0.0647204624169384
-0.5186390383670412
-0.4025811834485199
1.1056121937006387
1.58886677174836
-0.2197188680842912
1.3715616130414463
0.23443829595575072
-0.1431818947848273
-0.3671216491923015
-1.408544722609582
-1.3162641543079252
-2.378670492661907
1.4842899579968567
1.9747169550562573
0.6438504937051408
0.27143612096434355
-1.3158996511637924
0.16780502407520476
-1.1864891644952722
-1.1447784495718163
-2.295208255612882
1.9827402650236308
1.9183236481201016
-1.3393574968406454
-0.7933832011156113
0.9107714287860283
-2.580964581503872
-1.22986339622113
3.2754813695875304
3.126968363660757
1.1755194809195617
-1.5843394899570864
0.161498730096395
