58.6509832430141
-55.07419937846802
44.80226734993296
-11.224231160580533
7.810877826925333
0.9985209675348456
-1.3589317399868044
8.316073270775775
2.177215531351508
0.6032964675203059
-4.058302324665477
3.1109751963510988
-0.156671414321993
0.4126828595620232
2.764863006861508
2.0995275659764423
-1.2743373993230571
-0.30090932749389154
7.754304289930038
-2.0784871973831227
-1.5005031734290468
2.206732483056875
8.899609723866904
-2.3709292419773513
-1.4030207572400208
1.8191653345010992
-2.3720211475128834
-0.2779611968653901
1.4698831585882457
0.6647345470674656
1.5214644397807657
4.17690815206066
-0.340488492199018
3.348937413770424
-4.21801512448466
-2.144964841695067
-0.2545709339401103
0.7315598559515223
0.6352485418626739
2.859562232824381
0.3698682665266671
1.796374491489064
-3.873596442768349
3.640221703142345
-2.492323634237673
-4.239301779596281
1.0439679004542115
1.3837035965758109
0.659896523000331
6.687904732275419
0.5226778157190496
-2.0212067148023904
-1.8126588084267081
-3.1901265415324125
-1.1119512190361434
0.7798236429148356
-2.1893516579194983
-3.4557734854092197
0.15155064513565975
-2.554687853503963
1.6583203890877678
-2.5028672676693886
-1.1207700476484415
0.7611062431725972
-0.21061319057972985
-1.0382739648302763
-1.4969621238915711
2.094069366909138
-1.303550078906822
-2.6273960056427375
-2.1689862398240702
-1.6447213500598643
-3.2094346898275448
-0.015425787486969128
2.764368323631682
-1.6406233584254564
2.204667839025518
1.0376501060457253
-1.5896897603412927
-1.1207581111780878
-1.6252035715227557
-0.4892615160516787
1.1578255237555992
-1.7662204872561993
1.1937861595174224
-1.1342899562347013
0.27090970807961384
-4.311855780386701
-1.7438044032457363
-1.634660725583702
0.14486430024205857
1.186697992462713
-3.049026104897125
2.06119212875519
-0.4215250356733271
2.8976850509790117
-0.837642461651415
-0.06623102250470378
1.108174697824241
-0.11576207632788015
0.96419341655036
-1.7834063109444744
2.5235917509868164
-0.5905819640332836
-1.847533488429929
-0.7787264604535941
-0.22505049584327802
-0.22833529946109507
-1.4633416293208934
0.8595215539368065
-0.45652805288831455
-0.15153447251916807
1.0158081234621368
-2.2744912087459195
-0.13131824637451775
-0.2128541701540595
-1.1298541505107371
0.5821435785973721
0.8686496628474841
0.5890800974510111
-0.9489405203771546
-0.40140682037311193
1.010463230320559
0.026124696549083847
0.5989190802741153
-0.5658422042270637
-0.05166014410224076
1.8818224090728035
