55.99872877418998
-56.89418704768884
44.199719715220276
18.447005119855866
0.5231722107700199
-9.280776314490383
1.9335756697721231
-3.313149180958987
1.7102019710647385
-2.5480183828604464
-1.3108156273118006
2.2364861789882315
0.37644142934759184
-2.262821535721886
0.9152783306682596
0.30332286527087954
1.119450884689418
0.6101590088872214
0.7699412930202815
-0.06082445948014176
-0.25202486176797645
-0.4857725117671478
-1.6656751989244427
0.8860729597327412
1.3251612574374318
3.583666718933615
-0.17691630807108066
-1.0603001489766248
-0.606068273422242
3.261839141853899
-3.3483092540867796
1.3918669553893719
0.3905278141875615
0.20404045243928243
0.2311931710452736
-1.8873475195897056
-1.5250964941880119
-0.36213950698755115
0.7831992126567712
1.6800593464242668
1.9128887511278005
1.5855649086355907
1.1338007337073392
-0.757259437958409
0.33635725602670125
-0.3679563865700159
-0.16914043940303466
-0.13973974482860613
-1.4895966614853837
-0.6648360590212549
0.5523331586694292
0.05115067379352237
0.7879263951047917
-0.9600357567564468
0.10902372719674969
-0.6285932867060718
1.7651979896587544
-0.6719618615699858
-0.9692324004547788
0.40578951743279484
0.5616121582878242
1.1326755758722746
0.016489563548079178
-0.20447646912801537
0.1930754523036299
0.0449372645802181
-0.13809021937712387
1.249499942020162
0.23107934585496376
-0.5447259836004078
0.7032135403358467
-0.7629710308746875
0.17966036082422637
-0.4306490438809696
0.5690520854401488
0.8966583430835392
0.22941656087228185
0.5900244651344655
0.20982750317816584
-0.7959153438951587
-1.166612210736874
-1.3199439966989646
0.43269645112067895
0.42220216229410745
0.41498770079344777
0.176367409478826
-0.003403157769743037
0.051674726797121776
-0.017971676535598738
-0.03280247252550049
0.2700243893043635
0.08075969540893449
-0.5844069576369095
-0.1944629292560943
-0.5533381796990293
0.4662344614312086
-0.006499260880620368
0.17645073907464526
-0.38855680682714533
0.0073750671484701935
-0.05154012081629466
0.11852740736670059
-1.0154710061430468
-0.4227020303564
0.17443316768260875
0.18166677116855234
-0.0866779200165342
0.5088704217744753
-0.7155245174814685
-0.47795004043913564
-1.7105154303939427
-0.2898295408133372
0.8034986444843173
0.3124224001021836
-0.07572167709921818
-0.07190952429440396
0.5136960988479241
0.2038359348676711
0.34620954017767835
-0.2977760884988196
0.02793475053774583
-0.09001001687849403
-0.6449448892806606
0.4558465786097985
-0.19830420332878354
0.6513904153042898
0.35464761006877316
-0.13080986869932498
