-46.58078683550974
-22.763213803343817
-18.308852120431165
-5.145459052479148
7.241376247041617
1.308948806106202
-1.2396440389575336
-1.1441919844784854
3.8802701365261814
-3.135939458211034
5.422340476122475
2.685432964827945
-0.2536424244531686
-1.635761624816145
1.8971611792371401
2.538075356162002
-0.9068041724845053
3.179903985653414
1.5999932732398767
-1.1148600089721927
0.00957906849071119
-0.1075046886049858
1.0066105233233724
0.1627569921013557
-0.36918718275242
-0.8235206884126829
2.635411477844121
3.8301002314938444
0.7117143316449356
4.895507584465704
2.0660954921446777
3.9051952152946967
0.18488792986359776
0.9420012197652072
3.481251463714949
2.1300199049261437
-2.6865492894754843
2.7526717447135294
2.049204610094621
2.3708253685353684
-0.4542590012182622
3.995081175319938
2.239958661933008
-2.852418459894042
-0.6447524955763378
1.0758781658723924
-1.0994761131832895
0.9949075299648207
-0.8180491656839866
0.031100368405349747
1.338239161331616
0.7788795889038487
-1.6173029163811345
1.3281393422383727
1.6214455467359
-1.0297947549110742
-2.0580361052068064
0.5043959091655948
-4.735310623501642
1.4487184734215313
0.9458695295487486
1.5695108667325826
-2.3190928759507314
2.4167278446047913
-1.308060962742934
1.7767318181372769
2.654177817453323
-2.2024845632776393
1.6345084203840317
0.5017804024300494
-0.8480199750232422
0.6477391292547192
0.42666450037613907
3.0650117165320303
1.2165782864002646
-0.0012569352246369
-0.2309147668797999
-0.8057499713853264
0.30026980248532537
-1.108916269922759
0.7822188854159516
0.10176654599469409
-0.8954741129709602
0.7080861277275567
-1.097504199961954
-0.02712958854105177
0.9968817640212994
-0.1984319307397241
1.142720489167984
2.7433021771972874
0.13100756995655571
1.4055037918595306
1.3911869966964232
0.2894313978378843
1.5643587251152713
0.8690314930412475
-0.5096507661865063
0.10659137925895745
-0.2919397976200849
2.5426325967769072
2.2877994623151885
0.6693281029604045
0.5240049443619545
0.6455616802568824
-1.4469393430156263
1.3612035752016367
-2.204263747615443
-2.7909164443267453
-2.239665521767928
3.5502868787760256
-2.781100895065559
1.1346257620075841
-2.55269672105847
3.657484756061131
0.7042128651248274
0.6767973573164556
0.34659480544687205
1.880111478486377
-2.6403167817622393
-1.6755902477983464
1.675272750121385
-1.8208205714910015
1.8947478213950788
-0.26928835092878545
1.4134594908156564
-0.5087846832385128
0.24203548823687995
-1.565526908685026
