89.65901433405095
9.713303009779898
-44.070368871062335
-14.031927241694767
10.19819805698447
-0.3419030239883164
-5.579527420926478
3.0526667262664398
1.0467723272462799
1.5281176033503883
1.3687269270220284
-1.9030621971797501
0.08681595886096805
-3.0334956008380933
5.32947262026629
-2.0211900674704397
1.1297597138249609
1.6128740083050794
-1.3319419757314201
1.9312621239959595
2.0796259291631336
2.3912791993757665
2.120251160600258
1.3658149407289537
-0.7754169551575679
-0.5104689059582324
-0.5710722936790512
-1.7777319726048073
-0.3019313257992311
2.5913363837909564
-1.1078752802357554
-1.6644174916899597
0.7255381732290958
-2.1428937809575017
0.7903163881002911
-1.4506233578080345
-0.46273843949614074
1.2768777440488814
-1.192682429496374
0.09782829103007182
0.7249247336328961
1.5172297858999082
1.4654504629867444
0.1735166185617726
-0.73228959587638
1.890829717226491
-1.0171474057683894
1.196172863457113
0.6805099138907837
0.08227068329726656
0.689707262073008
-0.2395555531607903
-1.7302519100058782
-0.1452581446904991
-0.3126147953704569
0.05726969044672105
1.2933281380958044
2.0544925513686314
1.3619767703526842
-0.1709318305613191
-1.4197031537669145
-0.8324456884783313
-0.4507293116575908
1.3604899689487222
-0.8328642370520809
0.8541334223672277
-0.4349496283435265
-0.03694703164915547
-0.5572626849665723
0.5676117155087299
0.9311472070824641
0.960197187519461
1.4482106890463222
-0.2300284430363277
-0.008067257269923217
-1.064097694628436
-0.03185272565168723
-0.4658596166548485
0.03580430271939328
-0.2412254374963769
-0.04822925131351557
-0.6891884483586392
-1.0069138182744222
-0.3496137203113425
0.4853259041895698
0.7889865322287066
0.4182691532146037
0.4307626142406725
0.5706944257419035
0.016061318366482336
0.1508143289715239
-0.4474096478545322
-0.2611264256244311
-1.2332462930477899
-0.07901421880268766
-0.5030151585592706
-1.472585802259752
0.35546431504525616
-1.375996223449072
0.05961322432695648
0.6120686747061477
-0.722404468351619
0.40599988886554617
-0.431573899323698
0.5612992271985924
-0.9377544253563694
-0.9257317403060713
0.20488377266817437
-0.550610028953769
-0.08088533693877512
-0.06110642516908274
0.19060772846185386
0.6873076735521603
0.26190885659510715
-0.16422725970116248
0.35009410707556093
-0.08787564189393357
-0.12265991016227057
-0.12583545551650394
-0.8300473225422447
-0.07706295339837771
-0.2162260738218086
0.26141137408759557
0.21395949011217566
-0.022695517260219955
-0.19998130076174817
0.6366054409820731
-0.21895957284131012
