-48.67962065818985
-4.409431670544406
-9.508125728870246
-9.202291312297358
0.8937421080707738
-2.5011130054111526
-0.13140441494283067
-0.3894425901564208
-0.6006755362381998
-0.7466166584886175
1.7374818818753544
-0.053850397292218605
0.4837732917760728
-2.8931225692544578
1.3248841683582655
-0.3710775817779257
0.5192283756161737
0.434763658892828
-0.69488516881651
-0.44940217253405323
-0.08262900336911243
-0.5441751016677694
-0.2433766608875603
-1.1462533213879378
-0.22205178344506973
-0.463308744129045
0.5056629903498293
-0.414362017142449
-0.45215998011989567
-0.08055492743412854
-0.10512632248627318
-0.07129197853120192
-0.12414096588431103
-0.09698065790818329
0.3220762516439739
0.1774476590700747
-0.0081844028415992
0.07003056987313439
0.032303965832827526
-0.3330495412934598
0.07308259398057734
0.003975890270866117
-0.46408354467117724
-0.929157326295133
0.3391269106890728
-0.1481930001187833
-0.102028210074257
-0.025493408123635125
0.3866048976418308
0.1297214260584583
0.26710892291822125
0.1529867606490674
0.1295603327683157
-0.6764194353339328
0.16963734937661862
0.381222235372581
-0.15175812447981157
0.13168084562094742
0.6274508776815882
0.31134904469074626
0.4238639956357419
0.6126466748962133
0.23887758337344045
-0.026736718916830382
-0.1780288731744926
-0.2276015457178715
-0.44570599270563926
-0.4803823973659461
0.030417661488962522
-0.06924066653920084
-0.06101681863928841
0.046360203972519526
0.642234881088833
-0.2771596022854476
0.617565652978679
-0.16266963120551517
-0.34198178820649267
0.12911611509285675
-0.329873872453721
-0.05971009696065857
0.33644795712414244
0.3698692783300145
0.19084196191576025
-0.11032659274762144
-0.5801122344063958
-0.11891019528252851
0.07990950052245345
-0.10636430133356278
0.32008827695968367
0.26555403513869824
0.16947460736966802
-0.47237599619576587
0.019249617431146726
0.13777633103895595
-0.08843044065005122
0.09197478494425959
0.4325238730748604
-0.0723431886920046
-0.26267049898363054
-0.21901616769149304
-0.4470677370061734
-0.2050267650379289
-0.03108486310738013
0.43571256666263297
-0.06614826852148226
-0.12688970257015666
0.03341641739450733
-0.2096943061595472
0.10505847885758102
0.19988010938162096
0.28963075120438947
-0.17976054579932477
-0.1598794398371329
-0.3598271761364803
-0.30665722679909496
0.6657120642747605
-0.21950610237500714
-0.4160259941640669
0.44199677261932685
-0.04233327438926629
-0.12050966837376761
0.24934607404525294
0.31176629179951953
0.08317839905489208
0.02939435788145059
0.07036248574113235
0.01571931220227142
-0.33391650117381244
