43.798619521721015
-58.80038142854494
-19.67548561209707
14.030906083155996
-0.26184641257391306
-6.7187823218817435
2.500427968818421
3.818931052514823
3.1375317376109955
6.158114789656382
5.509715536221816
0.47476102774345275
-4.96116315868543
1.109936785728163
-1.4015110040031855
-4.135810816731372
1.8342503776423777
-0.14924347076984112
0.27385421908379354
-4.510923916017454
0.33797769720216353
-1.5044154748751795
-1.3793725502969654
-2.5041611740424194
3.568185254174955
-1.906236532723801
-3.250801279853861
0.6744615235562846
2.8880893881623457
2.2291057293769585
0.4434425901733591
-4.501367496256981
1.025837704726014
-1.1089968786390454
1.9825537388157044
-0.7809354740432418
-4.293067127423935
-4.233950324617305
-1.0440575729324437
-1.7473832617678133
1.580032494543971
-2.1174839503725527
-3.5034264828626185
-1.1916306789443725
-2.9953067051570996
-0.41870880619647366
3.1609384382998393
-0.7849538816517506
-1.3287720471290205
3.313433478976641
-2.0123800476236324
-0.7376267378169988
2.40836308453497
-0.619350142651909
3.984999971166841
-2.071373565407429
-2.0925261595003652
-2.111723917078232
-2.2106930848524176
-1.3904974910997505
-3.4213851888401967
3.218487207314656
-1.0375830337076786
4.400801270420412
0.18507724854039254
-0.5612752418307221
0.8591595073229227
-1.7938232830770429
-1.8478341024744132
0.06736923880521413
0.7184673473891738
0.25382750434641543
0.21607482908381692
3.286425799322879
-0.8557576267071897
-1.6741006939361278
-2.4369215562859385
2.7760942904099215
2.8013806806229113
0.26400045783011417
2.2500222629859246
-3.5073288527785995
-2.766600738873366
0.014195913945399888
-1.3831419516210552
-1.428857087751454
0.343424431543447
-2.072212558917957
1.553247055480423
-0.47347761452668996
0.6775993812014844
-2.256778415294936
-2.1583280797386526
1.256842568928079
-0.1350286809776356
0.18975878497077533
2.3686292030334495
-0.23966945489019897
-0.12747598205912303
1.5645678717297051
-1.9458202495439358
1.1646251332864532
-0.8504358260461846
1.198178422467335
1.14400178194583
-1.8704667438663092
-1.90293295759263
1.8752069813090984
-2.518904306714028
0.26115687761609063
3.05806028338808
-0.07381013026769097
-1.0329598665546686
-0.31040570109930216
-1.923945647881803
0.5326652841256515
0.6914502829533817
0.9365510676424126
-0.45215052807003026
-0.13781974375713602
0.8464324873364555
2.6250891383520245
-0.9429439279079728
0.5807450365221971
0.7426862783426087
-0.25316141235181217
1.0614914337394195
1.3395703768010483
