-40.29897140901512
-1.6769355674829352
-3.2993594633403087
16.235141742844085
-0.9392817150381417
-9.899642580317174
-0.16411746725960108
-1.1494762907023097
-0.44313811967365657
0.030688868250353385
-0.08635125544931244
-0.2723731370469402
-0.1627119225716677
-0.010951837207361419
0.025983592474215333
0.3312788351282375
0.3920188026153971
-0.6115348309220986
-0.16899461255295134
0.46787304982751543
0.662092884573704
-0.7416809362614107
-0.12883495711569254
0.60175182272456
0.37693863938151756
-0.06306772718302987
0.5185820558971228
-0.49654343837240894
0.3882606713284163
0.6567614388394255
-0.2821831892273603
-0.6645069112568707
-0.05291935314572469
0.1752782533700509
-0.9870115834401082
-0.8439488065396833
-0.8438095416212572
0.007527362206450901
-0.2136705530040433
1.1860886122159047
-0.9922103964791599
-0.08599644036250498
-0.0721875872059663
0.1023565267653735
0.384981843874261
-0.4005157572907756
0.003025266171553756
0.9509776807226858
0.3770327018975185
-0.2025586931593399
-0.2554283867771239
-6.921833579767722e-06
0.06481374650464972
0.03948888687949029
0.2639394260074696
0.35301472464317324
-0.04051205550683585
-0.25270517040647233
0.38390066980922977
0.13441637525470923
0.05448364531210306
0.10709644646048336
-0.5530028473610861
-0.26956155422723505
-0.4919528742226798
0.04634266192968574
-0.007454793116558209
0.08440789591215526
0.09901236469087885
-0.49384895701403464
-0.04899550342488148
0.7931290908434201
-0.017085221799765432
-0.21612035170107546
-0.28674582172511215
-0.26504785441867823
-0.15181637853050173
-0.05569812787432095
0.01758486179722226
-0.21045417787210824
-0.06548442482018953
0.42346770339864825
0.10224885357836173
0.11248299182960289
-0.07634214429195822
-0.623100437984889
-0.38191963586346384
0.047732129357994126
-0.2672074427107336
0.45626120541306686
-0.18073380965374336
-0.16338822902421118
-1.1242758490590847
0.17781722334838218
0.3333565391567673
-0.15478911633472744
-0.43410210166649266
0.1799254603769424
0.033340281689504744
-0.6238666264697078
-0.16701336886951995
-0.3466540149759325
-0.6589554630737378
-0.31508234932145873
0.47669401047709586
0.3678518770130572
0.18380005488440976
0.41997338126898354
-0.4345308032059416
-0.22726498837271536
-0.5551721536249541
-0.17066011048332852
-0.39168121896155117
-0.40662679113432587
0.31925396731878575
0.41417087912313916
-0.2223012369340991
-0.06893293734216283
0.5106163918497922
-0.5216483478947174
-0.06624672922207736
0.24201044522243043
0.008791726475084728
-0.2818601680264848
-0.004006585028318618
0.008678641350738918
-0.12307990976293541
0.19464976856869765
