98.4690279013704
39.280308287646484
24.90829595055506
6.198663534235001
0.4416753980804815
-6.154932504535532
-4.6125368718067845
-8.093171762686287
-3.235013203808524
0.661577959644242
4.634271523430278
-2.945938921913192
0.5823560454885695
-1.1354562983022871
-3.781177951607608
-0.9778791874354067
0.7089770331259966
1.8778158813209782
1.9618801867460132
-1.6168641229612806
-1.479135393206239
-0.11702039294660516
-0.3097015436583438
3.4176079034161893
0.6239824486235588
0.3574207358011309
0.198693759392853
-2.140405917792803
0.2237857367754622
5.308305047402364
1.1252235788301879
-0.28107262786541837
-1.140355800599027
2.8564612006807066
-0.3496345139196071
-2.0839299295456613
-1.7796329256340218
2.365120243136024
2.5616802361322035
3.356252027866755
-0.8119375538078593
-1.1161379458427534
-0.8689567075824284
2.7036877709397307
0.6402192941755043
-0.4955084562661536
-2.4310068145788106
-3.6630252698877284
0.3878697113779709
0.9508733684676441
-1.2830657924842344
0.7115641016214008
2.62641670393003
0.746728250014143
-1.4531732733051623
-0.7789414755710969
-0.42736279170307556
-3.972538898639875
-0.2842317065376537
2.014908026156815
3.3761846820691406
-1.5554213877591259
1.4701444967739072
-0.20532101254052726
-0.6143962997001031
-1.9843010116014672
-1.4503792683084349
1.2349917657125353
-2.7163903630802286
0.26060750139867717
-1.4674551727966694
-0.4127426838412972
-1.2707826506331923
1.2824056797788468
-3.779662583556765
0.2170053752156234
-0.5452840989803939
1.7919509833898233
1.0518176585995378
-0.691314886243513
1.7506996146369995
-1.0664569790776457
-0.12916100444852796
-1.0026321531151539
-0.639967581252673
-0.5158577282019621
1.173003263966155
2.8212914808891156
-1.849574524784124
0.6379821798806616
0.026167823074206537
-0.5031592720800258
0.7107639603160459
-2.3711331947598255
2.964339350765806
-0.731666602256301
-0.02868082936596551
0.4414883412288676
-0.7684214029432586
0.4636009766832923
-0.3098386105368113
0.6952239237793564
1.0571015263267136
0.19353373418622197
1.6443060758115804
0.8745454642332103
1.4837998840789122
-0.042739955908619925
0.7049865171461968
0.036394478199534314
0.3119727676790122
-0.4596645228630033
-0.9613563100503844
-0.7671160968161644
0.25460889223394434
0.6425549720702436
-0.2304183572646108
-1.7056710898286496
-1.1375176194450933
-1.937332921371347
0.028683437361652853
0.22577709894132886
-0.15634901858714895
-0.48344723682337576
-1.3606957847775094
-0.15625223607024824
-2.0266194252923433
0.1590296669237544
