-46.118687581605165
-4.376122197707498
-9.280103994782865
-10.430242514496962
1.317458051112088
-1.7362361974070206
-2.3374931883483914
0.04121253828733848
0.01217596714535051
-0.1535951858527675
0.09156993754933157
0.7464855356919438
1.605844065861453
-4.111732605032752
1.0008962125062617
1.0090734445649288
-0.3845442201244129
0.6666362677962736
0.25649219999781897
-0.7461743489313182
1.8829499522365616
1.1419421802418612
0.14414995885121615
-1.0668799723619353
2.4925755235009697
-1.2422405793401656
0.2800689169111157
0.3940372173735006
-0.7180920349406577
1.0718398393918036
-0.11510905200958838
0.09664928475115106
-1.4647216808652348
0.09577793249592026
-0.16260699370386522
-0.12626399896725943
0.7634397626646837
-0.07281369206607669
-0.959165407770327
-0.09499397619581124
0.33259009952150065
-1.1671682441989404
-1.195958742662129
-0.30575496890267906
-0.7753024686415659
-0.5545728472834605
-1.1111693606664845
-0.9343174974974691
0.27423997964582114
0.27211639383311714
-0.1959270688251077
0.19697623407595122
-1.4358862631314364
0.5473008687580506
0.6326192320875523
-0.7407014089512002
-1.4012400115817456
-0.27637590860823635
0.4459788828918675
1.1251383918308928
0.1628517083246021
0.44657508424426223
-0.9272431229657336
0.725724445910664
0.5423956619216721
0.7722092414735873
0.05124542640493193
0.0002587136526031597
-0.1619146064124733
0.06916193579164039
0.20826986913118395
0.7267894866821917
0.4740395131015307
-0.2104673985397292
-0.8612607501858325
-0.017963204463378526
-0.28792818549968596
0.06149523854959835
1.5925793069292025
-0.5852176295310224
-0.3289887981892402
-0.7790604239775121
-0.6924397737494047
-0.6232845445610422
0.0891207668490161
-0.1343211744812401
-0.6519565704927278
-0.9625689044916801
0.43527775623901976
-0.4917555155578014
-0.5055359530234887
0.5774745597951899
-0.6253834340253127
0.6491044387476759
1.3458681740350142
-0.4472193334454604
-0.9566845739174723
0.06010859773641175
0.3785668395704901
0.19375599413559108
0.6109575003435723
1.199384210995697
0.024089329174353857
0.30233232881384
-0.2874010980755286
-0.09791397241138868
0.08057913867652214
0.8252859324354638
0.6352968965741569
-0.10204244087513373
-0.475725436750004
0.06221191871297626
-0.372944048581789
-0.5345869244662709
0.6611923079363271
-0.869542533402216
0.6044451418526728
0.35243060524001657
0.3689166891458974
0.7637333743084143
-0.30537037089661245
-1.205256911865545
0.41909026572573926
-0.1373617052410085
-0.5298863302083044
0.003074452140871966
-0.8230285678656819
0.4792232189392252
