46.31272581237019
-49.99734378868293
-4.392307125708612
-9.001638164051887
7.444581065957881
2.8146785676503807
-0.16700531097320306
-3.7962953062519422
1.236041693453864
2.60305269183434
3.2780749529335953
-3.6216344665925164
-0.027833456579867633
-2.3366893309332193
-3.3725438428907406
-3.486238805624651
-0.43562957955620046
-0.8988947343748854
-1.7257531221634808
2.347427857672321
-2.1889054970954818
-3.229622076464596
-0.7296071374767311
-2.676093386982581
-1.7836218166794802
6.2720067997107245
-2.5457001002367377
-1.1198133536456667
1.8612769143965187
4.693614929287801
0.9512540822362845
-1.6654284477924879
-1.5531987496504613
-2.4177919145549547
-1.428264810015209
2.0960647559413346
0.5052803147966095
1.5821728824926604
0.2634761220917775
-0.9006378285378644
1.2272740514371918
-0.37429489970394036
-1.604952614575807
-3.2098093685884934
0.8246498500424636
0.7316693967202917
2.0811560629938652
0.47071864090266907
0.9787402603574965
-1.8166760404767026
4.1887847191610925
0.5102627084854184
2.7992851109871344
2.5544649972904736
3.8273455647831405
-0.532522954031995
-0.9408975634725363
-1.4100076078445114
1.7903014650108735
1.4623167815351577
1.8273141482362412
-0.5633848064878009
-0.24467841693395254
0.7732197163286014
-0.5100801300470934
-3.007588151116457
1.165671773001978
2.062597667823965
1.069348118796968
2.0113189582644617
-1.224013390111902
-0.08339846733291584
-1.1461134804927837
0.2871121882036988
1.6558368280641982
-0.14521697546871182
-0.7532334835351662
-0.24054878702650015
-1.460135781669537
0.5265007484888828
3.2239787505889796
-0.6307601326585047
-0.07187979239610551
-1.4806306562714975
1.2694655514233801
-3.6045904038208993
-1.5748356336958103
1.5510157104585163
0.5742367219893945
3.440212761502299
3.1183622818046555
0.06842188731177384
0.38023912324237485
0.7769602712189185
-1.8361006851748571
0.2507354441641719
-0.023037902752141695
-0.24194353618099484
2.4858609942889296
-3.888817900552378
0.21845882125359148
-3.0419970482701206
-0.03538629303159284
-2.5241166110697026
-1.1402403395428455
1.8240728989607178
0.735644402497538
-1.3350896856566519
0.9526217744434046
-3.4605856787492133
-1.69578744003379
-0.39117098355144614
1.0102820549445661
2.0585900253065073
-0.26829993178616535
0.20270273676169406
1.6068394916421669
-2.613355425421083
0.45223561557462727
3.307769947569664
-0.499030487656697
-0.6027174765388935
-0.29514925226715544
-0.5433776579788288
1.8141123507022205
-0.7453423145588779
-2.2077497129708106
-0.045495323166259906
