28.38150328326446
82.9278619929311
41.86752936526807
-8.904314063302547
-7.2283723844211885
-1.4527313434359994
-1.395657579952216
-1.955303915977007
-2.0896898215724184
-0.7462631176642034
-0.33137351488908195
-0.32160685875933115
0.3452363691779477
0.8329597774234078
-0.8764805884574313
-1.6041769480658825
-0.11776823980000223
-0.330397767698214
1.3753263361336607
-0.49887376447043125
-0.3089857800483675
0.7687906539996583
1.5655763063539414
-0.4920820611736747
-0.515280913284429
-1.8052487341676904
0.52186185927869
-0.23514341238800635
0.00799962741922084
-0.185376879980103
0.06642053803331352
-0.3965033407527406
0.15630605683027757
-0.8273822353026357
-0.38984272645208545
-1.1686394121656773
0.77380737776402
1.0671177814913635
0.9745606906371247
0.21433413420003364
0.07267349992716193
0.924685929782158
-0.14928086060724785
-0.48801752652067154
0.12472611605808134
0.266596081708279
0.18447443110090503
-1.4704808000671983
0.5633486443842819
-0.5879227638265749
0.0006992859702548149
0.7431894459516607
-0.2976394527205536
0.05858233006506064
-0.158527611136903
0.696054713365286
-0.3655677273360626
-0.20194276850060655
0.01811188848367086
-0.9057667384288187
0.1790009491791683
-0.4617012837887866
-0.18934424545791345
-0.1557968337521501
0.40216000877510777
-0.2078110530599951
0.24296067129220142
-0.08031999400057993
-0.6955131507113388
0.17856166720754788
-0.9162004401267132
-0.01903316527544653
-0.7993029364948476
-0.2606812248092136
0.054488190359350236
-0.5950512274865241
-0.47364990913654936
-0.6327862266832542
0.9871652388497614
0.19420157116461154
-0.1375334086563781
-0.18117578892212713
0.05990163697255854
-0.3061233989146003
0.16336299305172197
0.4154970693102173
0.736468571596807
0.8038114118361347
1.0482536131962843
-0.10472544930996563
0.6139428872184113
0.7610498958376066
1.0573851721205345
-0.048689349737691026
-0.6775819034298978
0.9682723822267661
-0.6284097280589586
0.19741197036492608
-0.5416330751120823
-0.10443491802178712
-0.4344098310139672
0.2614934769275195
-1.5543808003038202
-0.2688919850672736
-0.2211080530298455
-0.7926121467088753
-0.9770593060537499
-0.21086586051432132
0.6350878231745518
0.7893382453276823
-0.4153351883102915
-1.1452503906286762
-0.40753734623227217
-0.5083283732481093
0.5337423260515974
-0.9289597805424815
0.3013214811015928
0.3190237001962428
0.6028742412703532
0.25733340372737146
-1.4805820458792622
0.3936148872420614
0.18217621883883656
-0.024590435120635065
0.22431960788874852
-0.3684495954012025
-0.04380846197818092
-0.054241627265859446
