-43.18527321821493
-5.788719283931506
-8.063793249265832
9.291456128512534
-1.1774166590656485
5.7369190945423005
1.2469282542262778
4.20923575984864
6.3505720439746804
-6.583648099580014
1.1105850799765964
-3.4033370326819177
-4.546775875362893
1.7631573873566668
5.001418797558228
3.452679951358088
-3.732930902290783
-0.19816771768755076
-0.8479397867844833
-2.222496846480716
-0.9288385187282354
-3.1267295607162753
-5.698208881382841
-0.3132604732116481
0.1457324529115406
2.161866172879971
0.9339973564601367
0.46687345981094824
-0.09172180360573645
2.6691783131104625
3.304906083908912
0.3055184107813857
-0.15117070266172705
-0.7858938541185697
3.7519044386585994
-1.7087983482938756
-2.586436149878346
1.8581538047504291
-2.2932018636817064
0.46109530683219746
-4.020386015647366
-2.181432175734765
-3.604845008168688
2.251759769231581
-2.9274520806277824
0.7886692687566818
3.069500090188883
-0.15351175682266244
-1.8928489062451375
1.9234977323765694
-0.7731956735134705
2.162528500087762
1.7616919287928283
-3.6697760680714673
-2.411423322574002
-2.9226546333252656
1.6056102153595246
-1.5962307656112964
-1.6476894202309464
2.8768599789105243
1.9431438488453396
-2.864783847111755
1.6726397386568477
-0.7452210342834057
-1.6901691619553394
-2.1751171475968514
-0.7753916769235656
1.0947711799563413
2.2290179951702864
-1.4144470392608486
2.2836314679277603
-0.7896888021917057
-1.1635482562296682
0.033721659479978974
1.9025583746755137
-1.703431592842844
-0.7119248865398639
0.5785960505817763
0.8697792063107855
-4.54755395757894
0.29286775778783747
0.8271430686955271
-1.2516976380639195
-1.020096339588766
-1.1935523184209835
-0.16916671853774326
-0.0813786236895632
0.1438645036831736
1.372115543321614
0.12302933558763338
0.6919210036430862
-0.5395261173103322
2.1165184822938863
-0.13988991711316628
0.33613208647705417
-2.7606482932839183
-1.4183571187901107
-0.323573967703195
-1.5807244439899724
-0.4946439946340049
-3.457391063314564
2.4802590865784566
-0.5655559008300063
-0.07415174469679413
2.5830877724132
-0.11449381944947729
-0.9007974065926769
2.696679949316454
0.016317847940370056
0.95041949027002
-0.7973354419105725
0.19785614098743942
-0.10814853177356806
1.3432804432941965
2.2054539488642053
0.7198184722166335
0.1911220752687624
-0.5795773427662695
-2.081724021981798
1.874369605372967
1.2341386528241296
1.0794133414021385
-0.14744933449371456
0.2012214466516487
2.7163164837327223
-0.4671785586123284
1.4968173825645397
1.541853731826783
