16.408652903143093
74.9639160644449
-21.79335807683227
12.705411480900544
0.6527232048017706
6.8769386591865
6.965675671149059
3.4689706454121265
-1.298809154898852
2.7962818474137263
-4.062772313097668
-3.6814415463731756
-1.86310958752865
-3.3411684159000323
8.08968580148367
-3.213624821449653
-4.46549124212752
1.1829462741518018
-0.2723011416140008
-4.685114550233982
-5.5443480412523956
-2.4305574059229875
-4.522890097661998
-2.619341712619795
1.3196125196194908
2.1309059463064592
-1.412461845503945
-5.103580076861879
-1.589536885962375
-6.014562061345294
2.8245872910252814
3.0750413571687867
-0.8684888787833831
0.42274894185543554
-0.7240347816390049
-4.525478520554712
2.4340699290853562
-0.6683817921267632
-0.970173611761161
-2.232731930261469
-4.1172527990128955
1.7039367825904548
0.3981436843895655
1.7300081354001091
-0.4124304649389381
-1.5942448198961219
1.8427285669790487
1.768682925570378
0.21970746709229907
-0.7431033694123214
-3.5778332028927413
3.725239194659981
6.748037287358163
-1.5566524438672968
-0.67757051473985
-0.39645940454052986
0.7422429460629534
-1.4273363040600384
-2.70415603536864
3.8015835965254006
1.9841794565954625
-1.341996382878102
-0.9485685079477453
0.6484874874425686
2.6374762155580154
-0.7834409595910581
0.554964685129853
-1.9831882321474055
1.318900624007398
-0.8885226534107161
0.481295271168804
4.279653068427894
-1.7853802047075493
-1.61725352767563
-0.6514773024504218
0.9369019477902532
0.8613745760696371
-0.26527692229605393
-0.9664748780562449
1.6236071516950756
-0.8655864279891863
-1.7574196309562322
0.4650614037757428
4.2393776170985475
-1.2928914058108525
2.1844650735998803
-2.6416950315748102
0.4328922220944906
0.282773352681681
-2.6259372198035185
-0.40029434287863364
2.372751387175418
-1.664837540769627
-2.630200421511756
-1.725873684056841
0.46036584007071857
0.26341382883252984
-0.29044567125462223
1.240980113097557
0.4877895520134215
-0.3705275210404194
-1.938248265271837
0.8599922672024631
0.8389347649006019
1.5593195618533762
0.9429353041961834
-2.2032792953779516
-0.07827358157262893
-0.06749026669283309
-2.3318334876637445
0.2698893936312552
-1.0721652635657364
-0.8348514300873193
0.03733384860124773
0.7607862860591524
-0.3769667623669835
-1.2660775365709138
0.8379539235266457
-0.14346039596805463
0.4848724966294099
0.4649840861239204
-0.22570817345177946
-0.20346914095115862
0.041357420800882616
1.7608530156791407
1.0971734044966042
-1.0434968207742064
1.689605145373618
