-48.32307329703003
-5.1174941213388125
-9.7187925097323
9.42455931354995
1.5415364516866465
-2.2544507508657396
-0.4076964434017323
-0.8325793511358657
-0.18611606555128762
-0.481425363648037
2.066378153062225
1.1130529013409949
-0.8875211735853584
0.5288794679190394
1.0368743846209432
-1.0381308927370898
0.664258042303942
0.41840692586762207
-0.1567345147177051
0.1719122309018037
0.2521000124785426
-0.599990561450257
-0.2697018186111483
-0.887855046658517
-0.7257970700056215
-0.23661393745291934
0.33124296571936146
-0.09342779545462587
-0.2594385331387642
0.7561511247380829
-0.5134753738264974
-0.2962195206284055
0.16823426446277637
0.24309606335879738
0.1089021092960793
0.5193844788798251
0.19763763078879995
0.11873937447275407
-0.07489518509128158
-0.07935974605513485
-0.17664364492808868
0.6245744779747665
-0.32479341966874004
0.16852452513857494
-0.3606290139557494
-0.22164732698984044
0.19288213486202152
-0.29298980314963574
-0.4108058159160697
0.40309709943621597
-0.0005553550934773027
-0.13127449620024023
-0.118858857895163
0.24159667063050577
0.16823157584927842
-0.25828906974424887
0.4718658082308712
0.34529348662028625
0.08708670044460691
0.2547428826635424
0.0971460503625846
0.012038119567433638
-0.08874137177179595
-0.10812940224537364
0.08722649480454436
0.6354171696379116
0.2977252613766529
0.4193515281628459
-0.0553426643202129
0.33600076316804
0.4261216681919403
-0.12816251206519336
0.07190869410980981
0.04553813373634476
-0.3721325757404795
0.19666986772930872
-0.0654395388428669
-0.014964131749028303
-0.36342343880621986
0.13271766095189375
-0.03546376362236506
-0.019652515941209384
0.013930000252057852
-0.08737965411986592
0.174822506956359
0.07031096109646717
-0.0026773161215735072
-0.14673783256482742
-0.0233337834243606
-0.265886315090819
0.2852761506966867
0.07689171428860699
-0.11066253702135576
-0.08970193908544885
0.26646666250860096
0.21990996863926027
0.3620157032788299
0.40130806908288125
0.37338962006177046
0.11144282594644347
-0.38048809833928837
-0.07243577742860047
0.1449827686505059
0.030623684755982306
0.19398576771299667
0.07817569498662802
0.15239592128844043
0.01457430912520901
0.43786764306216003
0.10528855863832243
-0.06438992227085355
0.21981334011263695
-0.1723205621378024
-0.04315599815427541
0.09616021099484981
-0.06451665026264014
-0.16668977992594236
-0.3532553270244878
-0.3566529152655738
0.12621111055389617
-0.007686339860440511
-0.2584662412314189
0.28269860068969016
-0.12073558835152103
-0.13095633029459766
0.13745468710130346
-0.2568168620904296
0.22353991508743015
