56.623981190958695
28.876032646044813
-53.846025912446876
7.578671392840022
1.3314874883884271
9.409948954819221
3.3042112803389503
2.3342588327717
1.8891180488057906
-10.902424066088326
-6.231932110185725
-2.355568546040672
-0.5313496935547712
-2.7167782053245144
1.3110007707781077
1.5586759100051326
1.8462265357398615
-2.236105547922894
4.941369781115058
0.19625990179432928
3.305063987870539
0.9841776432376667
4.700096063880637
0.5950202428556374
2.0847709808962227
-2.148624058793624
-4.668043359169603
0.009238094805755825
1.090040469794068
-2.1599414825465058
2.7608570468123594
4.139248340885403
4.6185616172664075
-1.291301421410887
-0.41538772471773205
0.13501354002619687
-3.576806714955981
-1.4663661575076707
-1.5035601351237757
0.6700250649577926
-0.05097687727429684
5.027119745163385
3.1987826293184685
1.3199731491622515
-5.762614286024985
1.9496283820568396
-1.5810115679924497
1.321438145097079
-4.061101282340742
2.3293097621185397
-2.3657365925048426
0.40390306906868706
3.921942525553835
-2.430289749570453
1.565395319038335
1.379089103861386
0.5351180675625488
-2.2447316070452072
0.29100192841938144
1.4828248740205836
-1.6046687547491134
-0.3702879743226021
-0.4433683614185398
-4.462190245635011
4.1403751869059775
1.8778028022209932
2.65412033902773
2.242037547428188
0.7612212921027026
-0.31618578744817943
2.444560269135952
-1.777848421750839
-0.20934937335278977
-1.1911996569025196
-0.03175030830804412
-0.7878077053873159
-1.752172348576304
-1.9538780385514898
-0.2567109891736875
0.6651516753590325
0.3646653468440667
1.815417192832561
0.6557927747016499
1.5209754786511767
-2.651043295646685
0.07813193494787327
5.273802007690192
-1.535215184779548
1.417566420888845
4.240889706220854
0.7930389230593718
-1.500454627947777
-1.8365162640935346
-0.5799540404430624
-1.359549375040447
-0.15661021784096874
-1.708956051539591
-1.3545568234765581
1.9696916176295214
-2.040258394741983
-2.446117497114453
0.5482147029881105
-1.3812442447473332
-2.032709888755277
0.4032952985115327
-2.306711147081937
1.7248281385100306
-0.05819341597855651
4.457866864177957
-2.8369064211587314
1.9167730890995471
-1.9447011273394446
0.1400303505180166
0.9639258934259072
3.1037048078928846
4.270410257233347
0.4610709981229637
0.23789146959844482
0.5972846705144037
0.6716959691530834
1.3068106753447672
1.8733839332401099
0.8188577820945523
4.022441042941182
-2.009714032862548
-0.2709399611759525
1.883016342186012
-0.9519736038945962
