-48.4044606724844
-5.510186054967181
-10.510274892363592
-8.94078112360678
0.8048203713661101
-2.3978410988042893
-0.14444957054034396
-0.4422289372396343
-0.5702260861485977
-0.6471668240339917
1.7830310363000983
-0.08469829639498158
0.19301600922490558
-2.2763521498127663
1.1428860563248224
-0.6016644782516523
0.6164546794273321
0.3940130123806346
-0.7432066658009704
-0.25403945092234875
-0.18303049467625482
-0.7155019045471855
-0.1968009287337122
-1.1160693433922737
-0.2921971787375415
-0.36566661006834744
0.4168530091023359
-0.356941175758898
-0.3635298705903775
-0.09559765165249523
-0.13029788546509077
-0.03448802973916104
-0.032823166685251315
-0.04983847420192232
0.22080942345531213
0.20313562202916152
0.049355799928799335
-0.004828821009457106
-0.03253379738951143
-0.17350963177698914
0.1341168280004555
-0.04337984348526164
-0.3729729949595245
-0.8041674523504408
0.25506582885443524
-0.1313708740274297
-0.0356977385434327
-0.05674591722288386
0.2721814187758886
0.188547309411211
0.1533436206894095
0.10921891536609228
0.1074957805344125
-0.4975372227328427
0.11445686925984351
0.3578625271669599
-0.09186693131501025
0.09645240512892063
0.5231677241367046
0.32579158655563195
0.4224252831131454
0.6070539875018248
0.15313140407542175
-0.08743415948374847
-0.20639808245764876
-0.270965618673753
-0.5427877543444001
-0.4372740081651559
0.05408020425307497
-0.07314771313736511
-0.12673688859522236
-0.09336354956872525
0.49120073050955493
-0.24435852095115262
0.5290870944989963
-0.1952275561817308
-0.33820990041365584
0.12744661759683523
-0.3327958343061781
-0.09584614959752015
0.19566512423225396
0.2582513624179843
0.1571912660459419
0.032473666830569944
-0.46102801768722884
-0.09198637240847467
0.058999599829371495
-0.07384814509250412
0.2988065497977104
0.18936574209372936
0.05110121192783996
-0.33941507007161364
0.0027971284540143915
0.09882424439717832
-0.1313118642019756
0.0338765141174723
0.28141107470771276
-0.1658506375384139
-0.22908811413984959
-0.19527293081275887
-0.521042227035926
-0.17186809076691734
-0.04470759919756026
0.3178444727324129
-0.18454791160369471
0.030490188710051384
0.04608922897989451
-0.06478834501823269
0.009175552893533579
0.17501147726434033
0.2394964495278643
-0.08449041721678434
-0.24165815386511286
-0.23690868873739754
-0.2016469618304189
0.5443540623659674
-0.1557309556501187
-0.20728585727299187
0.2563270727168572
0.010387652040917794
-0.2092445662036133
0.23360243546473758
0.2621514019540672
0.07381976311170221
0.0965872565702676
-0.01641059686230243
-0.03484481709837642
-0.21742055976564703
