-40.537148418393485
-0.7364552805899165
-2.408463835716998
-15.139380900421074
9.887497271203973
-0.8439878533230764
-0.3220708801116474
-0.9232178032107278
-0.44476855918767944
-0.03884684880688691
0.4439063566221467
-0.09966399901509085
0.20564917951170186
-0.15911208909238905
-0.23678021150101275
-0.0954938639049786
-0.4405703337631661
0.5729119517057001
0.3049994466533701
-0.06451316250060793
-0.12328444791508135
-0.36457403842592206
-0.09582624048465002
0.28104070340100873
0.34237194861269427
-0.0016865774150651922
0.16198591788153854
-0.18318839043983642
-0.1291376595227943
-0.3457893230517497
-0.07542950778366926
-0.31838025583119145
0.4518854611311075
-0.4687012520317688
-0.10659154057763892
-0.03801261949942525
-0.05223934624328112
-0.09233623881226585
0.4309762590356913
-0.14694889924817325
-0.051189194594235904
-0.02203172204081618
0.31442262506189544
-0.033289573136219316
0.25723388495350885
0.26190657508094795
0.22678507300679185
0.2684545457470709
-0.0683659355175884
-0.24037273565741835
0.03008409235368212
0.12383724409305137
0.0399029067476417
0.015320797080034282
0.08993963322456741
-0.17081518519825956
0.06638175004306018
-0.5630940808272361
0.07482869362988145
-0.14270404396008723
0.05179292996228957
-0.4672494402050289
0.3140948671950934
0.31361907980055703
0.17847104212388396
-0.5767688538996696
-0.1437967039996368
-0.18654166538514766
-0.2552407912704173
0.1912669832952854
0.1642042895279865
-0.13435334603685561
0.0397807866936743
0.3102482311761498
-0.2538619994578637
-0.3901904647640431
-0.22782687002293167
-0.005637153540062712
0.24871135813517087
-0.22902497072805544
0.07794561723346706
0.24017254652541004
0.6691148374287855
-0.2798134985161684
0.11900145930074507
0.22315143026495649
0.25457113291879874
0.12773669887517167
0.03735031116602254
0.25714959364025625
-0.11851228819492769
0.29106292494468067
0.06559442403623185
-0.1443856966139272
-0.001214529259312449
0.07008666630810567
-0.14843353498480466
-0.0362104735912977
-0.2389469055247274
-0.02351147055635434
0.01881720906111737
-0.026047261464209576
0.015199809988615226
0.022560638745287725
-0.2605710252514046
-0.060670725659622136
-0.3688420636954604
0.12281611078979335
-0.43638357945497774
-0.6113211975984796
-0.08421762830110252
-0.07455415173460403
0.05196783425847673
0.7787436367512812
-0.2668516152106287
-0.11971366941008908
0.07586155042395216
0.2791732591415928
-0.04850972631669069
-0.10487332766492054
-0.1806667199541713
-0.14446360883910053
-0.01254524825444614
-0.05951123147045135
0.1275315931956608
0.14106717421308007
0.31945366337072545
-0.43478056521812847
