-70.89070597838432
-0.2880378731494571
-4.585540532544081
-12.40981461641575
-8.109991670433843
-0.01338228476839265
-0.7252236296379211
-1.2323397865132732
-0.25572182565242507
-0.4733412797367366
-0.11095991157815262
-0.016326796995756912
-0.2531388740897724
-0.3820166878582689
0.17514694027713887
0.23200325307521627
-0.16019691779161574
-0.3122613503200401
0.3576545835069225
-0.1666297511871377
-0.1465804107773996
0.016932954869795683
0.11583822192301917
-0.07202098908599243
0.17720005999642982
0.09661474438480112
-0.04368077830280043
-0.39672787436476054
-0.15185242838524365
0.2513071523827095
0.19700845952866988
-0.1362880913916863
0.3220708908533342
-0.03825934656181082
-0.11585143272659021
0.04587315258279859
0.08300894499567743
-0.0028050947414372945
0.3568506598274779
-0.24719689560025512
0.19330987011554945
-0.6820981794490993
0.12592150304993566
0.14534985051663415
0.385231236067569
-0.15617774551084923
-0.051007692298693175
0.15266163162855195
0.17652560078638133
0.2752530264181974
0.0527653192027365
0.06842113715495168
0.0035058737554664043
-0.09394724598330448
-0.009571770119653378
0.18865070755912566
0.08263593273422389
-0.12912303184157345
0.08411431356595608
-0.10040964686734014
0.2981711514204344
-0.3683730129108427
-0.004089229756025298
0.05454829518412509
0.06274779142827293
-0.11538947398180097
0.031992459321017186
0.2610174140413723
-0.07113359664234324
0.03129941014055626
-0.04144733477652032
0.18973262699803406
0.14757075612496362
0.23460195417407415
0.36554080628078534
-0.12409992198326597
-0.25492437406629376
-0.26206917737029256
0.07727831515724533
-0.013928165661129744
-0.06610836790672722
0.17702736226408608
0.16297017270015626
-0.04198841160813839
-0.18451665080495583
0.11752621727521051
0.026288457966891294
-0.4023384335252028
0.5888285096422569
-0.21053921839062395
-0.4311231069928947
0.0258993425750237
-0.41567757764721447
0.1961735939552404
-0.2679286705203484
-0.09119156538113189
0.25196097765208286
0.4851834384156274
-0.20906946569354326
-0.08283321070879913
0.17552319961928553
-0.171539525245057
-0.17645722874663172
-0.044739629797799906
-0.0801545409631907
0.5622271947257991
-0.07205650197047529
0.2932748072999155
0.02532238500436046
-0.12163567359825646
-0.2832635840288217
0.15609830755643977
0.3405006782785729
-0.013697568152065812
0.22744232523227717
-0.21883897182011566
-0.0609969426814513
-0.05360712692767492
-0.07434897143493537
-0.09794110373860312
0.14478121331247568
-0.02042145405766859
0.03864972215972533
-0.11866622939519979
-0.28660314607123505
0.27482915591853946
0.17643353344333135
0.18503341725647887
