-47.723227702946076
-27.608360003068317
-19.614121329428734
7.419993287696557
-1.4014555336949477
3.839550157418088
-0.5304883354756765
-0.11858965827371015
0.4929867749448769
0.16515399853561474
-1.249134123302646
2.2746540241072877
-1.1189361157850786
-0.2633455886055298
-1.505247759133193
0.8751371069330243
0.14207080201280425
0.013138250342418306
2.17217552860501
0.5765375992411363
1.6705518147636869
0.20952708141205986
-0.3127407257052066
0.1520104947227609
0.1569954160932793
0.9607513798999219
0.1631999844845722
0.18589951530817211
-0.41108141953385946
-0.12749821735967534
0.12598661956738583
0.3706398479694736
-0.4569441787551442
0.8789733893866274
0.010728233235344942
-0.031201146283326375
0.09479415650960973
-0.07579684665114166
-0.1480084602729541
0.0893707121218858
0.21761325301740087
0.20817870920818615
-0.2801525690367451
0.10869627912760288
-0.2598636239973561
-0.08504627024037018
0.5064727556611841
-0.23672532105619606
0.06255391127888638
-0.33194415044360914
0.0015626279046684899
-0.1903914957040893
-0.31241972975662813
0.08579340434172714
0.12149822007451858
-0.057089206636330936
0.12493129876703593
0.47837218413556254
-0.00028903621093750304
0.40580443065486893
-0.29779190747764495
0.20392258293906293
-0.3829474629642499
0.14603211009081044
-0.12905519125538628
-0.0956052415572424
0.11376802121412913
-0.22918371275570804
0.04709788682780431
0.303957331420756
0.24806684760653114
0.09514241163711995
-0.008601661007950158
-0.22119728873495692
0.04078413275955866
0.17311410662786028
0.25649059972764227
0.013889474576925954
-0.16332592622145237
-0.1406101622192458
0.126138307307601
-0.13682456907074855
0.1120311068731219
-0.061957142086408123
-0.1181498739421126
0.4265214793298776
-0.3022701541472592
0.06791414054381847
0.2508454205317444
0.372003410629534
-0.10320676885436857
0.1502933459171641
-0.15296135716713885
0.026435181186901302
0.18559954023703976
-0.04403430777557271
0.08067749258491774
0.07267872709222581
-0.011778726858690275
0.19436193322760686
0.22257942931573582
-0.18092718229469615
-0.04786319274906705
-0.03879079036911055
-0.26226373148673204
-0.1635237395234671
-0.018084579248906302
0.15938946286375427
0.17928983334108453
0.2300397065612282
0.06536229443719481
0.12068973837855412
0.31606466145322737
-0.22080514283961544
-0.15590807822442024
-0.02752841083911236
-0.012462939599482664
-0.0016123656148199009
-0.06258683837530646
0.0020723071393064646
0.15065811721523942
-0.01864986190063731
0.06306316383233526
0.1906983184835676
0.08645629713401888
0.17546940439561354
-0.20689693119012553
0.13830472447568337
