76.6596351332172
45.74529838811994
7.020006326022317
-6.5428563537949085
-3.6430360928067818
2.4649629449125348
3.7660210227164033
6.327885587990161
-2.5432779108868084
-2.4533268079806496
2.9496986335960753
-2.6472528239984983
9.580019157996386
-6.753229229527183
-2.5988317969674433
0.10624120441455603
1.6213916655640452
-2.3757840926624807
0.26011734311414925
0.5740432783021292
-6.904331218148364
-3.0396820222034946
-3.6296523972205486
-0.09834570307337874
2.474304905724874
-0.191060039035129
-4.748041406642944
6.175465950370328
1.5390556434656113
-0.9624397128994109
-3.6897567623861898
4.2532439192767075
-2.4722158241293095
-0.98201875576376
0.9059251376420251
3.091416376765334
0.7389161350337996
-3.6025125848124238
-2.361827674972936
-4.449401648818877
1.5528839003929784
1.7774720563614839
-2.4889772721921424
-1.0336147302678504
1.2940219928159185
-0.41290351222612576
3.2741013709218296
-0.9994409813971783
-0.9385806395412654
-1.5143585006665372
-1.4681783719698744
-2.160079698699345
0.43086089261184407
-3.0730686159774048
0.4155949243850734
-3.1821896039653814
-0.07041216665073521
-2.0165708999867737
2.2872923314641835
2.2646615977128945
1.5158133316416782
-0.8198931756790379
5.23854041462997
-2.0594468192181417
-4.744662249109397
0.850634251375528
-1.8445410937943154
-2.7579720424559473
-1.0926529046307607
-3.1239222754200404
-1.1146906413106028
1.0884383674239455
3.7507431793986523
6.613129206048379
-3.2155325510839283
-1.6268397093715001
0.7985459440517
-1.044200298179251
0.05335950209008536
-0.4733742192942841
-1.5594599634981612
-0.11249174090594996
-0.8518106735585895
1.3732421285886989
-4.965097972938117
2.3691224504908823
-2.3186293135922864
-1.1369564023149321
-2.162888899898372
-2.5834359819976402
2.9859190097873802
0.7201076984535951
-0.778945546604282
-2.3480982124246026
1.697152817293583
1.4947392470367247
-2.8206361589242706
1.2082083065770233
0.42354780725075303
0.35916783049682455
-1.5459449760669104
1.8977172701948528
-2.4070811909144276
3.08600442035393
4.367854097219541
1.4729164021698766
1.6012719039126626
-0.33419797188355016
1.9806470333550927
-2.359341942878641
-0.9778879352376745
2.6276905580677883
0.8552062595880983
1.9303362424400956
2.9354580740335834
-1.1112598004029517
-1.6535875213246993
-0.2998736618476242
-0.4797775390904042
0.3284320506130182
0.4543540566616798
1.9002887373507835
-0.9811744065115546
1.1266064268360871
-1.09765051035269
0.2593657873727281
-1.3932732623209876
0.9378294408125954
