45.7834226660993
-23.16000804132031
57.43867025939323
-9.257641914958413
-3.064905772664151
1.0323697958597409
0.20113060965639992
3.6214461974236962
2.0705877742627377
2.2041265152874336
2.12298699753912
-5.242999478929223
-1.2023056005220991
-4.499124088327072
-1.7857804245361544
4.45450006571592
2.7419058041393676
1.1438637672506737
2.649578886946347
2.140846534429022
-2.388683401116719
-1.2983066113557389
-0.3840150556683628
1.0505103189892209
2.6531979214661137
1.6869160028699326
4.990213238410579
-3.917422064594544
0.1339378268537582
-0.7660881540717305
-0.03944103938983162
-1.871912691316842
2.43947584691472
-0.39323516957481974
1.2798524213580886
-3.5960264929202035
0.26850776298716156
0.8829079449098389
-0.2604421465054842
1.5842536995134928
-0.27030158141944655
-0.6270099452419631
7.61983925544778
-2.0455417517842847
-1.2381813143165776
1.788367685938944
-1.9600847743716514
2.0597001064942764
0.7403196981194129
2.3750989265460762
-2.859617726614583
1.9955892509874547
2.8319543469409676
-2.9283177448802893
2.155195926646798
0.6210210198547299
0.2051297487785643
2.3337378386350407
-0.03747848221721752
4.596771205110985
1.4239286924908308
2.93077811951097
-0.9004611903220183
-0.5317814083900895
-1.1613220554054389
0.6217135554818194
-2.080938505123425
1.3251498190724005
0.6475188688020497
0.16200707644205864
2.181637556791623
-1.4917947975552475
-0.317202136717026
-1.3426753211166151
1.2120390898376223
-1.665964213113567
-4.091807837008681
0.8254007903089118
1.8005712459506262
-0.5421821746778454
1.2345366892765095
0.2917496576586509
-2.584485135187861
0.03282753149588119
1.0368878249780125
-0.37006737602236084
-1.3831910625711992
2.991125974117051
-0.19398275521243674
1.224792346199869
-0.7935235533322821
0.17744383978044043
-0.39011008778178224
-1.7808838109967497
0.7733287163094028
0.8605456867408269
1.4295434624470407
-0.4499999337637975
1.0123701846078044
1.7255480118012934
2.1235402675515704
-0.054037119976553666
0.9131142532022636
1.8646417327218263
-2.4333309881359915
-0.9512900300053543
0.43775520935249124
-0.9949825838494412
-1.4463384873775398
1.7253247046190605
0.5969005147885408
-0.05373620694642645
-1.6209402699352122
-0.48953154995561493
-1.4404324452636628
-0.31126182021579396
2.365445997948478
-1.223028382041443
2.2224890488790603
2.9006182382412122
1.1314389781334055
5.435852362940427
0.5844155518876846
2.9995690134422057
-2.6607897942221035
1.0583566358634844
-0.4311614821996093
0.9147271911139129
