49.7320291467365
-46.78334637579832
-4.060167741353738
6.996397595478715
0.3463145401356745
-4.579331975277175
-8.825863160586257
1.876541855682464
-3.344977489170083
-0.20499706454203498
7.305895511110354
-5.20292122346371
1.6986078403121925
7.4004754873858944
-0.5459220775162599
-0.39086774311423556
-0.4761768302524946
3.1410558196165983
-1.9368335949930169
-4.153278930447377
1.0909226187930003
5.280411964037962
-0.11203877313797217
0.03839832665234491
2.8964716686064564
-5.461001156891023
0.6091463041131621
-5.326202363832195
-0.8093187367276482
0.5044884167990606
-0.31670931046085
1.552659908310174
-1.1654993094914732
6.837997785114927
0.7207437200070629
1.738349438638772
-2.58654180781173
-1.6611335597487245
-1.2070856021561074
0.7660318137002399
4.706154011750844
-2.9126028290934216
-1.086861823722951
2.4068243603113686
0.571894908670651
-1.159498024767893
-0.14343981591286756
0.2956569419662538
6.119836595380768
0.2840563060601746
5.093198331298549
4.159790576951507
-0.9322267082651403
0.5256939195358797
-2.3293518077439783
-2.086095859113723
0.760804761701489
1.9576157643861736
1.8141460281790538
1.0331532187598769
4.936056831234638
-3.7231353080640455
1.220443838794377
-2.7473096365564214
-0.8058148919380501
0.90429161001364
0.9747782702744358
-1.7741135328747308
-2.012928071644415
3.206662997482607
-2.4148814590643997
-0.8248893397880832
-3.9079558842724773
-1.3756404636564006
-0.9825380837158035
-0.2955042466223215
0.1011163518035287
2.160097607942022
-1.9215483524991497
3.8254988227109985
-0.23109491492809217
1.1890052199664847
1.2059911296119588
-1.1108030913267757
3.217237229976817
1.6234276505738774
2.3215653023279104
0.955951915058673
-1.7642927394687222
0.8436459069740065
3.7463426930007144
-2.8379489975369525
-0.2311808202269356
-2.4428683238627507
-2.317870130963172
-3.4043477987165742
1.075654090533242
-0.23066015179436739
-1.5603941068114375
0.7388567693272116
5.288920408335859
2.625969078238277
2.856710247426302
1.0177950331758931
-2.636002134368571
3.2203818650654874
-1.0150743941737506
0.17118275281746548
-1.0812795822382597
-3.900315234477241
-3.053033238675432
-0.07722785022760369
1.0420452065712027
-0.20247724299326814
-0.12423541077169559
1.8582705286124506
-0.8821448317273108
1.2599077492456636
0.8814641776033709
-3.294517148151123
-1.3913178835296682
-0.9310405679861729
1.9957193922946261
0.5823389916365869
-0.7617613729717675
1.4279928677959386
-0.16071579450293952
1.1672256876504528
