28.55074127671932
-40.770144465530684
41.14150612224445
-12.429851397236336
14.73710219972241
-2.2757947540282144
-5.658004013342846
-0.5280001217225226
0.6277506670376513
1.025701483541624
0.18586776372723732
-1.0431328871047674
-0.4810082290006101
-0.5591031986951969
0.8663705904744855
-3.2124038395081658
0.6812912840277867
0.31510368360808666
-1.8765277712376809
0.7856119849227031
1.1523491859729593
0.2112379429565458
0.24210844384939556
-0.6089723815620085
-0.2550257627474343
0.44607166859257474
-0.454988552820425
-0.38902328300255373
-0.8071431275889666
-1.0452283816222936
-0.7248416866554123
-0.5573667172218422
-0.09048154569275357
0.5860150121414642
0.2072977251276858
0.8448732602718243
-0.5724145656670673
-0.024444835040922208
0.9890644568966318
-0.27441744073007746
0.08306057030081468
-0.3573085441789388
0.8481808565490898
0.3515458806337075
0.18449601750136135
-0.4774697140917569
1.4875749333542756
-0.18436583045418797
-2.0317640664500463
0.14912307378498785
-0.27251553999083844
0.5612532376810832
0.996464963523758
-1.0162235182500263
1.5746391914060305
1.0159211257517216
0.31603631443066593
-0.09467443730454408
0.30445307808518773
0.5039340307902327
-1.1708501853989506
0.3568606341789394
-0.8651268883853798
-0.43210336073631406
-0.6862417664533946
0.8304252323997903
0.9310251155369693
0.5351156363287085
-0.7950111474411543
-0.529768520726989
-0.44221974562300187
0.86495328214321
-0.2271846649172332
-0.6938734318418
-0.5473845282126512
-0.6841886772361533
-0.07485445995629832
-0.07274726298697674
0.5303327008680722
-0.6238067221876641
1.278201723304597
0.5430434671782323
0.6523388908299439
-1.090179044252495
0.37305065124038417
-0.47597916794908546
0.41138668639396964
0.4784053416405309
-0.13753454449262864
-0.03627404148737885
-0.21212447397120185
-1.0158280597927813
-0.1922811583214431
-0.5116901072079338
0.05568047086408431
-1.2886817172634908
-0.863085865905698
0.39544810573309175
-0.2162949056286575
0.7809827581645026
-0.058972674251309004
0.5907734751246946
-0.9478626922118191
0.9654515926395058
0.22650943511548674
-1.1108034323749774
-0.9394120330167433
0.13031921777645195
-0.5382356462989503
0.24545625002440669
0.7130528725707268
-0.36981313830994605
-0.07293013051465733
-0.18803626923234962
-0.0594273704388152
0.14171165922220239
-0.089766888684082
1.3072724642616043
1.2422084792854184
-1.1118065226262928
-0.5642696874260718
0.40711927377969515
0.7635439223395267
-0.715709785025685
0.6917067306916312
0.20628733817830114
0.1390220486764992
0.7319886053306055
