42.10306948030164
-59.20498211504389
-19.15143730479888
6.383186456505312
-0.24483316753018441
5.955506180876763
-1.1507473026022272
8.906278771947926
2.544001088215668
0.5600171693071341
-4.056789437982654
-1.8339725058712661
4.290416515395317
1.520964805848762
5.412323400726026
1.4862582029101195
-3.787338273933978
2.3960027660641203
-0.1400362955050109
-6.818330426848242
4.501941712902782
4.087418525627477
-1.6542560135250868
-1.0974395480991213
-0.2257556201488505
2.3862195989519144
0.6102281968068
4.555014083176238
2.5856654670680252
1.5821506856498675
-1.9216719420704045
-3.2421405733629327
-4.909961802486776
-1.0276942467803356
-4.145149693791642
0.893198508701411
-4.470505099363766
1.9142835259868392
-1.311102351015881
-0.5278801674422283
0.5959318655250905
2.556763041998216
2.0430716535937776
-2.7787794358164284
-2.8441177911601834
5.250694438919112
-3.530923807202343
1.4626182960339091
5.07253510267761
2.1115740289745326
-2.063354075458919
2.794171529216978
-2.8514363143186445
-3.1564352439253085
-0.7289016437904058
-1.2370500749734996
-2.2068160229255076
1.0126040695490786
-4.836955332000747
0.9510107997916801
-0.6057532480335679
-3.574481723350875
5.097902445849147
-1.8571953675478783
-0.5241068506066627
0.44504352215095855
-2.234274623139694
0.3758584107696745
1.42862940697412
-1.0741405873957495
-3.4449911959056996
-1.0240527765336418
-0.17720074391206608
0.3011735163374385
-0.08928075405636814
0.10471699156616482
-3.3825091914455996
-1.9818460850765733
1.2868668570315762
0.2076572040074426
3.3060263568770254
-1.0475132132522433
0.2955398543553068
1.6724049543088613
1.5478439715760335
1.0122954481536675
-2.604050630095441
0.37027826207220227
-0.9328464716713222
1.0732831821966773
1.7078853980116349
-0.6047871793028218
3.902607366817655
2.2392677045231673
-1.9329952119048253
1.1677452002570552
-1.9101875468293144
-1.893388150775042
-0.17249442195011325
1.967304128207511
-1.0340119001982202
0.05793024001943775
-2.099590672811199
2.681462604736966
-0.030798804058378614
-0.03212081842820155
-0.5325290112645502
0.812977408474458
0.45488124583350764
-1.256465340427758
-0.40646404262517644
-0.14746405560241682
0.12585349430094267
0.10928413321861778
-1.3926369296610779
-0.3771249685149617
0.3281871975978199
0.5954662700270329
0.36846168034074933
-0.36562414821583594
0.46963099475252257
-0.7348406968273656
0.9261737333109105
-0.997488720681697
0.29801474357224184
-0.22963796130386016
0.2781803638720366
-0.43378850713402733
