-40.3723529400802
-1.0052052768052753
-2.4991616687241818
-15.280300425711177
9.310951855660056
-0.7183394212430377
-0.2617912431775645
-0.9141561051512871
-0.39587066894887396
0.03990293911108063
0.14230217432453846
0.014847458950518741
0.28105050497878103
-0.06914121033253308
-0.004412389918375614
0.12268962699625896
-0.44495658078260736
0.13871742981521884
0.06662538389419378
0.05952766538352068
0.2225768654580963
0.054047586496200575
-0.10145076043722119
0.08186578542965937
0.033913037584086356
0.17373352269384942
-0.08645550905133091
-0.24426017074001977
-0.02317914791691291
0.06102789094104999
0.27080107906466105
-0.28067768528053616
0.2786364095902824
-0.19493540242749768
-0.23118425014210323
-0.24279025623734724
0.45630495950093547
0.20064665024085346
-0.04220113034621557
-0.01992807392629299
0.34794195850855236
0.004112659536789992
-0.32392971937716075
-0.19152551774490614
0.2133530627638907
-0.43593087435029537
-0.08303467096026403
0.22674347159220445
-0.16085549614058267
0.22280140782087973
0.1397737675133296
0.43367050639030386
-0.061789073346334905
0.0770412201016183
-0.10565317892512247
-0.4007040174267143
-0.14614716092994665
0.05527723616134771
0.1717273773319128
0.19711795205320437
0.1701328205649223
-0.07183927999007296
-0.2974007178789659
-0.27703136093226854
-0.2522047283580546
0.3031792568751333
0.09624123408221365
-0.46756447243001775
0.658127866626291
-0.3502155088105446
-0.19893395994728913
-0.13548148314424854
-0.025520275758692687
0.09620620183909648
-0.12028810761907309
0.08129261757525921
-0.4224292661404081
0.02059550375137221
0.3670927196547689
0.010326053356239435
-0.336872362888999
-0.013953314159764876
-0.2631469589961571
-0.12462430973273861
0.35605509625248283
0.5996254810697351
-0.2261749399498434
0.2304143403398873
0.2991578845917928
-0.41536182852172127
-0.12345643727754829
-0.11679266479393545
-0.01188159389778778
-0.062273866722342294
0.17365737443756601
-0.023555725944958084
0.34881365545801263
0.12552165072397034
0.36657899397383326
0.25582359450496206
-0.07383849656338523
-0.32497836131694197
0.11414524177619169
-0.13861458007715458
-0.33825056365886347
0.14188819129104496
-0.3238347114461017
0.1808363914325495
0.28021140965037283
0.4304480198750714
0.2026743056160777
0.2837156662007313
-0.20138403647086944
0.12279533149615546
-0.3052310026898424
-0.24704157874719465
0.4896089130277538
-0.42983403768593037
-0.3374157386334169
0.1465504471578494
0.32924796213260676
-0.15501099900590687
0.07501464078420728
-0.6131095788150697
0.12283499208237048
0.2697380078517758
-0.4338302206430943
0.20256501886278744
