74.86527135789305
37.41225624247397
-35.213426329875226
11.6545406292426
6.077516752096204
4.9851335549843245
2.2134894332917296
1.5848333393786738
-3.8496071277010193
-0.43781203857430323
1.3569016642424268
0.6407293479764904
-6.805851786597569
-4.0147839320243275
-2.4371206566025143
1.6937593452657957
-4.679883682807797
3.210315049585948
0.19159688053524981
-4.178258614822403
0.40363174688040304
1.1911440602013634
-0.9234759374148162
-2.96160303997842
4.6945438666879795
0.9432343463533966
2.94480374691853
0.8507165268486614
-4.4617713118905336
-5.81810811656282
5.242249090579364
-1.702740209059093
0.7318293052065715
-4.8055309991805055
-0.9846064455082969
-0.7809675072544633
1.26928644386161
2.719420841943615
-1.2149245187626576
3.031461961691967
1.452014871407969
0.4848348792424059
-3.145909217934324
-2.372295635998837
2.0387563928723567
0.6859206806989773
-1.2267229067876098
-2.2496151957836057
0.6305008761867334
0.6299295409293161
0.372582901821518
-4.918337606019622
0.870832064702169
-0.4468457152902561
0.03335093927813665
-0.9135352682286183
2.8800582357398214
2.5020542836476736
-0.46522249120878645
-1.9728217148150358
-1.6162461680592963
1.1346758808196462
-0.5862793548026741
-0.9890869050957948
4.524661837502306
2.819502543778968
0.635264822514866
3.0785255897957433
-0.0017071849433234268
0.460514110698916
4.053988850983939
0.17791619530180008
-2.0158794843469408
-0.7232203730400397
1.102042208622633
2.515125690444055
-0.8225912210392956
1.1720824481729828
-1.7166451297640957
-0.6499461546149476
-0.11872781279377775
1.4341542709043618
-0.5138583197673424
0.3542179534543191
0.2691511315527515
-0.8132137596699535
1.358705703762948
-2.3474790880170673
1.5322355638668181
-2.7277645074685872
-3.0959847691244846
1.6781808316690279
1.9107952291742054
-2.8136619676900447
2.6214523241239136
2.5841960377602873
-1.0360841022915
-1.5158089110358006
0.9362313812210601
0.5173684741693545
0.19252762352582747
-0.3565275094442758
-1.6134313370348086
-1.5353981364391605
0.9916122453883046
1.5921259298517825
1.3199764551483772
1.868881503299671
-3.5646893591068824
4.956553292780614
0.47464188004417096
-0.4423185368007104
1.0199468431498846
-2.022791706815968
0.20036335401122052
2.0898129906339786
-1.6032690841449102
-3.6725823004827185
-1.6251993071909083
-1.7662032188876147
1.151116889449129
0.34346421685813033
-1.700693852351584
-1.4659130229832067
-0.8836276493273023
0.6035809243038301
0.2883062560884404
1.8619009069124028
