-70.31724271627381
-1.9668474322393696
-4.2393713836219185
-12.105562780533344
-7.0470659701179805
-0.23535970650567484
-0.705415721134365
-1.1313925877624158
-0.2928598542008347
-0.845491379316146
-0.6131997344867806
0.22163214731020653
-0.07352846590924351
-0.42445110547578724
0.3274778330581362
0.9250811105804946
-0.13652789451999928
-0.3811431055408361
0.6035907082964245
0.051194321550376384
0.07654607958228124
-0.1311262326534128
-0.30187603092293935
-0.1833390408244485
0.4504571097998705
0.6168144481265804
-0.008658186458163714
0.276594167417045
0.06030216362285072
0.4026133655008993
0.1801404072659866
-0.2851967799523484
0.35736843414840086
-0.2548903938542557
0.029378267300000205
0.3157338350971437
0.20718537845330418
-0.2504490329926974
-0.018882805598530252
-0.38567473922898443
-0.03884604320307463
-0.6507380978867121
-0.06831627556431699
-0.1342360709230507
0.5470540058625755
-0.034935363103306666
-0.18879968277263492
-0.008234560081413211
0.38995927002118397
-0.04294956477671905
-0.47640083747477124
0.31296250651283
0.0950360372729395
-0.061793651717519826
-0.48918827719669333
0.027601584656361255
0.3804874114247995
0.3931907315199813
-0.28343194456537607
0.2816894054307641
-0.05578924131770006
-0.0897561151683048
0.14741303174102355
-0.694592118797389
0.009643674567882794
0.046245984193057824
-0.1396267307636533
-8.532631734306517e-05
0.23851569322645966
-0.059944323433677046
-0.3039503524341024
0.5455915266631114
-0.10188195274984377
0.13292059686433555
-0.25477220676077594
0.28900665801197956
0.07219071788232392
-0.12617884715864716
-0.4334281223460678
0.01059294918650649
0.3164407001688864
0.23694243740022045
-0.022488549924473994
-0.11157789750300039
-0.17909777087965462
0.021635554759522557
0.1318222490670747
-0.2287167943528876
0.16961386780618326
-0.09546167502324149
-0.050146314440324635
0.1578166679913951
-0.08795554465586963
-0.25257068370603897
0.18913269607636155
-0.19471742154550797
-0.1253951765081885
0.2645263136400756
0.1670961304710036
-0.3277344628049115
0.533107373310099
0.16221041498911337
-0.4361444148245095
0.2732317639922673
0.2736489931259909
-0.12640854466540385
-0.1699345326775955
0.2895626425756509
0.04120279829079039
0.19648895914046433
-0.38058374596417355
0.058401956842889374
0.2691646830053564
-0.11168124920327896
0.6317535860687702
-0.006450341912257879
-0.42622042802605536
-0.20902829302855186
0.1702431803061033
-0.12713197957120564
0.4921773875994064
-0.12309615188629151
-0.2786142221112926
-0.17478393748105775
-0.3423812642502305
-0.20731361867398349
-0.3654596743634007
0.21573903435037312
