-66.19539502355312
0.5408482252382123
-5.854505950279781
8.905572865781645
0.4992941359909561
9.410083650053254
1.8247007053883468
3.9244096592454296
-6.017606218683928
2.5367570524733267
-9.34634579218227
2.788014036651418
-2.180954959823986
4.757191034152946
-2.423547127634763
2.1288329237180896
-2.4266862734095636
2.3228493816198355
2.763710273735869
7.486782088811822
-2.9348242555490955
-5.891285710788125
-1.417224352922338
-1.9067496765505467
-3.6180581230800875
0.4922718992755178
4.202336997023328
2.2055298825697696
4.021639180751751
-2.1033709116183408
2.0436451287069515
4.739233070158021
-6.5139017926164895
-1.2425186405491142
-2.0209136091253526
5.127121894365693
0.32299026044104945
1.6163710924699959
1.7807401116373403
-2.625573031278737
0.9657953625692692
-1.0328837863994196
-3.605090506046755
1.9362820415706652
4.393497309880051
3.728646156775606
2.90085731788623
-1.2449544313359344
-1.2873636973197842
3.4456239347745514
-0.14587486601854782
3.611711470263473
-3.8684110898624433
3.805733952885164
2.5209307547502093
7.178745579931626
0.1815347655060779
5.766640014863518
0.5156783877899407
-3.59375723082483
2.8302631843039983
1.843444196944134
-1.0100508264091312
-0.3578007421539382
2.269684019823985
-0.5505961055486736
-2.4947492222245646
-0.46509797942932074
-0.8502572732311127
-1.827945454614215
0.2045004009667792
0.442432923921692
1.2717832590230507
-0.09941356061872643
2.0069703868298134
-5.2703299406053965
0.9544099833701567
0.1631609400164572
2.7170448147209214
1.7598711922565577
-2.148643872416019
1.9508509781822183
4.1432103893568755
-4.3239271612413175
-1.6179909101979304
-3.4162309633026973
0.4869556041494182
1.2148024183148982
1.9664037763590125
1.031940531410541
1.9666484603214536
-0.23461060045395493
-2.4514613014621474
2.093902690044377
2.763495184002473
4.150312154844858
-0.8192861433890263
-0.21844467978073523
0.4645967300530556
2.5616436608857374
-1.8094545327565403
-0.49532459767610304
-0.9525295931960277
-3.2696111087981046
1.235067322229908
1.5233087265424998
-0.7367184175096243
-0.7737778077268368
1.6501770830737912
-0.8857045174161932
-0.9659273011100843
-2.8866726080187295
1.1768307161022273
1.48805372751157
-1.0110594164185827
0.47703517649222515
-1.0619293501824767
-0.0013261009954637082
-1.724725933057973
-1.8279052024096691
1.3028626232237204
-0.009482082449654677
-0.4105109232998129
1.3220834625279985
1.7727041943808644
-0.9410855754804692
-1.0378258493762123
-1.4087840740854618
