-40.76890468385424
-0.12754606444457423
-9.07449316403183
12.026129743015112
0.6719655293267276
7.023262003328286
3.4355225538691756
-1.133327593235532
0.9314268738141815
-3.3620032667226107
7.044571252748989
-0.69821821082737
-0.9400308467579259
2.7649863045902245
-0.23047891977041024
1.8612508814105082
4.482708705148824
-3.0658660017250403
-2.985246037298432
-1.1501240323740394
0.12099886884281028
0.6582230752304054
-2.544084407226055
-0.7768501516941684
1.3109247680086185
-2.6404355086880145
-4.908988599490801
-4.279526141221056
0.12185308204599804
3.1280335373376893
-3.7847844825364914
2.8365879913638983
-3.6052695201648697
1.3709149331302164
3.49184292576693
3.197641876173466
-0.09156442322662162
-2.3414093607144792
0.41543358684894677
1.0603014568033255
-0.4970855648914945
1.9988946048753273
2.5760625157218384
-2.0115652401974677
0.422666829262058
0.42857933351071903
0.2966063305689568
1.207685013847399
2.9516791920162877
-1.2624050871788384
1.8852388319575049
-6.244344971911237
-2.4544484486897784
-1.2525912589483037
3.198818232716516
0.3785337109185323
0.8345012708322347
-2.1013451233685085
0.6225140498472558
-1.357284256292431
2.9087438259761935
0.6051077756160155
-2.521935251343714
-1.4596845607595734
0.6761992474625913
-1.3382768504566458
0.8017201463184749
4.427975361664824
0.6376908571254638
0.9263141341223319
-4.134048155950938
0.98535426412886
0.5319798414100182
3.0710117230296157
-2.265493714806983
-0.4814611183025368
-1.7957458733540916
-3.9195050986431834
-4.2697580001317075
1.295735909323403
0.8868001694900869
0.6453818828289674
-1.5108572747962368
-0.22176056284632245
-2.1813685636534164
-1.8546322353408102
-1.1637462939769987
-2.437025594859315
6.435704148097966
-0.7100231076056928
-2.42950044298995
-0.17680773870091332
-1.5485576420574407
1.163518631116008
-0.7584709165374124
-0.3180999231848761
-0.8896179033134435
0.6929589855920744
-2.081011354232345
2.958413991401538
0.5854898505055482
-2.5416333758257426
1.0029423122062608
0.1071133919238692
1.0367707825156338
0.07466506526972624
-3.0910475457105364
-0.11859968915700336
-0.4719738068639262
0.6187629692222735
1.6207656556187
1.8878566604972535
-2.2467093910070557
0.9795782432621151
2.731996997564674
0.33333291629620176
-0.5720753445182474
-0.4813010696592073
1.6961608520491358
-0.6923974174207147
-0.9684185591049732
0.8352335694173616
-1.3380583852361885
0.5533162219003852
2.3982462121956987
0.5759661295504623
0.9170702926606159
1.8372413133245724
