-42.92822914593381
-2.066851602989899
-9.050014706547696
9.06141012200514
-4.494352352265552
6.638919433457925
4.401926936217579
-0.547778321268606
-7.547153215031477
-4.3143117581809545
-6.255390762604254
-4.323316912609863
5.233441301048066
0.6865311841156047
-0.3916263378402857
1.5020958860182532
3.9144870721998473
-1.3551583692180476
-3.5931262349524737
2.856778237720042
-0.9987240662076106
-2.3772282523506045
-1.5290876622308858
2.479996346827656
-2.8875089658662105
-4.23697017280793
3.2316183652062134
0.3822299571747378
3.0800050846468188
-0.9391973982668873
1.7033048404519135
-1.9070177433171558
-1.0782224238339866
5.564110921493594
0.6293233208402755
-1.1229905779632685
-3.2958986344182044
2.1444213125425766
-4.303248051351275
0.550072916242486
-4.722544318096382
-4.468929622626558
0.8041618863092364
2.2971359815482373
0.19326359369556298
0.25625486261220237
-2.9271103142752155
-2.4910082488080305
2.1542036955048
-2.9699578752715317
0.5237455230630512
2.0301704992167053
2.6709711376706364
0.006327642149445145
-2.086231598144152
-2.586972976164343
-1.8067649218098936
-0.9090409439405123
-0.388090250793054
-0.020596203765456386
0.7245708032046643
0.5348833383492324
-2.1427035570787596
1.5524600525315806
-3.721346031225462
-0.7075575583598942
-1.2904799174006227
1.1166639094394253
-1.8467839983722016
0.11814156916050667
-0.2380564679916424
-2.2894325115837777
2.9873097787862024
-0.24385764321038914
-2.0008099386542253
0.9606000976391801
1.1627263305922542
-1.8243459768043289
-1.9391191829745822
0.20764184576320965
1.2444270999390372
5.745448528400694
0.42668202850389475
4.010169371108162
1.4962808711662898
-1.7928314323999135
2.4554807488868033
0.12130027216828947
-1.1659975846990154
-0.9634287973189217
0.14454750948664
2.1302610114557017
-1.7930170836604737
1.969944256507966
-1.237996600170277
-0.7708095534320291
0.7790594060466017
2.1626360050089217
-0.7684617600971729
-4.387894280415688
-0.14113398700235769
0.1671129919339638
-2.3999162380278136
1.1341696988668988
1.2633134645902613
1.330745528599313
-0.8653236836307456
0.1409167760051709
-2.5294001826409347
-1.3244143980346907
-1.1219887117097675
-0.0813540682885849
-0.05008807278747853
3.373580715628498
-0.9947570978950063
-0.9760745167300251
-0.5970498032487835
0.8795696101016428
0.5744831070001402
-1.7193821166501113
-0.9280962052662339
-2.525965246455226
-1.1318484851933264
0.8223152296414283
-1.7102746723417142
-0.911805782620789
0.6586647413294744
-0.196172846368529
