-41.177033985289725
0.786629537244559
-7.606686512602054
10.948515778528888
0.5978400587001356
6.937065769823901
3.7347052750196204
-4.278005491056508
3.137779468415189
-3.2664519943651205
2.739920947361591
-7.139217758631425
5.596525085954093
3.630362600858888
2.483270489577066
2.8178408777889734
-4.621048706257934
3.760694919514859
0.7399755434448388
-4.524311092998339
0.4504021269919952
-3.311945059617838
1.0419381558049792
-1.4350240880201621
-3.6277156311100334
1.7053894727945111
0.40559047376528634
-0.3286943844176671
2.112673199795195
7.045576407906379
1.9401617767830714
-2.1536168524572874
4.08712629016334
-3.857794579955393
0.821517346191363
-3.926075686191438
1.5941388625499833
-3.2630377175750143
0.6625128219357773
-3.1829707028263288
1.5252235013653583
3.5261524950210297
-1.2547789245753052
-2.783427073546248
1.9133074913135422
-1.2947242507459102
-0.20279105101077072
1.641055263572023
-3.0616107881190557
-0.27583346257419483
-3.8571453267103264
-0.9125549656269552
-1.6036988242378758
-0.6064811706709344
-1.3169045481971382
0.5570131824999981
0.6040496056028969
2.8286805515606046
1.532103418258303
-2.4722200669043097
-1.2658230020827546
3.3619725770411706
2.766760145526913
2.922926863883219
-1.577597231948873
-0.2077166712800247
-1.3632451886391692
-0.5069880598043819
2.3981176686773154
1.3381780022448697
-1.5081712086655559
-1.4135441540113745
5.579859142314316
1.325404308858934
-2.8438086703653807
-0.31065758411664374
1.251669820007761
0.8330645326378069
0.780308078721849
0.03845302464544896
-0.14265838015795113
-1.1895278412391466
0.6462271223353089
-2.2924495970138135
-0.6841458007710404
-1.1765526584698143
-0.3658470050782032
-2.408022308430757
0.8750367178313706
1.9698126199074408
-0.010414334624875397
1.1899204418268545
-1.511889864135379
0.959287556111871
-3.0249102700222306
2.924659930007545
-1.6479812458439518
-1.1937899086740784
0.8842217729008418
-1.2193585867361427
-1.173540206691227
4.891083809531553
-0.8107988997591747
1.4973876179324366
-0.21700083994064323
-1.806716997929769
3.2509630074238753
-1.8051660621081616
0.6468598665689977
3.493595619062252
-0.7892760561094377
-0.6829557426853461
1.4191990559792176
-0.7428307478533082
-0.16797702209420312
0.8971902652051695
0.29992180603675844
-1.2857503457573194
-3.2962230641630397
-0.16611598868776786
-1.8475725009655797
-0.17243341671540272
-0.9867893226411469
0.6174081264881239
1.7534531657790138
0.7521659820454207
0.2191621852595736
0.35260142073891576
