-44.92411345084741
-0.6239800892920531
-8.007961319781177
-12.829834348662741
-6.761036104504878
0.04038480366668376
-1.1124487495880735
-0.20734183306840273
-0.8943241077982852
-0.22779479961922475
-0.35481904770894807
-0.10840028536743673
0.16029126709834934
-0.4274244770164318
-0.3690181645869198
0.4006722210568987
0.27344605453801113
-0.07465571428004789
-0.3588300822726611
-0.5025974240365385
0.10274114294545543
-0.16932032686758658
0.14655586174492843
-0.036333927176819186
0.25759335695620356
0.04604922753029751
-0.0001270239814801788
0.10563376776718092
0.24159197984706096
-0.43424648639377117
-0.13989904698823807
0.1267335457765725
0.30775678045504884
0.1789532509483036
0.17269908708408438
0.08422238465380127
-0.10675680371198892
-0.043288158130345276
0.06870390769251045
0.4691814515572178
-0.25867597371102463
0.31105884089767366
0.174150634309215
0.3736718235554369
0.21140535589425802
-0.21460530653442508
-0.08179699571709131
-0.09629475647963122
0.27668746276039247
0.026631045389612584
0.12646474018746806
0.08073517540109432
0.40294798264456
0.03683237707844251
0.04337334904390476
0.0024890536662311655
0.28786150650961584
0.11588066228325693
-0.17078552045232698
0.07646849720574994
0.06953976265258482
-0.5181483716875054
0.43797908164257093
0.21858290157079782
0.22924701092395838
0.25078889486967804
0.1288363534315945
-0.020335610751781332
-0.18575209471707768
-0.029928415520420974
0.21658119492606429
-0.33643271861288915
0.17849788195191907
0.17015293528435732
-0.11395125880647318
-0.07645180396377958
-0.14942012246170433
-0.31500764428924466
-0.07735512726205157
0.10297430934255021
-0.44139079235931544
0.6515473556771381
0.09672234274141497
-0.1930230189022149
0.39015237153820514
0.0050634445168945
0.24949255409147603
-0.4743353474767884
0.10147672455864415
0.1349551703736322
-0.5191989112098412
0.10472742531379194
-0.36034553810884734
0.12770539643318846
0.1940725177104075
-0.02140080031871651
-0.054340658390211925
0.567944152449071
0.04718843236371056
0.1171809443074587
-0.45210430595972445
0.1568363912792503
0.110855981610692
0.06772692452347853
0.2608921712803607
-0.006492044755282351
0.21148994223248999
0.044943048369411154
-0.03481997501194478
-0.011079723413442363
0.23989500276111006
-0.3606369183315898
0.06074757028678679
0.12219777461722821
0.06702767679391577
0.17139320023296553
0.18453431531624137
-0.17369130839054592
0.12368730836178071
-0.17723940874004918
0.09243538471364432
0.3891140175746209
0.041980666649729034
0.12502453330798818
0.05300371634949596
0.007893097074752237
-0.4314310145524229
-0.203900699347569
