-45.12655914326062
0.347305569015249
-7.106695393863642
-12.360118900125716
-5.646746733337123
0.14831642522903282
-1.3700511309697347
-0.15500320119055894
-0.8005566878398923
-0.11234042986885213
-0.1416665685880895
0.01827847204233113
0.024735543261897558
-0.4816420739791427
-0.4783497297477151
0.32177838801623826
0.5973361055644123
-0.311641590933151
-0.5095880592289176
-0.638915674968722
0.8772084869710887
-0.09797888163415965
0.058513877459035565
-0.38207767967035994
0.2292434825092961
0.3962582472500017
-0.25190416368213964
0.46311699926945976
0.039001447191565335
-0.7003876675718478
-0.4254469420828995
-0.05521702638759489
0.6163869623014413
-0.14630671279650542
0.06560565492958326
0.4462863818380901
-0.2503282676543562
0.31514942699725385
-0.6823154438097264
0.755361810716576
-0.05800450230402725
0.23038335963094095
-0.4959861149787318
0.16312313466559603
0.14016962957369322
-0.5407487093345358
0.43764522381152704
-0.07057815918583538
0.17321111375479065
0.13435619045614605
-0.009340180850407553
0.14284560606819252
0.563209879252329
-0.46520420458486084
0.27572391659948126
0.0017741291963241507
0.5437324168497025
0.1926647407998805
0.19877978811920202
0.007261404229632554
0.1318517828436647
0.04679032263863847
0.17390888349540226
0.9927789795897126
0.2635915598942052
0.3410964977027843
0.12824000469224217
-0.01897666998158347
0.007399893804022749
0.22392180219403562
0.016583088060709558
-0.17205666748444287
-0.15125884753415755
0.2677556928773785
-0.4675746339101585
-0.16651380010405797
0.06346504106792157
-0.7355627455298257
0.25176948729459414
0.004937543586162785
-0.4581832549547088
0.42427553519213757
0.1685074274097498
-0.0770043155841599
0.5979778535183554
0.3780238778774465
0.08421403347768014
-0.2808395121776666
-0.20746777132465294
0.40358555622364617
-0.7071210002211938
-0.33863596264697604
-0.6702161083910063
0.3523273594826513
0.14608953645089467
-0.014632524001928687
-0.007896670870667699
0.23040713802956103
-0.5005625482209551
0.3877646242427445
-0.44007352582245596
0.3259580323220983
0.17210039876083183
-0.03592390344088419
0.4027255237904126
0.018696519376139142
0.18146815727060828
0.4016182656068713
0.2866809787963191
-0.2357711645034754
-0.04577947264592848
-0.7248315098077358
-0.6541296581146125
0.07459856573757884
-0.05567757545786293
0.2165713626019049
0.1940602030420185
-0.1998394392849679
0.23310267982014288
0.004680048960572981
0.07070671341703523
-0.16975545729222286
0.21998361702886404
-0.046244894999396116
0.1917806357698855
0.17536237584790992
-0.04119968127296123
-0.18188183254299883
