46.16912982914582
-60.33338581576684
39.68552272567421
11.079155516776789
-0.5624049482496547
5.889256486515549
1.9935078058656466
0.3241298170147165
-6.251463435116978
-5.0329808815153285
3.2355783486678904
-8.049759224702562
-3.077331302535279
-2.053462800278543
-0.9129958077526888
-7.905225238709408
-0.9521232465079325
4.691308668075121
-6.081370502249211
-3.3196975381372438
0.253224306438498
-3.121512077813154
-2.688607470913349
-5.175734083494931
-5.044159049631679
-3.3498918423552637
1.480083597103117
-2.691541603175642
4.753186549822622
2.388632260936054
2.8124131216280586
3.842784625789122
0.2625943510595271
-3.825206082911854
1.3735890915897684
6.53396020464622
2.0047131338299673
-3.5198615714425507
-0.5014061914053825
3.2882573721053374
-0.9136439843718047
-1.6024914610798318
-0.30415948361922507
0.5082042783993277
-0.16714878622904317
2.428101058395883
-3.571065031630788
-4.965931852980416
-4.7405310412920185
0.6302824741478368
0.8356724020250823
-1.8790465588841743
-0.07831560174575058
3.1059740721200892
4.033350316307203
-0.3604044839637745
0.29462913050407813
1.8670240437758212
2.622336495233757
-0.10967347309635589
-2.9049488451031773
-2.558048475518932
0.16531606495349696
-0.2257976034691835
0.21907038716060492
-2.0514405823081736
-0.2944376405076357
1.2962540635500208
0.188561265990258
-4.557295268545483
-0.18357435886483164
-1.7297109305207925
-4.781260196658918
-0.5562083939074243
-3.4510300046734343
1.0176858203953736
1.424767670729362
2.400164727545002
2.342018008843349
0.8202407085982785
-0.5487404864477413
1.4030192853758974
-0.3187517667129698
-2.828466788544932
-2.942733793093388
-2.3608451417111103
-2.7493672984832527
-1.2113106852693023
-0.7941086437802394
-2.9601441285543335
1.1823920136401207
-0.5351452777335635
-0.29446263243331483
-1.3719272344735831
-1.1556029709276459
-2.487548791214619
-3.2543517746594093
1.9311343353675612
-2.8522596673000566
-1.2564007630914786
0.17657498843709923
-0.7085080403916741
2.0503132957450654
-1.3966950325430076
-0.6136366906804859
-0.4698800854625771
-1.680866416763928
-0.8864244195306764
-2.3041434993132683
-0.9254330924955364
-0.7986600000581316
-2.408262705322149
0.7048430942620338
-0.3449648614893178
0.18850400505187306
1.79786060941016
-0.15318890442220306
0.7076987231133334
-0.12486772140933834
2.350716674759202
-0.0729005495404248
0.6894222839037275
-0.16357630220756023
-0.43848374444542276
-1.0632837143761018
2.8118551647421794
0.4719254237628564
0.11459440624462128
