-44.493411581359105
-24.410238840375982
-19.995625698466586
-5.358070174521741
-4.211291594503446
-3.4892101246202816
3.3170854173243574
-2.418648819274816
1.309405364213359
0.0077875781104514985
-2.7001293522079197
5.745366143763922
-6.689836314436103
4.353341258853745
4.613345222692654
0.5206264459762682
-2.4462903215987604
-5.457593126499991
1.5100147971939322
2.306403216891573
-2.786255661519619
-5.273486237725139
-0.8912603852213337
0.49566601951207745
-1.3281372636940083
-1.3211596189090868
-0.7088198818695219
-3.922170793319906
-2.84338234120144
3.2572964823133845
-1.1406967473687373
5.4057526230665145
4.8648189345622
0.41129574734971014
2.5306943500452768
-2.541743689742926
-1.1677328155916091
1.5820424543930562
-1.6267125170380599
2.9455925556666367
3.667067527581718
-0.7278693039175167
1.6962659948301342
0.626181601112142
-1.4286761649241617
-0.5413698213339198
-2.494410050916421
-2.778053018342575
1.9199153370058946
3.9219253037094575
0.6933602254518723
-1.7020238831559753
-1.6985787053826247
-0.04024851940237836
-2.1710545471462996
-3.0598808026970414
0.9700429002375537
-1.242984819707497
0.08002382901662997
-0.6140377821991884
1.9073730707490788
1.7765990166567698
0.04677723266728054
-1.4126653296204879
2.7644694795721345
2.53855012194108
0.5879323088308552
2.261731351193615
-4.33250223492178
0.22528249456183863
-1.1088637556091605
-0.8587756144647151
0.3391301290641788
2.5998356095363295
3.065710606541551
-1.5010085332834902
1.2994075994007606
-0.032719742174418524
-0.0891301533318509
2.651896908691783
-1.4442252256086723
0.3007101287679388
0.297911146483282
-0.837905932895465
0.872495232803793
0.8276532044841993
0.17738598468146385
2.3101029347860567
-1.4505262175159441
-0.9087449653245445
3.950714857106208
0.9268323099880363
0.7099691747711133
1.6372101189795456
0.04615218535938244
0.06508436670616545
-0.24652825280171214
-2.562090344207546
-1.289179492887335
-1.1084354277919704
-1.5742337594711018
1.873818694717483
2.8587548399520153
1.4677773008204578
1.8457593991590042
0.2701695882044425
-0.3322509817688266
-0.3888922184421613
1.642737236664951
-0.14666394514335104
-0.4677379352797507
1.1493147124737404
-1.5193665501209908
-0.740310321022887
-0.259675920427609
-0.9957756077784361
1.4407884759150655
-2.2995125461418366
-0.14648226214780896
-1.3261402430669391
1.4422203678271028
1.2327307114222505
-0.31218132765111206
1.579040423532406
0.1145316948439576
1.2699467939568274
-0.6858375198774019
2.0565862540373034
