-38.96913038032643
-3.6834634506588024
-2.8286745330046745
-15.511057419017442
-9.604383587516152
0.8072017670850989
0.09371570602605005
-1.096565138262709
-0.22114695480699306
0.03899183740888215
-0.2132655874272624
-0.009258080167310685
0.13983746465819835
-0.5253064546651415
0.5074680654608569
-0.41367576131420536
-0.17224924431801242
0.41495861765850983
0.02367321663888111
0.3302359181513149
-0.040581675648282814
0.5715260296151615
-0.42394845318749325
-0.4845032131821321
0.36185364999242475
0.12852168338330738
0.10730883354807227
0.016401893193013786
0.09650952957173035
0.5234082463024248
0.14078498152436927
-0.2433983879296424
0.3468791308310295
0.35710518022680177
0.07213174511478715
-0.015662829073805742
0.1585550224064776
-0.18686709650987404
0.4082395436224677
0.12148048460161046
-0.29961395347130554
0.44245598875100156
0.3117028856367037
-0.19513712799950625
-0.24201265074192813
0.3593748717259737
0.18942381499187275
0.2049110706478302
0.09464334002051518
0.021436072362699975
-0.19704939985867637
0.13872146243539915
-0.42114018330938957
0.09849467432916673
0.09773589869956315
-0.3542490019676178
-0.2826434713445816
-0.026615200443947773
0.08050225373095728
-0.2276923861417255
0.6487813647194269
-0.5458274091146991
-0.44334975325074094
0.11039997806248916
-0.11184971691848901
0.03211394623593346
0.11530230543405634
-0.03306995892701372
0.2545981363019083
0.3271483476704998
-0.6393815333163871
0.08107340550515499
0.2759011716624464
0.1808766768676088
-0.19685124800323217
-0.02068746411212781
-0.03108797453769456
0.5133659213178048
0.16603664676706198
-0.2382039015857769
0.24026132993974297
0.08590231510231464
-0.005843475468059583
-0.32394547858273587
-0.4813950085031632
0.3181183572695065
0.04652912790472251
-0.45433219892348464
-0.536627958566735
0.1727534540400433
0.003151845983852493
-0.15286990789468977
-0.26640583456140216
-0.43911826638326107
-0.47027721018424207
-0.18100737774786305
0.21082594406086153
-0.15678190015809496
0.19146830659923497
-0.1879166570699347
0.25578934486489047
-0.4251718536659339
-0.4364040864403696
0.20549363147531713
-0.2765272903079065
-0.4404493100678634
-0.28087874435477805
-0.1579107690216701
0.2410434609379583
0.40561906057046027
0.11312177418164279
-0.025242208259779048
-0.3162251739020708
0.18707968155636595
0.38343876618444117
0.09381854070182283
0.1362258731713611
-0.07882233383241932
-0.18305322648193675
0.5083258444470738
-0.6859059035903984
-0.3712460160254359
-0.016693499435496764
0.5658497464778272
0.15620871128616032
-0.06207732177960721
0.5453237199364741
0.11929815878563418
