-22.45612631718111
-2.1791592161372217
59.79022137939336
-8.672485126405634
-3.9058274372050494
-1.3284578169176493
-7.329927027970208
7.222802793487467
0.9833657159908928
-3.57293899515696
-0.27827924124441356
4.238230274639569
0.7626157948820765
6.185784539004152
-2.214989327927627
3.3165423495777566
1.371450644087542
-1.1309982849365763
-2.3019088691001652
-0.758785685585038
-2.9333095294395806
-3.3533475471252414
-1.9393426226415924
1.908490417786426
-0.93283899508147
-2.2061582179010397
-1.123703364854412
-0.5544587942246798
-4.4242234071503015
-1.252626117344353
-1.4404924554726117
2.3069105663781153
3.4420328534076314
0.0813568107530259
6.032961978995515
0.0720613576223253
-1.8603052072516582
1.1458174495411242
1.7271801955131663
-0.3106944844150239
-0.4381695547528667
0.9115296832963451
0.7871137361953892
0.8703089645952784
-1.2054307085956066
-0.35908037048446473
2.2831406980611697
0.15096377402494618
2.2153074230446905
-2.6928474938592895
-1.760325700731875
0.6959879042954035
1.7784815662912323
-1.5901355203015095
3.138644417482075
3.2604388426687967
3.0958231513702477
0.4562418744747798
-1.9578353267211632
0.43216553123399987
-2.603432772205045
-1.5937259760800777
-3.4397747478431344
-2.7562798673577666
2.0527655842061567
1.87434956282241
-0.29447178232608734
1.007174382328075
5.951659640192704
-4.024208424704663
-1.0888575190329934
-1.1847201692071008
-0.5609118013314627
-0.9758138300146189
-0.5474225809656569
2.1161778609640205
-1.1662229805433844
0.01354718965994511
-1.623599981533924
-2.234609031867296
1.513075398112835
-0.5137122347653645
0.8378998629954887
-2.802239168825664
1.0469999099043936
1.279724286017515
-0.6031824977688793
-1.2734975563137887
-0.617594769175182
0.42227473536396887
1.0208431489429852
-0.2717635788938164
1.1180853730597087
-0.46997008276068486
-0.5548029415801214
-1.3519110713001534
-0.6390069472487909
-1.3974489468726714
0.44672001739789174
-1.3773785866884505
0.22411755646806147
-1.5265147998262962
-0.7604899039251163
3.281191593402711
-1.4314942249785714
0.32383745723290525
-0.054199543948410055
0.40133073401557073
-2.4407545805925346
3.3376900749476897
1.657407931158867
-2.3982081798925825
-1.8573010011650348
0.14362199589344965
1.5348015733636835
-2.688561797598963
-0.47949493392101367
1.901073169575938
-0.049137686519884455
-0.7479533713467363
-0.9574195966422345
3.3164419666545037
1.1330464408382706
1.0426475517724771
-1.3521417145302927
-0.863184922484829
0.4056030471122316
0.5025483982056927
