-34.40427582645867
12.628665573775248
53.25579145663273
6.062096887117464
-3.5370053579041185
3.8752420470234714
-4.691032313650784
-2.516933956789595
1.2317545720464476
0.4548467602287759
-2.558910930394506
1.977638077561456
2.0661987866808094
-1.8441207279240623
-5.899139494860585
-1.0908259161640141
-0.7844724264441554
4.298051145896697
-1.106611416491456
2.008555748486234
1.7289811616741604
-1.2269987017965096
-3.141752102874323
0.8883348745953243
-0.3567332037797965
5.66901239206965
2.1928290564343973
0.3453065106506125
-3.357719797044522
-2.6875207522242044
-2.665725588488993
2.272690538739478
-3.134805941800921
-2.456815324271249
-1.0049528629476192
1.3093105250241766
0.3990925471661634
2.1169511275072965
1.774540550769173
2.011427033037854
2.293953583716215
0.6565542635693937
-0.40262330176753247
-1.655574221377424
-0.6227528566267914
0.19860138522838444
0.07273850302013782
0.4084846428681358
1.0503216723828617
1.7639162178000165
-0.9640596809864939
2.9007000126001516
-0.6784830933952386
-1.9419594721336928
-0.548485472471407
-0.5809609555914348
2.6807877382732643
2.4359471356251285
-2.7688165781363754
-2.1128271685823177
1.9662991510342729
-2.6213771809144784
-0.35742123961528505
0.717744905775585
1.1188596204077377
3.325295456697143
0.2684650951308858
-1.523212269573562
-0.30727643299688184
-2.8101041786334156
-0.8657316795833645
-2.462762410027806
-2.997517837963023
3.1616424406757297
1.4021536107847081
-0.26702371359502985
-2.2372688644556424
0.24711006903641716
3.3229013450137144
0.8661364651803425
-0.6908545953755187
-2.4567648460163705
2.202588816814676
1.6044708540324493
-0.602501935673562
-3.740319861879407
1.5171381397613466
-2.707939777928124
3.692443110923648
-1.1413476084532808
-2.0523412750053085
-1.0882509881700821
0.1881624100518848
0.2796125868654635
1.3640939890592856
0.014607806085164626
-0.16867577631073571
0.937454654180588
-2.5829941948523545
-4.5690720992873395
-0.48085425693617034
1.894939018481905
-0.8090366447581743
-2.0423726848174475
-0.706602826834581
-2.037651084120012
-1.0111307368283997
-0.9173023766000232
-1.082172945520333
-2.3508166114780567
3.8360640615519377
-0.48772891944567087
-0.9460456727379739
-0.8516539392097449
0.6796715647254563
-2.2890145274748566
0.2455095155750026
2.371672588337961
3.498240603636459
3.1883670505528854
-1.1646915668971125
-0.15136954750340526
1.6593981118249568
-1.7045432453285947
-0.5395625330400826
-0.9547082951664617
0.9495329375463739
-0.8301892723398093
