-22.477560021340942
80.01742080358996
-37.21427855560734
-7.119626971500716
7.3149711471401595
-0.027264328092297285
4.414684113415881
5.385803330525145
2.6161483794542
7.408086587558424
2.355027305815436
2.143017869516788
4.434150023887097
8.995235884440884
2.9088371223848415
-5.058308590635743
-0.48769818136594534
-1.6802106662947516
0.19691470589419163
-3.3410977055688806
-3.463745694786864
-0.3095868042119324
1.251457229867369
-4.3453674430876905
4.587618207556304
2.125649349343552
0.8783715142674995
5.805203790000978
-2.4903807458808047
2.7289962888958406
1.6642709034684104
-0.4525070159221868
-0.016713787129178953
2.478340666639656
-1.8306632078076481
0.03135502650373234
-0.5906265956583239
2.407723381790445
2.721354767304502
-2.41018303808749
-0.9335195193340187
1.7184833595959923
-2.0279295368420427
0.5705438577680598
-1.8718393327841527
-0.17627821789618414
1.1426162811110725
1.438319312350301
1.2338047081640229
-0.020314683124214944
-3.358364834751422
1.8282835363053127
-0.6650050910475582
-4.199618940038395
0.45858655329876363
1.3520131628370589
1.9462242383107253
2.9495685222516235
-1.0913124155152973
2.590622519291042
0.1762804641056526
-2.426809790494315
0.9226920046564668
0.05688099833617838
1.804941981079609
0.15149624626577324
1.4157481261053926
1.0980298544513403
-2.730534306899831
2.083662170667165
4.378205975201823
0.6901826507731901
2.302559056887432
-2.4877849336057105
1.9396262019140793
-0.818065652992192
-2.5972396771746133
-0.6315541953508113
-2.9254562923046534
0.5364078443463242
-3.2096870127426773
3.618134931501095
3.5994681885962945
1.9467345708390968
-3.1941785881804616
-3.7615673068984825
1.0916046305479408
-2.071674687754432
2.2268338975185826
-0.34629156894634017
0.5845814620143029
3.270459437437751
-0.6328863318945915
-0.12398601024268602
-0.6537188381806194
-1.8049919413914404
-1.0629898192050777
-0.5569509806328464
1.2221873025198855
-2.540905301202277
-0.9183153758222004
0.04150273945753422
3.8251836668108115
3.070748068526197
-2.060127688274947
-2.612823564663248
-1.4251173423105599
-1.5339508489581988
-3.9876080869829558
-0.7441648833472934
-0.5612645095380083
-1.9631307892418723
-0.13698151757954302
-0.1702685093773538
1.7439364253827485
-1.5097253557004713
-0.07306276958788928
2.2313137611311076
-1.193379588573064
0.4474629906677034
1.4803184877382565
1.9186472375059
1.0354543643797611
-0.706885758552219
0.16090225044072398
-1.0141624464764092
-1.7775588609338737
2.3135741030930896
