-48.49060432321922
-5.18171857660951
-10.063567855862393
-9.157624645875584
0.7893233091751819
-2.4673828810027185
-0.25359069970579146
-0.28118411040582053
-0.7109440926261062
-0.522243190391541
1.8325448253912837
0.042008867088248525
0.5440866393345449
-3.1095002261519564
1.4481976975513413
-0.16179566742968987
0.3451668166447763
0.44505127341140227
-0.7571471794905738
-0.478542477722134
-0.05681947422537553
-0.8454458907222719
-0.16798888666809425
-0.984385243489145
-0.09509348268296947
-0.5207632017155384
0.3544812040097202
-0.27385547458149767
-0.49440796788533
0.27194509046952453
-0.42308169444978744
-0.05887035999538692
-0.11386638455982967
0.03417342294932236
-0.08466254987368449
0.08562787141426215
0.10468762572065098
0.02925502969894695
-0.17960345230023939
0.026572918546623053
0.13403391696596104
-0.3287288199009024
-0.06701421858015255
-0.5376860726810705
0.07132622880177862
-0.3679722770965763
-0.2526933368406855
-0.3729190839559443
0.1732095690222351
0.1734257645963499
-0.002988939526542285
-0.06410334918817726
-0.06501223015292605
-0.38751347615549464
0.0236960130170626
0.1290198619275891
0.01791681351054164
-0.07516784026153853
0.3679308518403671
0.07339410312174716
0.5036329231794263
0.39955026211964556
0.0301320584678089
-0.10391815511633205
-0.11014707814547849
-0.0937315408151428
-0.36345302693711795
-0.22098763931348456
0.011540009091221992
-0.2916721237890481
0.03876716851596504
-0.2521287517470371
0.27106330592578803
-0.4631473548636043
0.27574838752836694
0.13284413892490882
-0.24403796789136584
0.011487838298303951
0.1713956162447764
0.06359254285468316
-0.11459056212906879
0.029670319811579332
0.11124554913812924
0.4207944960785911
-0.08739603596787739
0.09047618976392272
0.17982703452028825
0.04173040283157803
0.10005437411712173
0.15846487532933362
0.08354284223897929
0.20180929503913822
-0.07587971028376779
0.04075891500559192
0.0736871438668234
-0.27056024626002706
0.286281568916693
0.011730323607667535
-0.2102683331857781
-0.2748607739086295
-0.29034698534890513
0.05384720396311091
-0.04216866291898422
0.010184417106056942
-0.025645870608474418
0.22730440056967482
-0.02272289907663741
0.19728065086754132
0.14538494500936597
0.022270260340698345
-0.17314144900029416
-0.14383592397670125
-0.36068491161675553
0.018966438112575267
-0.08778339571037244
0.08392498365091186
0.14058432416690525
-0.3596251597958804
-0.07143888666368772
-0.17267397302714754
-0.04794825828399224
-0.1909314476945764
0.1606090925498179
0.030904484092327697
-0.005756102103885469
0.08456420086250019
-0.07938935961114313
0.030599227189229024
