-39.68982501906436
-1.7196020286728577
-3.677366624073962
16.204691177087295
0.6338561401080536
9.975346024813444
1.6062715242763999
-0.8091690476702429
-0.0575565169707995
-0.750831432085214
0.90979745688972
-0.8929769269438702
-0.7324158596134185
0.41772517706865925
-0.10437559994036638
-0.04471396095692355
0.6572643577700414
-0.2401868637042993
0.2868261460215595
1.5707538431391246
-0.4376813923111748
0.4708021538461887
1.033977898752537
-0.04057697291200596
-0.5152852897882781
-0.10277494869658703
0.14500660019135034
-0.4701273808626461
0.17210537833055903
-1.4105337645582177
-0.6365381343983714
-0.4000934470663735
0.8206220195132004
0.8988129149825537
-0.6905317757371935
0.338352628362405
-0.40854692267738923
0.9569121731478316
-0.08567072096309339
-0.7666039061273322
-0.3298698856288682
-0.21479425221420614
-0.15492604698773965
0.7822972631885045
0.8309576978487175
0.18109509204336324
-0.8843387965185787
0.16066911402637893
0.09141381663414674
-0.7483250986642768
-0.45340099119263866
0.31387183483714387
0.6093157112230004
-0.870265077359306
-0.5996099998391411
0.7161482894154616
-0.3066376079672347
0.10995841238419692
0.07337429311847625
-0.05260345718635043
-0.46607623805292875
0.29532968189687037
-0.5688267694744763
-0.48226838066336186
0.5495018900598038
0.0512269097237633
-0.10201520413908731
-0.3843311984060009
-0.6416505243823404
-0.024313263643206306
-0.2500286344703224
0.11379969591906387
0.12504571030545603
-0.11082299955061395
-0.27981648372366513
-0.4098631995379668
-0.8488894127241798
-0.2924188134789484
-0.25569241051221825
-0.3210772451267542
0.6142322802931632
0.5968288688499244
-0.11745308700054868
0.7670072647981931
-0.6338399666048892
0.21055752597287403
0.016091012152586244
-0.3720200481451379
0.033912664444559946
-0.2127591328141193
0.08455696728346405
-0.08386298116741088
0.4597919317461091
-0.016493921109819617
-0.4327454275716243
-1.2115544558946079
-0.7972877576414042
0.19373857477791862
1.085568204633302
0.2571591353355413
0.33865915673368496
-0.012183066135423415
0.4399929392661386
-0.7536816356184403
0.6333804092681238
0.5420260476234737
0.5702006090304588
-0.029816890439660276
-0.16288114849550744
0.4231411883321199
-0.5308542472772904
0.5877015939513597
0.31925196997200833
0.4334932393787252
-0.4196344108671047
-0.3006117991890184
-0.5911058105382512
-0.025689328516222253
-0.046454359026424856
-0.4857011606247123
0.5889229680869895
-0.2941450826209771
0.9224240487718655
0.3721710341874949
0.3345865097458871
0.08200016464953991
0.7189584367571173
0.13660146223808617
