-33.49016865627898
11.237468439589582
53.689656322414734
-3.2103667705412517
-4.90767573652862
3.57816976241186
-1.430587495425101
-1.856559159658072
-1.9833801358418293
-0.40293699884635725
-2.120615092134585
0.23906386579424382
0.917964241916075
1.0904673417809945
-1.3351203537429286
-2.668064908935845
-0.9551323000936264
2.197204994871848
-4.278440607219574
1.4936736881482828
1.7405975029761611
0.9700658580235825
0.4140933730956978
-1.2534532893257928
4.487921253968964
2.4527315716433646
3.569791992460704
-0.36244070184679344
0.9351595025678147
1.882779405454612
1.4244883124363363
-3.451809555366322
-0.09735459170963706
-2.756175186589345
-1.2275317675107584
-2.4337570202308143
4.454195088844374
0.019200208260897272
-2.92852374317071
-3.15152464826893
-3.590334513679408
-5.9013874798491655
-0.5586763989980452
2.2356475461283707
7.6574862833640305
-0.3600792115043395
1.6051635516200247
-2.0895197493362248
0.08249433926687574
-4.939797142648035
-2.8327042096994646
0.7043035946725971
0.35317923835603576
-0.7298158711633602
6.0600200070881725
5.008708451293632
-0.3299606000719896
3.490137214035185
-5.723968276328333
1.1322350679347093
-1.0919090893326968
0.7606009757013608
3.3079089582716623
2.7177780137308476
3.5141787332892753
2.8339742916466006
-1.5971351216304948
-1.5800224572177803
0.2358498330470485
2.260263327911681
-0.983452259376159
0.6700546980056785
-0.6012161031601937
-0.2079969141733764
-0.2870062068939165
2.3782363917399136
4.374366149279108
-2.444418199475271
-4.972995610146313
1.0272527316536006
0.5718685435608819
-0.439579804952112
1.9926344019254374
-3.235256937352989
1.6759777145878707
4.042668572119
2.0900800675337328
1.5042254881697432
-2.506241972770131
-3.732609649022714
3.9316076764099637
0.6147680094238055
0.7142117708092991
-1.911140882484868
-2.968332952264502
1.4496689948545367
-1.1829727688372353
0.9538964120475814
1.517577464426862
1.3935159285407115
-1.692066034490105
0.49177127747895477
-0.20461169421849235
2.094430932233167
2.6129974623442402
1.244108542169229
-0.8866209052830816
-0.5005777333827475
-0.2462080364665049
2.442005398745348
-0.7891754714205118
2.252470257107906
-0.9371186917035009
-0.7073334482725337
-0.05140077824494328
-2.019016229457412
-3.039091249105492
-0.07844303856462312
2.8531025092102373
3.7796897527356172
0.47138122067410426
-2.93576272608455
0.8912097860732147
1.1618380410138804
3.399188779958976
-0.6593384535291136
0.1474664740625416
2.0456629008461906
