46.96427868979243
-60.969951053690835
41.08378957205404
-8.08150243142348
-4.923533227733835
-1.0393533984560464
3.492604709215329
2.0889208621488926
-7.498938040552843
-2.443231948744961
0.9907243174916713
-2.541519247704592
-2.730226170618921
3.0581376697066034
-1.2576500091789669
-2.769152821097902
-2.077039131495402
6.321694790508381
-1.297770022771118
7.492553499811151
-0.6820118814293082
3.8424765458601695
-5.383213293944783
-1.4262928887925153
-3.361377335865078
4.228181019331345
2.756196731740194
0.6052818508476168
-0.2743655250062793
-2.1122031146523543
-2.9305138604452776
-0.8022328890811712
-1.7772921920199378
-0.8313322915083757
1.059013536737863
2.8908389333068345
0.378523957674511
0.27473640104518654
1.1367791257661988
-0.25675868336518637
-0.845995207530025
1.4263043761987368
1.4282568232628248
1.3043807746058955
-0.9999185312304409
-3.6424084645088364
-4.492819774936195
-1.280975904504131
6.140452808927601
-0.21250640844642282
-2.7280723811513035
-2.627507312440472
0.5168930994948266
1.125940648558893
-0.7874273698809418
2.0077141395263363
-4.038524407022855
-0.6265521890458345
2.535833020870302
0.7538175496184456
1.0483003100618913
-0.15736616774458234
2.311317606715663
3.286828299525171
1.8883315054667944
2.765815888458836
-0.5389490815245549
2.0733265053485126
-0.589004820438685
-0.4018004509636731
0.2292995379181699
1.3619090404862897
-2.618736780788534
-1.0110056165707737
0.7384418915085542
3.0987957404436486
5.19106425473999
0.11419563934263838
0.46556707602615005
1.1980135013226456
-0.5863645611713177
3.6627374056590374
-3.350574273783273
-0.6666138481407385
1.0326203898127542
1.899350913662602
-0.3986490495242452
-1.088900485163805
1.4530078608590298
0.38116423492191037
0.2381520750386002
-0.14044962503810518
-0.604071145921706
-0.9797002807834576
-0.42994954977361605
-0.8293123880461157
1.1039643737299971
2.559787487153013
1.7445785650891936
-1.4739905948572982
-1.8049148270352016
-1.5301741192351155
-1.5019572530771867
2.649732629888862
0.3729085979185457
0.48862721536433495
0.6268395516113386
1.586948975427764
0.39144290001678017
2.688653950538997
2.24489919605988
0.6540858457633114
0.5929646825837809
-2.6883914029239144
-1.6422833231944685
3.1535362806539426
-0.19075189765764156
1.2913718363008249
-0.7090763086814164
-0.806831214056176
1.3777166801312608
-2.0999723655612237
0.981002509986042
1.3422113510436022
1.6595629765264102
-2.04698807349665
-1.3520606940423958
-0.12376316795225262
