-42.90530850253722
-24.935254665543507
-18.46852648608255
-5.818879187071968
-1.7923404304344346
-5.372585766152424
4.726758379747013
-1.906527373707053
4.2036001045203655
-0.9489003835402949
-2.5829736412320905
4.378355780184511
-1.776497144952011
2.866813282057086
6.1191306244274015
-1.3660535122214377
-4.663863631947972
-6.4026429637608295
2.057439377017925
2.2325465105374027
-5.547592610691016
-0.9111152374235194
1.4205397779991926
3.1627655295067507
-5.5433339393979395
1.0798817115662795
-1.5830943273682
-0.15590958403218264
-2.843722095326904
2.829393394503964
-2.957605822379676
6.049248945758953
1.8629430594101097
3.412988205386683
-0.7050281460745661
-3.6251176439106856
1.3683030381168364
1.3129440714696599
-3.2056109420910155
0.4789004774931002
2.4778955006143017
-5.1565061476304495
-0.23084419785463592
-2.888562689170603
-1.5744308311087745
0.9360686534354071
-1.5461440785426137
1.6730452719360802
1.081082842733587
-3.068298173604277
-1.7869829432522324
0.4453857454257478
0.8164960787010419
-0.08068256948104767
-1.1183624252699582
-1.4332290351823072
1.2405720110057017
-0.042104910599882056
0.20213887821954107
2.409197303990143
0.8974897429133796
2.503211255371681
3.6153560243123257
0.14896945877477064
2.5074827970403044
0.7672077701632859
4.685835694289249
-2.527781964599196
2.3035342749696133
-0.5225703770285586
2.1789873989437973
-0.5099302866703015
-3.990310990060695
-3.438343943524321
-0.4727766232747572
0.21700584656931343
0.5303403420657976
-1.876230416774937
0.36702204425153584
-4.990195747079788
0.6763936169415575
-1.4171279621015107
-0.8913356087177837
-1.9987659284886412
0.8915938171043545
-1.8229521699584672
2.338500812518748
-1.2632943198292237
-0.1689760797403878
0.7862815294019707
-2.2470172869178717
2.9760353875557444
-2.886996428235296
-2.7920216264051314
-1.0357854326958795
-0.245217830463825
-0.8768424316709988
4.982472027904558
-0.6999594859229537
0.8639196914648931
-3.237017826057126
0.9327461562381272
2.6525588917244565
-1.7888220171849945
-0.8035747528978083
-0.736578841407981
3.1438398920602943
-0.41012066869334085
-3.101517555130184
2.019613383310566
-0.25697197883818856
-1.7501973452582396
0.08715145343499416
-2.0796992586436613
2.063639066964792
-3.918160489120422
-2.963031602105512
2.800759890132184
-3.0358758758430766
-2.1319141788880676
-4.250461886953803
-0.9116782415375225
-0.7044321741959623
0.24958440438538215
-2.085049606469335
0.7888573100302686
2.549797160071796
-0.05493984200824974
