-36.50872749567557
-4.098591611533839
-7.646461507869251
13.438514888326603
0.03728244093646532
7.863307936925634
-4.779162497363226
7.800344899848996
5.315577976296194
-2.6209840012754237
-2.8619717135655027
0.2816012707776726
-0.5166591915558286
2.1123454740784045
-0.4421660619333355
3.632309490204759
-0.7588363864250132
1.3845509824470694
-1.7654128077137887
-0.6484291302930011
0.9015599513839476
-0.12433057646710033
-1.5410272191783485
-3.4824567033825145
0.4253125260690199
2.2784864068380766
-0.5886234331542766
0.6103855548458456
1.7026092290508656
-2.193902496357431
-0.2518424548865602
-0.16328679178556893
-0.07181965393129441
-0.1766671599805829
-0.3435883222100361
1.717869042263282
-0.09475548369378689
-2.305173935715287
-0.24710234438423323
-0.5750710944847638
-0.24405463553621548
1.7060591570166799
0.7217652323823206
-0.7964907611695788
-1.3035795706993722
-0.4919251284998667
-0.599065827260139
1.8406167400349063
-3.032084820882959
0.6673353301954354
-0.43481682368869623
2.4054685432708327
0.8802828950480994
1.738066408831766
0.6364098340460851
0.5208625070371252
-0.15523610489321124
2.16496458716974
-1.6626102200908195
-0.9431486652329243
-1.571741769675746
1.6421803488070237
0.7650903989688458
1.1314078665998712
-0.6674290941596155
-0.05106778473104212
-0.25603921960438314
0.3529855860192121
1.843591432993127
0.49468380536354983
0.16639996588064201
-0.15312418563468994
2.398582443843738
-1.2108661827509999
-3.319236857504246
0.39088176550184306
2.0112084799219208
-0.96029762573747
-1.5455608024142564
2.0010759306940917
-1.301156030936696
0.10476138293646604
0.9902712938477778
3.042330131047665
2.0020733974384917
0.0056949651380211255
-1.2058832009678062
-1.0010147485441556
-2.630213492916413
-1.3849540897083192
-0.6802220372944843
-2.13183830774242
-1.978417520947997
0.40232278111638187
1.1300861178876238
-0.13194697252977508
0.7841684462769831
1.5705253598217324
-0.3169902119749959
0.4225713070374282
0.7737274351301776
1.108490577731821
1.037322402287459
-1.8683415177034228
0.26417901612028394
-1.029498558094385
-0.016039902775346046
-0.5531437199432099
1.30332074509605
-1.3903989850546565
-0.5659436937990964
-0.5227758682653546
-0.13407598737736048
1.4261886344504964
0.5826742622359942
0.8825009861686847
-0.9662306796152305
1.4818937937895726
-2.0365800854966705
-0.3147599908615586
-0.15529999725164678
3.019513446627783
-0.4299459753336809
0.17910017165491124
0.6644528799652709
-1.1838493553741247
-0.08390628479466997
0.17445503082910185
