-44.96905521611845
-0.3362818504824169
-7.7161303083810076
12.546615708684266
0.0404723764543064
-8.250836099543672
-1.9487274577462221
-0.8164827039886267
-0.26377685054395217
0.1042570136749469
-0.14902089231502413
0.42927993858450086
0.32349413641677277
0.3750295417642983
-0.622636781111378
-0.1741215136992779
-0.48963260453106466
0.353745439342956
-0.2104184325243376
0.25376695659280135
0.08548059342091374
-0.08689090491647476
-0.10736925445031284
-0.015377972330175765
-0.018649791206339975
-0.2768972038010657
0.24204864386968228
0.266103181758081
0.07768187449665756
-0.1283757196408781
-0.2503740875521785
-0.15836310907756806
-0.2102166777762997
0.10042012767242549
0.049189796413402154
-0.05883327871299403
0.33073756170095003
-0.1970561034305618
-0.16632764943277614
-0.3087464014828071
0.2699761034618577
0.13852445132136487
0.07197190478264345
-0.16081520961701268
0.04970306690251715
-0.18048594365421453
0.10707984916858992
-0.0018234472170771815
-0.10949633151790733
-0.29696279810983256
-0.21365497496942493
0.1354768998272594
0.24538362253519785
0.12633125947832244
-0.2324013769548078
-0.02786534363281027
0.23237040191551983
0.18760359045909322
-0.15272756305761934
-0.06875094790585362
-0.26150839963005545
-0.07954484014353816
0.12553822662395334
0.0639870211376373
-0.20588509011409384
0.022199554076845346
0.03620662183680505
0.01252707848570736
0.07820836900267164
0.2935711859536011
0.1191545741866436
-0.1379183724626223
-0.18231118854500433
-0.08581413789004416
0.01041507998061196
0.27521804552675366
0.05385335809573349
-0.021587219327244098
-0.2509770431145984
-0.1634855253014842
0.002748730778176757
0.22452040396820375
0.0013369780617948565
0.2056336648502246
-0.12540897509456572
-0.2103270523690352
-0.12491770814778254
-0.20059987018364234
-0.07065745354094141
-0.11006052165365027
-0.061226528714256954
-0.2121927701509777
0.0687256594624899
0.02726435947777095
-0.024726948976873428
0.30193347342856514
0.05913914817881498
-0.0954748397111034
-0.43263197834764033
-0.11693774685144417
-0.17019242127946865
-0.23829896273522275
-0.24575039864859355
-0.10184123121701727
-0.021858685988190137
0.27844512101887253
0.23729461282584352
0.054914209343675364
-0.04385124358804941
-0.18434090828849187
0.10684989086339355
0.17134660712794625
0.11639552421450049
-0.08818285858563579
0.017618077860569105
-0.07813558563927483
0.14999056947258188
-0.30480015871590227
-0.03304605721165173
-0.2711063176719545
0.011565656089189115
0.11179522505637075
0.05330617946713208
-0.16647799124595242
-0.04181116140596874
0.05929233176885801
0.1197364770829728
0.032605831876502046
