13.355248085138012
-53.56632167133668
-21.857854324148164
7.923997591790959
2.4090564047421066
9.045032157731711
1.5137545160958021
-2.1676130242087703
0.18055784978027423
1.232500081843187
1.215611385840922
-0.06052116224786547
-3.9842857358404125
-1.2382048900441993
-2.056079591240394
-0.7063966204815039
0.7368674598477027
-3.1957235589536315
2.0805229374358665
-0.9943975560114686
0.8852573477816384
1.153608838192097
-2.372945039319198
-0.6732820767702125
-0.38327463695456665
-1.8508600576291288
0.08667846348215191
0.15024229346415108
0.17983369680678318
0.06559057355637679
0.7455160064470618
1.7696696654528643
-1.1368157604118707
-1.2698843744197266
1.369893425667266
-0.49587043213442117
-2.126091637331149
1.2043582247533136
0.8899893236565695
-0.8491771394331995
-0.8354504429527762
0.7256984704159626
-1.0513794734317572
-0.9963307932973997
-0.3686640277535999
0.03690312125528667
0.2493892933138489
-0.24390881533839132
2.3797128531351652
-0.6130167150421209
2.0384040168422333
-1.8166267322408614
4.163789283113861
1.4978775992240334
0.891531153135547
0.1855964059353299
0.14255924549250631
0.689750411023385
1.9449362237639913
-0.011798046772359537
-1.0266184579705482
1.5681812001136413
0.009644602478446618
-0.42801110571396667
0.8794394125921376
-1.3425596218468812
0.896772200230218
0.3172170830247375
0.011231769918738546
1.28926185855711
-0.5825528983367587
0.7469476534713168
0.13223778341670117
0.10059307884821261
1.9096461335663608
0.0035261291059445893
-0.048882693229521455
1.9725290625313674
-0.0860099633263115
-0.7411045832273403
1.3634688576096379
-0.5184011477651347
-2.583760018432651
-0.4994103830874145
-0.15130345671322315
-0.5424163081078901
-0.37772096334115485
0.34731883223750776
0.016077779271257045
-0.906033767429778
0.5897843079927545
1.6062244886100436
0.7375037638277082
1.2070093418409893
0.39744662621281135
-0.7262139089110238
-1.257989868514115
-0.41802429822251574
1.9542999161971124
0.24489754277548628
-0.6319872807407149
0.9007068951183838
0.7575107486220356
-0.21130909264998549
1.149954469982673
0.6198665284698515
-0.4487337735256088
-2.2427973745640393
1.0543094594463975
-0.4440484459960694
0.012774377550488731
-1.813265836869986
-0.14470415283078666
0.012746533198326478
0.29560479947892965
-0.8017118565081003
-0.2060535640403969
-0.21518295802029735
0.7835990866432535
0.7272398437580792
-0.11900244808491874
-1.3267611431701192
-0.7880449356743446
0.9774040752626016
0.8378892665752098
-0.05053433315597845
0.054752307812375334
-0.9817169529816858
