-44.64106560124942
-0.17739994173866036
-7.717921544786549
11.326595424021566
0.2649353217069712
-6.8698092924059555
-1.4349016559478613
-1.1644519335329646
-0.8723135843723402
-0.7479469937982736
0.614619928438103
-0.5488937106962268
0.1271734572354209
0.39705673959834026
-0.4953292311769224
0.6264915134334584
-1.421174080239563
-0.3937678267717313
-0.6405209498039169
-0.28497367977733706
-0.2156834215940708
-0.16085625330452452
-0.1531900265059442
0.5464444079929217
0.7965485722955058
-0.42576378983206187
0.7129200829267086
-1.0456188123626293
0.8509883476431034
-0.5018971375489378
-0.03391982454908115
-0.10791973074087301
0.2582929974868842
-0.4045057813799159
0.10122050788547834
-0.35326848744722256
0.3729049204777171
-0.4617774411301234
0.4418483841476175
0.792714502520654
-0.22891491209410852
0.39273817890482066
0.29830037536824405
-0.5307932299690954
0.7567903624227675
-0.14274414851614375
-0.3172080612303132
-0.06384440684038957
-0.4843002374478319
-0.14883781620103265
-0.6395661772832183
-0.05243097529406734
0.05466156336509636
0.49601385266556364
0.2340892145143913
0.35384407756988284
0.3721773320905267
-0.2685863202387039
-0.14565708369466474
0.3664312331997102
-0.24763538772112376
0.08767600595331371
0.12355835779535151
-0.223296459038936
0.4634258410335197
0.4671252093201072
0.43713194536355426
0.7804618859892404
-0.5897011046634492
-0.12913276556403364
-0.2392376410491376
-0.005530713645722546
0.05766586024274802
0.14749808034443673
0.9802937577320896
0.6092014370251324
-0.1874465284788934
0.23562105637318828
-0.9082342591292201
0.30150916615194595
-0.2327393603058171
-0.0032301193686027907
0.011644259908457542
-0.14857350740806866
1.223102931433415
0.7051415587823363
-0.39819867826028527
0.1785691722207044
0.0702693092467539
-0.2540400144819455
-0.6660446021606713
0.7353530853668891
0.0115935508778637
0.5309957649451351
-0.5597615478636204
-0.4144254924420197
0.8051218651433611
1.282133934882606
-0.5176247645470254
0.8300674054953876
0.5629689452989023
0.1748501309479123
0.299562674325406
0.4914228386421883
0.39021355438234084
0.22561009703189708
-0.21619289760439714
0.2692274354246829
0.1631973253118055
0.10938592359515609
0.7313898798011588
0.17793647757816702
-0.9507580000591119
0.9249788367586727
0.756008333804425
-0.037175277177113206
-0.09405034636289761
-0.49499340881696297
0.19231879179125155
0.5883898915290794
0.04971637377762209
0.7132342943489245
-0.7222436253808241
-0.7294962521021062
0.6321813499117651
0.37172699070306436
-0.6254650180112377
-0.22685061401348836
