-44.74484687050454
-0.7250890399232165
-8.123591067103213
-12.598441438203956
8.830449032482937
-0.10743638527532456
-1.7000686088764614
0.034263787221003345
-0.16660872100255308
0.13547773069309543
-0.34229532198186163
0.1329756346197844
0.0014537931592070175
0.25899409082456387
-0.5329311603029296
-0.13077553752287013
0.343480790456299
-0.27723198167965446
0.014451119273899637
-0.5078165960401891
0.7779890621865072
0.07865920206063125
-0.43680652946434256
0.18810492875026497
-0.20459671257152276
0.5740502792508501
0.09700468721236907
0.3742009235816041
0.13420738141843883
-0.14817310497683614
0.2472644818408026
0.37843709555785465
0.24560323169085202
0.14577399695891088
0.14715646093130366
-0.048702110590007855
-0.28203331093639344
-0.23949343259111527
0.37843284015281614
0.34562427565296683
-0.23468377733341006
-0.31784349214862145
-0.10769765493825209
-0.1274873560649181
0.49149712933500234
-0.13888340427157253
-0.10270545117709344
0.2993832014356996
-0.3450876441536477
-0.2700761853618009
0.19537745848606275
-0.21867170889672183
-0.3523770357974663
0.3341851856991579
0.013262019953394457
0.0906842528618034
-0.0817212241468774
0.25992449853965105
0.055246425207618584
-0.08760769938930994
0.22951648719667395
0.05882360155891131
0.3357360776191549
0.2666316750693406
0.13339209428205073
0.05560569523248787
0.08215116700850011
0.1676847461534745
-0.057184802843442226
-0.22212926448591766
-0.01625075009324027
0.18382204493881538
-0.04854114799960012
-0.10983957379607026
-0.0015366463691203341
0.21682413555946237
-0.04213556942701717
0.03859902248707672
0.0420488818746009
-0.06373742606849644
-0.05210114023553037
0.12168424958736396
0.05988282241807069
-0.04576273603615193
0.11584320986218202
0.06728098105561739
-0.12358863709992565
0.2364025370902747
-0.21377520299481356
0.027574010414204486
0.11625721818319495
-0.10002430441513384
0.12220661094260976
0.22829847862534244
-0.1341374554566255
0.1576746606672745
0.025479556274216778
0.034531020529595904
0.2111415714845353
-0.037937527158828914
0.21309911978598992
0.05473571196486238
-0.2081195809286897
0.06531841270332121
0.24011293304689335
0.14820239388973863
0.05363595472665151
-0.3861747601590934
0.11960004459611094
-0.17347049748383392
-0.2706579825076488
-0.24626293718939557
0.10042767098809129
-0.2321315108115591
0.002135396756513877
-0.009206480183270506
-0.03972692080960099
-0.23130631429059847
0.34175611486330787
0.19250883780367775
-0.26616156186942913
-0.2205693609675389
0.23701913883690773
-0.2525955788134762
-0.02657292681668993
0.012019364707121533
0.10677586055550915
0.06560482262478948
