-44.047395004833454
-1.9590759455267002
-9.721723268374332
5.7777956670124535
-6.452665722423726
5.6833521845278305
-0.15622449185719378
0.4955594017046489
0.029580555357270832
0.0023052891646182516
4.114209409311026
-3.4037869935765186
-1.1664417888983682
2.2024817136806507
2.2134605537148393
3.9587963416351077
3.0576169784919887
2.382030718181838
-1.4261322177618618
5.410034046180336
1.9411889618966398
1.2210748002630665
2.121643198994693
3.8316028964273765
4.625146749078797
2.7480940371532645
2.003194755105021
-1.6166492077897152
4.276059372291825
4.650246946059255
4.965021037861192
3.1728463885169216
-1.4638806742179846
0.04454296587716569
-0.4337558178933194
2.2952287463840504
-4.671787678900231
-2.1465058190887985
0.6196091597257256
1.7065097518242256
0.27229952630460474
2.960946546478872
-3.8832047932948726
-6.315055481630464
2.179683564937805
-1.8524557942329711
-2.1051029010242375
-5.2540249167143624
-2.97039204634827
5.329141507279785
-0.6322564385570386
-4.064629507023629
1.1716551682167466
3.314035659250479
-1.0698821272874712
-3.5056973001951404
-1.9295130558481766
0.2858907973352723
3.1111747644039864
-1.6823668371336225
-2.6624440316649975
1.7360428419167997
-3.8905285633854185
1.1076439391156971
-2.8075265164628664
-2.4548143741088313
-2.4557098608614907
0.06121587841642366
2.4001197981075215
-0.17514695796299962
-1.397863711071608
-0.996895219106887
-1.5829022599948703
-1.6702560858476794
-0.2557486733043418
0.5675788605548482
2.1722401079511924
0.5939455120500943
1.217682573823997
4.211437662965565
1.9013591019989389
0.13880721132949184
2.510063420514314
2.0765528352649136
0.2829642046219209
-0.3546569791343294
3.1297858927800015
-0.1351170589309564
-0.8742307104290482
3.031857088651489
-3.139654295460503
1.462103747237248
-0.597279569966397
-0.7470527008094838
-1.6892561292123351
4.7348361676596715
0.3868103826468525
1.4931804687505499
0.9798058685450952
-1.2354722463062568
-1.501317536866458
-1.6278052345195058
-2.3371670952330144
0.8843922259112036
-1.6087669231452206
1.037291115725846
-3.563563194248548
-0.05129306365936444
-0.6147375438092435
-1.617374487278915
-2.1874223400139567
1.5833322176895428
-2.573481422976885
-0.2590009680000502
3.6726471039503172
-2.070861002822036
-0.7117643372091802
1.013075798080975
0.7799515165386564
-0.4757504647354264
1.107207326632368
0.8282264751639856
-1.2072921660797022
-3.001462596390231
-0.39647233930577275
2.039723794717187
3.055971233644202
0.24420464658551
