57.53981906957133
-46.96660066066471
-3.170011723199731
14.647354733599997
-2.6709997071547686
7.488273470484699
1.0571658008151326
0.5091265663824617
0.5924103485569093
2.684236503411884
-0.34094739824191683
-0.7215159349424827
-4.141233675566892
-5.077870180332865
-2.978742657102291
-2.2405391412180427
-1.9958192506299925
-1.4319861569838026
2.877477761037629
1.190328790594335
1.0575123671660653
1.395107873508633
-0.8852105819210907
2.071065596558216
-0.5115135418162686
-0.5064839125235971
0.777683604189298
-0.7914900256474957
0.8479599954805302
-0.5058201581163209
-0.2857111537893859
-0.3482173733946182
-2.3649285465532772
1.170742765926215
-0.5157381252533749
0.19949436367099543
-0.33377135498273003
-0.03433819255069759
1.3982425945489618
-0.36990803729254823
0.32176400877896727
0.754957722269761
-0.5919251528356472
-0.06882441208344457
0.7204735782637919
-0.1878406589893741
-0.06950629308987691
-0.9680772638597626
0.7604550305088553
-0.6812101993574686
0.28276016711580426
-0.28769522234870737
-1.869934867462265
-0.06134708374332781
-0.12671385790303685
0.3555499133978879
-0.5016002204233564
-0.32894508799992483
0.3172161886459824
0.7610029221240612
1.7302391186552672
-0.39953055225547945
0.4663487213025418
0.652832592595775
0.35587833200545904
-0.7036463709960218
-0.6149730909826882
0.3203730403334575
0.11363713483546439
0.8704194024695753
1.3403435135675743
-0.6725667934956095
0.7980120764915543
-0.47363526539747486
0.4784561924423272
0.0593216409015976
-0.23855221370870472
-0.8536355270613554
0.06839566422565777
-0.22312540624042226
1.173800189107627
-0.20197471593856675
0.031031037966872316
0.548278177351731
0.5088306587005118
0.5628854837860884
-0.3126464722795702
0.043101118755245
0.42099653325736996
0.4119289760974712
0.5090522770116302
-1.571289965461718
-0.15617942946176291
-0.4438006733398475
0.3010991789245246
-0.18582347590425774
0.5933823979227886
0.5750140061569393
-0.07436014552143795
0.6412354117288313
0.9672109427056315
-0.27499183256392223
0.45810337785518823
0.1270665868390728
-0.9476332596002315
1.0434200463753656
0.6523841123830788
0.36521181839526096
0.11539459342090727
-0.9592466716632516
-0.2887250837347526
-0.00025451428521619524
0.4466769789819396
-0.06654438238101286
-0.48632987219036483
-0.5812817481992261
0.6850436120009842
-0.14237923206033964
0.3740295441176466
0.6275497126208652
0.630471403386714
0.4256869751717044
0.15445746812233144
0.49538328651347674
-0.24242488607165238
0.45866014381200104
0.15654918751038593
0.22970588000357844
