-40.42396118680445
-1.1222589366174553
-3.097461584060382
16.146300743955646
0.678480682866045
9.938711874762914
-0.38883395338765475
-1.5358061231700546
-0.5558716604587158
-0.10467254988820662
0.18502966707522367
-0.057806087669104673
0.004343132632883273
0.06681624383929623
-0.4312824372355392
0.3048685904763048
-0.05526592045398926
-0.2494927946670545
-0.27772277251341726
0.40224139468984216
0.038237971795709536
-0.45664826350821286
-0.006681946142619535
-0.16370542626712775
-0.05504234366064237
-0.16802981034541958
-0.16378251797002225
-0.15034565803378122
0.16266247402408962
-0.09869878099770607
0.7261580325308516
0.019132641549302887
-0.4274301521230895
-0.007121756870104037
0.35764403658479166
-0.28567477258209734
-0.23305643416262084
0.09534843176207729
-0.40936606893356003
-0.18179510335823446
0.022747765970705117
-0.2636956067931797
0.18979114996256546
0.35474624213082856
0.10137104571628618
0.28144569352742577
0.42930684592499313
-0.15038716338821195
0.24724505182767859
0.3657460460156282
0.009666380889008681
-0.21244415477569753
-0.5824669664875566
-0.02783632887484662
-0.24020901555617402
-1.3888901733937464
-0.12192316005221006
-0.18720834996075592
-0.015223921918722924
0.42607087912664676
-0.3260354327138487
-0.1026969949899753
-0.3315279750053279
0.04363845385472341
-0.24162979335148624
0.37686062376830237
-0.23982628778616108
0.17134159077102762
0.392101632840207
-0.49754674391669285
0.4980685422398104
0.6994096638238094
0.011616312874811047
0.1936800677794218
0.16844006342832618
-0.026202263599219032
0.24352367789884297
0.07619362762053261
-0.003044633354808264
-0.6615237442515227
-0.23961059355847708
0.35964464552497216
0.18645576377956796
-0.8364983862401344
-0.2899305155186318
-0.3967405970684461
-0.07783869215700275
0.23050197621397828
0.3031549497149556
-0.0866735761252131
-0.08730556096934984
0.2613860356496829
-0.6845335730370694
0.28024272799873295
-0.10819449966819328
-0.26855523634593303
0.4622258829933868
0.24971111768550602
0.46754327491721137
-0.3999236996582436
-0.7396689817302455
-0.4969872762583667
-0.4179184368718019
-0.17017351800179226
0.07789592607527693
0.15211260717217578
-0.1249979047322341
0.2988343524980118
0.16202379992038435
-0.1443318024310541
-0.21742121442297585
0.40525150640022756
-0.09381926867040886
-0.18670227106090342
-0.17438654908474024
0.014686950236024177
0.21314335514529675
-0.25922369253143823
0.06480171880407506
0.11545083139543168
0.1309017205695772
-0.02321110135593664
0.6496393456334493
-0.36781190826593063
-0.17958872938683795
0.06915776982723255
0.5500785930667754
-0.08355841230562067
