-43.00743694738751
-25.12124203141422
-19.853228891727863
-9.16629995413406
10.646894970824789
1.157960084713827
2.712579664975535
2.2259374543672514
-3.5274174898111594
-0.5597700530126066
-2.7376509364148234
-4.379542089540697
-1.522251172832862
-1.2705391547899423
1.0190526071185397
0.9546737317690176
-2.928525620824006
4.491961469790138
1.6432455781317912
-4.046776037243995
-3.3189895282204422
0.8827953931007807
-0.8621155055839246
1.6137734515680204
-1.6809345152710216
1.4769146689971162
-1.049747981120011
4.840197953813873
0.98766645262044
-1.8010480356482954
-0.9981732319601532
1.602279949083608
3.085934874583976
-0.5418830806113479
1.7881267135281391
-1.4279931654015434
-0.034484862595559274
1.8712383386254041
-1.8983090121355746
-0.022469305511741533
-0.6525991289077677
-0.41368585606860947
-0.3304209220623504
-0.09303991404344199
0.7412427494796578
2.4437532504291917
2.0241715082049607
-1.3271418415888117
-0.9931532898871902
0.6597430649784941
2.227366137498804
-0.017342423241718863
-1.278967477087053
-0.7498426759449923
1.2236070775890229
0.8406278778106905
-2.7373659705747446
1.1566657445646713
1.414806705465105
1.534887050797689
-1.2600625227499633
1.6531873644988346
2.1663192846535932
0.09895474012924876
-0.3868740130865256
0.8087596489260168
2.143431384462814
0.14626158925841848
-2.742714926447337
2.8899945109344687
-1.9831505936654872
0.8793527343986882
-0.3072308669231289
-0.35047053970779124
-2.159119855049639
1.8554415462078127
0.3397688791933247
0.4396617732586019
-1.6017900855528386
0.07186430024721348
1.568976312659417
2.9391063375372015
-0.557603534497947
0.5413210680000872
-1.5429522382758862
1.6275135575421875
1.60461303600252
1.3927711874727997
-1.2367747789827022
-0.8219278535557151
-0.009024350557900573
2.4389769173904265
2.573395685230999
-4.711759645175416
-0.1439216678851594
2.650742185704077
-3.853054102599828
-0.7332481835655988
-3.439410508911025
-0.0009577480492964086
-1.1618151950456523
-1.2514454508518666
-1.6912664668811106
0.4569415053782231
-0.04662980549130218
-0.345699414962903
1.2197291847482934
1.2697320123489826
1.4027652706025129
-1.3487819471461593
-0.06270847844156419
0.6843245399656248
1.111478296696451
1.85991607356828
-1.108313329250313
2.077372374083668
-0.9555595918086706
-0.36322971256104875
1.664134876963884
-0.4951782173346938
3.18880875735907
-2.5694795717734427
-1.4664892281232316
-2.1201367938336193
-0.014649665354180115
1.7203333933814213
-0.7409120172444388
-2.382810788801844
