-45.03739872243705
-0.27772801500899646
-7.6298215565923995
12.375536975444446
0.046955414753608704
-7.702014544832286
-1.885769714084337
-0.7242356063492656
-0.0715045399094009
0.13680326613487453
-0.3718478294010662
0.4880535511647882
0.27538713850485674
0.1839912233240479
-0.5950031862834941
-0.0623993876980328
-0.4919129628080403
0.2653124787659339
-0.4721048935524358
0.16500718210820836
-0.14465365492299165
-0.06413948319824321
-0.1941424169275886
0.04168842333586667
-0.11497182048439226
-0.5520594068441841
0.25677427468531766
0.19448065180483187
0.07527736899634714
-0.005232559899808115
-0.15761242636337816
-0.10926592913356044
-0.42436345354324767
-0.05480625632662643
0.15506297419603124
-0.338275628180579
-0.11150125761263234
0.03290046188367793
-0.22972198745542347
-0.41198919802960365
0.26445898273584556
0.05856061119128898
-0.011005111619992496
-0.13579594195292588
-0.3500952989819012
-0.41394491062021554
0.1423452243573453
-0.07264530262229693
0.06300074949786362
-0.23841015073877242
-0.18458159593510487
-0.19954691732572066
0.12518106277030314
-0.1032612226457041
0.17463257073043847
-0.19981295401328925
0.04898940810838692
0.33130411805036813
0.05090434879524418
-0.0608854973520479
-0.0781748530000004
-0.13561647550334469
0.07631635266196464
0.07919616779302047
-0.07103710604996821
-0.29828686598163573
-0.04112175007248513
-0.25074928408347624
0.49177377909717174
0.14954248946587076
-0.10439860422105952
0.22212778898820887
-0.05660988639823676
0.14719022014112404
0.007721443575156403
0.043935718901560034
0.04144488170356176
-0.002398952361224879
-0.33375461753948754
0.15151426437795965
-0.23492668435793157
-0.17133303645700632
0.4000556738446211
-0.10893736752994411
-0.2844419355125064
-0.34231016859521757
-0.00012937041374824418
-0.31988446278400257
-0.045505385279018096
-0.26434524507127816
0.1355959715828119
-0.18459114286676787
-0.016558486033988587
-0.13034744235261608
-0.24123274178774404
0.013831312652724664
-0.19324339757760456
0.13743790194995864
-0.20420631755288007
-0.15399599023184685
-0.01605405324806307
-0.21657298631550878
-0.27641884946103085
-0.1664544188647048
0.11418726724474974
0.03321268794005498
0.3553715110795478
0.017015114474717777
-0.05952155911713761
0.04607211531678218
-0.294876826502283
-0.07059318016671544
0.025638320956060695
0.3274152174802063
0.15428598452831058
0.10398965352709921
-0.3211334942716835
0.2574935940315197
0.009609962636292305
-0.34331940496312896
0.1818355206170082
0.1847535631366125
0.24137400535456663
0.10059334034877351
0.004513566839977204
0.05244979826315615
0.27341094053933973
-0.13389260367529698
