-48.29994155713799
-5.007304686821008
-9.606035407301578
9.629290487215632
1.59938355414193
-2.252555469957021
-0.2846953111357036
-0.7945367938202991
0.04870137075333772
-0.7326539763528142
2.5214520936666616
2.088073808021901
-0.9506979327758383
1.0254490292189429
1.7975765657089813
-0.6379511641877014
0.5535715323285338
0.40677067723002464
0.2187610000815067
-0.164340131120508
0.48838590404811694
-0.5095291824832191
-0.4668327467522513
-0.9018479498173876
-0.6791106498777082
-0.3956150515083415
0.2952557343332414
-0.2609588964609383
-0.2584197134069233
0.8686477579006852
-0.2915100612569741
-0.20806577081715377
0.11481572597265531
0.2933093451630041
0.05972874397779776
0.4982299691735273
0.003163451738783296
0.19931641012063997
0.1287738474016945
-0.03136765460723817
-0.400054418003664
0.3739113026059062
-0.28669736893147874
0.1197672022137534
-0.3381400620954168
-0.0010095164455865419
0.1359722364195325
-0.4100631707993016
-0.4263315913977378
0.3783578173823468
0.24951125790211875
0.11995615703446176
-0.03821910558355128
0.21272041731898472
0.33615636603743426
-0.21156074849218243
0.42150397108184
0.23655686233248735
0.2066778062787279
0.2610524122795488
-0.0127016611940097
-0.024220967379136038
-0.10065663742099915
0.042045133952886254
0.16687508558378353
0.6104496356671203
0.33563126540198696
0.4358478990142081
-0.04895558386201945
0.2282903742156805
0.42424606279004407
-0.26506149789085603
-0.0218550252381641
0.038476774882012114
-0.1496251607947122
0.05183087278732973
0.010168461243448779
-0.08572946931172985
-0.15440684259745438
0.14317257593380017
-0.13134865698457335
0.008678075769661286
-0.007694745379565717
-0.029380965251045024
0.1589443410651218
0.07532759396773814
0.01218602413751297
-0.24424682802316514
-0.026278823514217398
-0.06333502642845858
0.3014545387715277
0.20640262257376296
0.007314423190113717
-0.07529860374006273
0.18359582503083738
0.17322285101594775
0.4851062441418458
0.44855955796612595
0.39911761820662667
0.043573968506760236
-0.4097482765514362
0.11609651826969035
0.1717275927579235
-0.04153654002675332
0.3981554803911893
0.16925392531570368
0.06241678969947948
-0.2235057316025966
0.28787713526738223
0.38329648547109746
-0.2718527565971103
0.22911431521893766
-0.005154675686637411
-0.1004904450452046
0.11735192469238498
-0.13850337443496086
-0.3755860732160572
-0.25457467580535337
-0.46348149548856865
0.11090086917902077
-0.09091370548512234
-0.1311896846779993
0.03857880303619581
-0.11429830512024401
-0.18335878341870274
-0.03593895303418108
0.07295979622488337
0.17730001908666107
