56.787282598060045
30.00828486086061
-56.25591356010917
-10.08922942043395
9.329824154170527
0.1366205311246338
-5.0205710035366415
10.013087817439711
-4.07069493997776
-0.4457240585103975
1.7075302086490223
0.35276524913105495
-0.666389833955551
0.14755639997573228
2.594104431441285
1.2280845071104307
-1.237738184008279
1.0894092351310292
-0.5932846194144795
-0.9461308531586214
0.42876142674161205
0.4032629290928881
-0.06243246558270388
-1.0184770019766216
-1.4913416284116157
-0.5268384970577005
-1.7534879676938324
-1.1087761561091223
1.6239318127485853
-1.1910047406326623
-0.42335156964639314
0.43754738911116264
-0.9576647408492612
1.4142177629391441
-0.26079021761302335
1.0828359905160605
0.25786461207176165
0.41255647884721697
-1.814976078271223
0.3626205831247478
0.5743571419894626
0.00023464669552986095
-1.5346418879516321
-0.03389268278083338
-0.32193109692673516
1.0055489823999195
0.48578539351990624
0.24727045782082002
0.7713606718383428
-1.0596154524365673
0.06866141918094898
-0.33400315549432
0.12450107488471454
0.4816230108768965
-0.4593872870096143
0.47325882795020796
0.38225204976872496
-0.6593201632615555
-1.3602222545090548
-1.6735620805063218
0.5960204017003061
0.9972643246485721
1.144837230754754
1.7544197656205707
-0.4915209873461374
1.111547942628656
-0.17854929875115133
0.46328193445154053
-1.1373397498661357
0.16604053722882128
0.29561449296892456
-0.787064222465483
-0.7255516330084285
-0.031105123007387797
0.7627663998079204
0.16854929992615136
-0.6936301055483054
-0.4434913378984427
-0.26490520860540295
-0.3763341622828445
-0.41192093103419414
0.377278690273773
-0.8058885263470252
0.4536133838030631
0.16189735504358757
-1.160294789936368
0.596223183635569
0.8873604430490023
-0.748349081094406
0.5364796653163958
-0.045469318108280074
0.8997338663432506
1.1630539523463943
1.0626918273928176
0.4972389809804706
0.3807463598658783
1.2640322218719229
0.015894761679471844
1.1551078542661082
0.787810951028906
-1.1769344415721097
-0.14632113080929637
-0.8356459380784218
-1.813859942668864
0.3233388387824062
-0.6695083206835973
-0.17156745216248925
-0.7276487751322689
-0.1013444032755203
-0.09491855318671089
0.26376344398714824
0.3286284631852532
-1.2291910168999678
-0.3629530751548805
-1.2478075940495201
-0.675810631615801
0.06117905884470477
-0.007101053732730577
0.4758977117834668
0.3510822335898112
0.8985344910762103
-0.06373868311042141
-0.0403145349977147
-0.5309358443964073
1.445342232391977
-0.020821097638775744
0.2649333191378459
0.37236727554814647
