5.039730419180974
74.26722385588266
-36.40903814043399
10.142921128356726
-0.8000481549155294
5.686045810465964
0.6642086572338092
0.4325539377975075
-5.553007253058084
-9.04034124589105
1.5039267928687492
4.753104590142796
-2.531122487105034
0.4705528552977481
-0.7905654712392242
3.400088199994981
0.7553589382540142
-5.874077836661635
1.34287168532182
-1.8272045874782012
3.8897965387817295
0.24493370765567377
-3.407932194323263
-0.12435862851326629
-4.22151526314567
0.05434295232021358
0.3517553457372824
-0.7325369069653576
-2.553069542146794
1.2236239908869586
2.5170596611519986
-1.7072569761948841
1.3595113713630844
-1.5599463098864181
-1.4740677132489544
-2.160526102949044
0.8228465742865319
-1.912475964934836
-0.39047556636862174
-0.6588908504096069
0.9880189621217927
-1.7685736369066873
-4.46615048905545
1.2524834121901247
-0.8526115866228836
1.4170217870805437
-1.591432704994741
0.9015760535315475
1.0148855468895697
0.8441736304271897
-0.4610779796028798
0.1939410825908507
0.42401391538140787
-0.13142199070088514
-0.3481748979403545
2.694793903576363
-1.08828077092776
-1.5890669795029169
1.5795808676621856
-2.037945731915812
-3.567853318664286
-0.7780506357876693
-2.3682995699420943
-0.13175495049044833
4.350051735865203
-1.213041008825764
-1.3179469183645258
-3.4740898563711062
-1.5847196695460037
0.9936890382831659
3.7738232877851807
-2.880605340723011
2.787843526982133
0.999325823383713
2.14202867828649
1.5239724991430255
-1.389966203993642
1.0781455955573378
0.6786264252090972
1.6905482612133265
-1.0234394100841933
0.6853595359186349
0.4946588776870561
0.8668983720613157
2.313047113210182
0.0742077914313643
-1.717344435429891
-2.966440356172263
-1.3515614523149402
-0.8355828852771057
2.2251646919667256
-0.6796540996280691
1.5767447613330536
-0.8496641629069333
-0.6104537194273452
-1.7617862042026677
1.0010316148247465
0.3517409164386688
-0.7393256815801847
-0.9553746304332569
0.33841903016688896
1.7815948777263335
0.7458628653374038
-2.2591519418528114
0.28535342790188695
-0.6820906753702985
-2.186369916372036
-0.559947664278248
0.1173469881295232
1.087462402870052
0.16073545802738287
-0.6499259845417928
-0.24710198132752065
-0.2817890936260153
1.9230446134905546
1.741845362944192
1.7936452231526865
1.6925688880695462
-0.7536030883765652
-1.2083941703179424
1.7252505847748996
0.22649423619479808
3.06675902622596
0.6617829440644565
-2.993204343492689
-1.1793603392224954
-0.7927277260369006
-0.2165289101984584
