-40.75068820554742
-1.4165240136027648
-3.2132991913039897
15.338977723346169
-0.7261491582632716
-9.197085834184998
0.15476495823627198
-0.890126884110305
-0.20301150256426218
0.0403059923177769
-0.032973320296210286
-0.34517053327411806
0.02454263206448387
-0.2536174334838418
-0.06714356462263538
0.3817025937066193
0.4170515338352701
-0.12756664618322255
-0.1994886124881319
-0.3456334100975552
-0.177505936472923
0.3672026783086674
0.3375108210548069
0.04920992264627494
-0.13585510944248216
0.016669134025608073
-0.07319177539659204
0.14561360478337657
-0.26995578720643315
-0.006687233327628807
0.03410279159380439
0.28684021666681025
0.12423669526683966
0.1555991876668786
0.4584640208887399
0.06908516979914293
0.14356370676389607
0.2702111378304659
0.0038571187518168654
0.07150866914481632
-0.15906142738484919
-0.3322367375318155
0.3090326098511075
-0.19902095322207064
-0.03631817357867524
0.010509496571784155
0.0025496090585698655
-0.09908768754396874
-0.2488257029121779
0.09100747179461244
-0.035538407933320915
0.16803943320502865
0.17627671715986779
0.23372508886816062
-0.1853734047644736
-0.1145614724356631
-0.23406877846525317
-0.22081712516441745
-0.38871602107793124
0.11423149860157843
-0.3347345407000286
-0.4376325888708566
-0.22384398609885098
0.23459705692722727
0.2969853862912485
0.1161901451385809
0.6371426184339686
0.07791597627248611
0.10381686570753684
0.018355883783946148
-0.08090306869249683
-0.31174567056016
-0.3689380366967841
0.02394119679401204
0.1866244736893147
0.049696696487329606
0.19144767931966766
-0.36078330947703163
0.03171362761408421
-0.29132135257886593
0.5321734830876345
-0.2627719603297356
-0.052297645469705514
0.3841860920122781
0.006088085945056449
0.1320845389075592
0.2391951377420723
0.0943849974547035
-0.07598251405378693
-0.4038242848879623
0.2894054352800137
-0.026944172770466346
0.7470221576529672
-0.42613061862114454
0.07006294024770923
0.4123495444821467
-0.41282910207312384
0.09547234534323532
0.5259605926884008
0.4134461690575766
0.02863880905101795
0.23038611455999647
0.4292430243525762
0.41459088192821997
-0.9467575507134001
-0.2456712809476883
0.11334094025443173
-0.09554640201448639
0.388192561311765
0.24313294588620027
0.14187101207415723
0.07277537862091168
0.33016704814854403
-0.09078694286638089
-0.42198364974753405
0.045500201331685766
-0.5486486834344031
0.22134190492762712
-0.23584091253853567
0.626803306541399
-0.009739070662619663
-0.15645522429964223
0.01443775697047131
-0.025256888563037427
0.46410608440602735
-0.11694419147695694
0.8254166136847527
-0.3925085574527957
