45.43410562141238
-23.386170583108967
57.517807640718495
-5.389428071114427
4.713779581361473
-6.2799189303980345
2.8317974041862155
-3.0210494219084647
-3.3245377241957303
0.8920145520063887
2.822790007255855
-1.518927646519854
-1.7615855207484428
-2.5797133270047024
0.4891790446612494
2.063473977451046
-0.4144333263372705
-2.7651177911273987
-3.5172819418008463
-0.11247338917638858
2.689765230946889
3.4215581190065754
2.316989149604397
-0.597773661230493
-0.34349040674134107
4.105721541969501
-0.9868967281496224
1.0858552143356288
-0.8454864442256382
4.13019859737966
-0.8220679440886407
1.1690848001290084
-0.7713037004914425
-1.5472497052185057
0.13648783918989682
4.83780031968325
1.2715361760332466
1.7748054537629043
-4.284204073171803
2.720353931019809
-1.1782715456036075
-0.15396113894267577
-0.26765966016630266
0.8112171680564514
0.5075276225711618
0.5753029429331793
0.7516698084304207
-0.15720755577246098
2.4219398660342106
1.104575537074268
-0.9440482539096025
-1.5441769720649967
-0.49301886041544013
0.7828281603672014
1.5813709473754554
-1.8009675894219563
2.5997041836352093
-2.8268978023963314
-2.2558663163340604
-1.3468304941951172
1.7966267564157643
1.470047535549438
-1.4880065998320868
1.126159856347936
0.46866696638899685
1.79632524975293
-0.2615629561859037
3.134965616021088
0.10735544961239611
2.431134615437528
0.3741624699131334
-0.9402877035539924
2.2541415371145583
2.3623519607290184
0.5641350299106647
0.715821990201745
-1.4455516876341412
1.7017766951016258
-1.4516513449162367
-1.3455203670055607
1.592554795347042
-2.9882993638774247
-4.374161306174399
-0.22049170859765296
-1.6088168689744509
3.452595543036296
-2.527958004280955
0.14471714302637276
3.6674449916101963
-2.3942358721580406
1.0916724070700123
0.43036316316383383
-0.3159775777814666
0.5451416799963342
-2.3524004038205018
0.018734080371785956
2.202930981122934
-0.696521607280414
-0.9581445025740404
1.136238708890678
-2.550313763897637
0.71303425634936
-3.2283091936599138
-1.980016412121846
1.02355211090937
-0.9890551310289566
1.523078643400769
3.3470467029094366
-0.6250540421367694
-2.056997746294425
1.0156685283079798
0.4255226962732252
0.7522015010407527
0.4662973852438794
2.1606930393037644
1.9117449949786116
-0.8141268587435484
-3.2270333857274833
-0.09778461420363219
-2.15332394306445
-0.2748471114548655
2.1253263650079766
3.214914682684952
0.09677358141689865
0.4656957617504328
-1.4455200483457824
0.8046351043132569
2.17444260264001
