15.76065246363443
-54.08830814688705
-22.504024753946393
-10.941078429331872
12.460791660676316
-1.6373048113698279
-1.993099646185723
-0.7672378534110477
0.44586868428507775
-0.35842918254811257
0.30301770782284787
-0.34140081713890236
0.46682469924430203
0.4019993737067812
0.10385171300844434
0.04206717519301826
0.22802055576582625
-0.3493500907710301
0.08629871443861967
0.06747874728197173
-0.5973421026742513
-0.7131786617035486
0.02375984311144485
0.05605740531923541
0.6312422415112026
0.04386808420139564
0.009744982109450198
-0.3071494282361683
-0.05754032449148181
-0.03693775634617763
0.1744832301011496
0.5302763462300908
-0.06706076375186369
0.079484534939032
-0.20612624112937858
0.18299336639586755
-0.0627907890552233
0.289457645052825
0.11661253184971361
0.34030817091381765
-0.21887838098811266
-0.21935261867860703
-0.014342203566384541
0.1429759387768515
-0.14272116764321424
-0.1547177862056398
-0.5659895658864869
0.2976035188277024
-0.357592968901452
-0.47693752622412544
-0.22930030213639896
-0.07980595695850984
-0.13922750861262526
0.019788190618265172
-0.29910932605758367
-0.0015054838524551535
-0.1811341099641075
0.01767053263523083
-0.05976000753517682
0.03982721342533247
0.04312748188657428
-0.07657923008787335
0.037471780542153305
-0.24379007669286498
-0.3646525912459688
-0.021207379096382695
-0.14265184213844057
-0.23390628896787793
0.18663807215698391
0.1270505542902969
-0.4074818280914469
0.02051397180345013
-0.15881563079181912
0.5168261092531382
-0.2794462366592483
-0.2678087515632276
-0.23534479846988454
0.07662787990957592
0.17555446358788035
0.05126869010929248
-0.42319807139063914
0.059216798438559176
-0.001782923726300175
0.24087466776240796
0.09374232105869434
-0.23965015175558307
0.258876461304716
0.31383942954524147
0.37331103104155083
-0.1028668626102256
0.010019759814957768
-0.18358966076384578
-0.09906301686998883
-0.14631388349950136
-0.0862216407568848
-0.19751062886302992
0.17953469908820846
-0.3234790095990316
-0.12563681712133615
-0.2433131096222092
-0.047544411011908455
-0.5579726324992047
-0.1603161241688361
-0.1871859959053342
-0.3876298465020859
0.17758603399117912
0.06840574651216741
-0.15453290928000374
0.053646618407592515
0.16667525738167935
0.27022704826353483
0.015432295450151554
-0.040047320516003404
0.48319120640565205
0.47038170059758505
0.0814662769301501
0.27757575241077914
0.2656771393631967
0.12814796844394588
-0.13302270782870917
-0.024586521232192314
0.020446774785648436
0.019726987234724578
0.02636985422786306
-0.029501522899159097
0.25660818328620966
0.12286181731145945
-0.10427325425837038
