-46.40133832641084
-0.22606500884520844
42.23456111644061
8.86609183962733
5.309773169532737
-0.38684988992493063
0.11656851668788765
9.40030093095452
-5.97689158215236
-0.9576563842098357
-2.025183828862194
-4.093789175241592
-3.1851891213703802
-1.6230313757872197
4.762698565945582
2.6625407849767444
-2.2203539357319175
5.259704572195403
-2.9619377963233657
-1.2886102928130265
-0.8732037348676331
-5.7087894090438125
-1.8670975663659903
-0.572747175024371
-2.127931685613712
1.4258857456821883
1.1572558206588377
-0.6858224370816263
-0.017408682319665192
3.1718126972988463
-1.972918785384942
2.636892960851592
-1.3132658208576324
-2.6781876565096874
-1.0467543319176258
-0.5821546181467572
2.347007105039821
2.465118679975778
0.4997942088214267
0.10739038948355784
-4.183856704621507
0.7588029665920164
-1.8603985325257113
1.8255933290373356
0.12140742251148881
5.069007747392583
0.16675959533138796
2.532667550675557
3.6268198164299736
-1.2291465138401867
-5.500969485317533
1.212642979339071
0.4934277107545698
4.091844644213981
-0.7972217709878832
-0.8338179573499297
0.8800832752132404
0.7315039795165658
-2.364705638516091
-1.835515031493804
3.371052345450593
-1.4766270254516864
-0.13071594249108148
1.0556088954025875
0.49956546070314406
-0.026832605439654114
3.7923316003840117
1.931463191728501
0.7068464398200025
1.518258480528453
0.553385222799095
-3.7097998492951505
1.936219005027677
-0.66917481785092
-1.2194363955311676
-1.0019140117244236
-0.5941402341894721
0.9350298929249427
4.49588022229126
0.20922474565971533
-0.9507527501132025
2.022089366791494
1.503268264238988
-1.1477136784473467
4.2817806722251275
-0.5139123676677583
2.777989268504736
1.3401247175481297
1.1070167054967666
-3.0103020721374634
0.5361266327829557
-0.4364658988886482
-0.9175062276244816
-1.7315785411470526
2.4264393022018282
1.0527709054547632
1.6721086084316956
-1.6674239940644495
-0.5632377266525703
2.5115863731111023
-0.47786656737621147
-1.0574374580099937
1.230038283883478
0.6618457048904476
-1.741301506817705
-0.2873941332105948
0.4268798789001656
0.7293504506403271
2.445577026871767
-0.608152231295278
0.07866399358836709
-0.22398004719959314
0.9778204752571037
2.6322042142276625
-0.32463583441583216
-2.0147137509050745
1.2192423842761595
1.145315101498815
-2.11269833623861
0.9074626436548044
1.0386010181286967
-0.5065551883367575
-1.0860474898187265
-1.6531877414976677
-2.1665841001829764
2.309772133209547
-0.20458123169454526
-0.8791711849416133
