16.11914093277192
-54.44195203551065
-22.12512039711654
-13.20675506387758
-7.466072608868678
1.0636813690730442
-1.0448181055312924
-0.8600855474421822
0.030532852082010183
-0.22757477013165694
0.6259595707948987
-0.025582909533103715
-0.47711925183499704
0.05589453052332731
-0.008170693259137954
0.31010627357078524
0.0906654691192769
-0.41233868653990663
0.0638126694490801
-0.18570646009215203
-0.439067540139351
-0.09619812866894867
0.30451586396371866
-0.549936973581708
0.6793717615078665
0.006839838693130304
-0.15205231106783454
-0.08493260757849823
0.12791174884807843
0.41349701930238325
0.12594206341611813
0.19784450728849448
-0.16483800156895645
0.021396481680573266
0.007041825284927167
0.3788441685396571
0.23142201896755266
0.3599140531548446
0.11342796683031654
0.14233563298981453
-0.15735864114591055
-0.13624851129917998
-0.14683099494887475
-0.15548483130875074
-0.10051830522853818
0.051509205435436974
-0.26473226868857236
0.00369505883411389
0.07904462383917571
0.16807446505650456
-0.03585833041653533
0.10377679392763475
-0.06541190409146193
0.04124124883201624
-0.2512979272101448
-0.4862395906295567
0.16655902648624268
0.2822624430559473
0.022074768942081296
0.35097233231121183
0.15444733162615296
-0.11318015346091288
-0.05718884357224954
-0.10366116552910135
0.16411551978256345
0.036756686577435964
-0.5736263709050073
-0.4696395224692026
0.3344589664074109
-0.13832152031102093
0.27615921159655515
-0.07821239263933745
0.039116539350522776
-0.12319626151300325
-0.1825904297220004
-0.2652457184858002
-0.04096646869589629
0.12175988093880365
-0.3524107500911704
-0.24275296058527274
0.11550852935080311
-0.24160106420436023
-0.11471482499038156
0.1622851116544034
0.05212844744964124
-0.032201881936215274
-0.040074670552246484
0.05315688642968466
0.24803210720011978
0.10170975724480344
0.1256634469329353
0.23092783337697922
0.06048843026152596
-0.045410549733763406
0.30812806858995256
-0.09751980101417149
0.040796474467631794
-0.3735055561403142
-0.2862931422033933
-0.1973367421380494
0.2509928977555008
0.09202152974956287
0.17417500978922976
-0.057864471334767735
0.0160857467446736
-0.13119495826184838
-0.2924819425272451
-0.34123050449006376
-0.06579622616489764
0.0987052085497537
-0.1353125951146529
0.01187653521518875
0.04430086216440488
-0.1584659735756262
-0.09178388995464332
0.009012672255540963
-0.23011047144793612
0.008729690805179538
-0.005150790782158771
0.11778689289170867
0.10242654792929484
0.08081446889015562
-0.271170953493931
0.10159080940519293
0.11603399217644284
-0.20679131053995264
0.1283218202807221
0.11233500708405494
