-23.582640020778328
1.4992056173011874
56.080922889878345
-9.6610039735297
7.726773726227106
-0.04493046142757878
5.055021193471888
1.6824083670324201
2.0051846949384347
-1.5886509984158694
-4.972140116672563
5.371737231861272
1.0483547929081678
-6.638575421808577
2.786245793053623
-1.109285665460635
-1.4134541819075306
-0.006591362820678348
-0.3373676461848246
2.2880934431705717
-2.483259425859856
-0.6258305091828041
6.772341522717158
-2.32570784831006
-1.3333176469850623
-2.983793095811274
-2.7371837547093825
-0.8224136198664787
4.197646337953973
1.4062205549291678
-1.3301304831990273
-1.5764447316632935
0.20515747204296209
-2.023641730305036
3.116429699257278
-1.7120740707950057
1.7039109232294467
-1.2950816618522507
-0.8281306486153701
-1.1136945536227887
0.06874229637307652
-1.2783898708988564
0.5050384410798597
0.4409563360040307
0.27068912610936036
-2.557892337682825
0.732357142749691
1.9497962046756439
-2.6139232498788743
-2.843264048922683
-0.9477897013327385
-1.9200060798888967
3.4361306874750337
-2.0838987778116613
3.0473503292360293
-1.6872845925198467
-0.16004788885058274
-0.23234166834168735
-0.06574839560047746
-1.1863353839565978
1.2325955697530375
0.532731388531274
2.8602421695603417
-2.4559195809881054
-0.16425298798179444
-1.6204800742090124
-1.5849005619230419
-2.0994556197487504
0.5771317396913933
-1.7965358938195684
-0.9595691686989553
1.318835418795551
0.5511244238988809
-3.333742575206905
-1.37769391827204
-0.3121518237619345
-2.9270392642024605
0.619470299621661
-1.9498961827872259
0.7265157265256831
-1.7976072497901814
0.3880843213260569
-0.8005896282111074
-1.9024982791989042
-2.0037016914560923
1.6360455311879925
0.9354979928940789
0.5573195988909342
-0.31912141767711727
1.536616384736452
-3.077149576491597
0.7712504731989955
0.6220889659184897
-1.6021287996557612
-0.5582637823590418
-0.3902970303918009
0.999542334661449
-1.3126810576941328
0.00466983779492466
0.506132717856168
-2.0510537913567903
2.935288856237551
1.814030264959136
1.7036552930327589
-0.20232112042848785
1.809502300344175
3.3761120634367074
-1.010041344475721
-3.5485191305653583
-1.8535178314718286
2.4250183447523384
-0.4121751629099474
-1.1820882410210798
-2.484093386093573
1.843549928139367
0.5897613928250212
4.696313682304682
1.8902668031183545
0.6516556827086578
1.149821074926535
-2.5934137215581203
-1.3161329818542868
0.3738422962828126
0.030753383305463317
1.1146953990604214
-0.642586962736995
-2.7576613577798326
0.12182586463818675
