-44.506655521413045
-24.804003713575177
-19.36008498160555
3.3126804656023863
10.918717639605577
1.939569955617753
2.7909164045523287
-0.3235425757503288
1.1865254543359447
0.994054790637056
3.4650146205108068
-2.787419547068811
-0.008242643927007704
1.795504981869403
-0.5863389891596056
-0.11276002106085686
2.3864930445890913
1.7427339700217228
0.898413110420603
-0.04571506753256607
-0.6517501242684407
-0.8586947076269201
-0.4182368795338235
1.5584061247856424
0.7568223672224637
-1.5701269672504867
-1.775027693554527
0.12381344469545669
0.21860082483374343
-0.4933479201665053
0.0460194499101281
3.2528833094375966
-1.6741261179536004
-0.26171101588396767
0.2237077419356141
-0.45975537049840265
2.674218419748109
-1.513232449685192
-3.1526339801640892
2.1449096559377367
0.35910504865007187
-0.9707271519310884
-1.9867516817161743
2.442599347257238
-2.086127556720773
-0.07686367879094222
1.1096125842098548
1.3419550838800052
-0.5671896246575379
0.2930866970933757
-1.3519978662510945
-0.6425003891570008
-0.8870802809899323
-0.08534966189963127
-1.6105686641014088
3.6941707629534575
0.0751406133205518
-1.4266789990966287
2.462049495726721
-0.05625981196149563
0.5208845037755367
-0.5160988364910009
-2.30401804489236
0.17915794558108206
0.9699488887195786
-0.45751692207536926
-0.9256763390288937
-1.4464430522578624
2.0718196081554257
1.146463550947178
1.5628035877454123
1.2890320832900901
-0.36731437428944846
2.2683545906829172
0.7002254549152458
0.8535915234706212
-0.4385250926591003
2.3049927682091513
-1.6974632764087252
-0.5586885559280763
-0.6890108114734254
-1.949062708872235
-0.1722928536393455
-0.4836377125587673
0.34799809652806196
-1.099073082791647
1.2840939499278665
1.2374932247182462
-0.5045991834496959
1.8095851174933193
2.6620429835586017
-0.2115538865156265
2.3974737693551806
-1.7578631262629385
-0.5722852132619005
-1.857386384527609
1.280892076230524
-0.3834445856175003
1.911224291053223
-0.6433862774056653
3.4369099396070353
-0.10399595177261092
0.9061312745237917
-0.13329154058536652
0.035660260915374324
-1.136971955946048
1.0480816360588845
1.3109190502029064
0.8044913507828981
-1.6698978990236968
1.071088039669946
-1.0096744100624706
0.7539610231700685
-1.4114132615640744
-0.30345710181024793
0.1354188789114479
-3.0711989348578266
1.507970550636694
1.5620039478969079
2.4350001301826154
-0.425387717954685
0.361183544617669
2.1527225107544004
-1.7170790564617902
-0.9293120143075027
-0.578933059743467
1.0890898765733907
-0.9383279631547949
