-47.57506113429393
-27.92514603221935
-19.979253207631356
6.968265618599772
-1.2235245879207153
3.408189648211296
-0.7951383386718565
-0.11271175854609108
0.6268501582682799
0.2155361216847042
-1.3681775208687514
2.3868390449874433
0.23739757695889258
0.3072291828463626
-0.6438087038710157
0.8819704411409014
0.2039276468017775
0.39593879610400773
1.5065332207346138
-0.08872072884503644
1.5984322065299954
-0.11962164005197246
0.03209840638655177
-0.4679603340227302
0.0627898654269057
0.8894118023805051
0.15163774803476615
0.23237195193861884
-0.5047796549350698
0.09883048763865623
0.0402040572537839
0.4025647429216983
-0.30313599691440424
0.582082187463234
0.13250631503362964
0.16688987826621968
-0.16602939049055843
-0.6004776768968976
-0.23775076118684607
-0.030586881749520622
-0.3731594857539176
-0.26804240190511835
-0.16886809987584525
0.19250779150372188
-0.08943031216179914
0.0015642737271166357
0.6249842244379273
-0.2551979645937995
-0.024146342024824657
-0.05226172854455477
0.604790890795388
-0.034579520277490006
-0.008171428143227216
0.057584004207572696
0.19711447145104827
-0.192710179062013
0.09297915666695042
0.14606941779570765
0.13903087448630153
0.4643335022378675
-0.37984662614974324
-0.09668743678478608
-0.38137252939569055
0.1341267650625877
-0.5490690023568958
-0.00405899272135124
0.23893496743089107
0.06370072228318843
-0.3609965425063002
0.4145933055879393
0.06778245165583864
0.04128067352725083
-0.1223050214421019
-0.048620180467294424
0.2565861054439672
0.3681039418480363
0.28310843573953703
-0.13313810771170553
-0.22816851750556766
-0.18806567876288405
0.15563174421762113
0.008325660502082104
-0.10069994240249297
-0.24439012962162804
-0.5059087789542936
0.2758439473043803
-0.49833447522428365
-0.09986027991859799
-0.15415541340772296
0.15174568364072
-0.09341877575502194
0.2879769446596372
-0.06747666148482628
0.027381757125237077
-0.2833594128605853
0.17717096976475696
0.13969931405095073
0.015963081449762717
-0.10104010974684269
-0.04881722224898566
-0.031902759365008984
0.03962287978134717
-0.1703194713156095
-0.32601965758931173
-0.31558799822145006
-0.348315809746662
-0.0009357378063664934
0.4010064639704852
0.3991265076211875
-0.2030248260531574
0.34203895280903057
0.08833385579754283
0.27852919937819276
0.15498726802338864
0.3795320187170957
0.08115702850807847
-0.10727161325006433
-0.3111734301840995
0.04085115716324805
0.07771719957684856
0.16805682730427524
0.34838400636176925
0.10551230622364338
0.2048406084316996
-0.1358370620451566
-0.15818014965748034
-0.15522901577125697
0.1777723964487784
