47.25986714954619
-62.824600199734085
39.862558203160084
-8.7354841726944
6.570786078245863
1.024212531710739
1.3464086804764481
-6.316017894262317
4.614182806705886
0.6006293808828171
-2.8199664771687845
1.0749312459750853
-0.756089560473846
-1.043167684891248
0.3050192256912776
-2.4363885157356617
-1.7544214410239043
-2.5274974103779306
-2.3567460740774306
0.6833676046378254
-1.5807561931923886
0.057762791381539946
-1.6350022599237506
1.6909728939280404
-0.14680007411697205
-0.8393290476260712
0.3512205641772792
-2.684636596887321
-1.5672071781854493
1.2521065046937663
0.7644537996986404
-0.5343180372274668
0.24845058801953557
-0.511003571492569
1.0390401337906852
-0.2356154468162774
-0.11675127556894457
-0.8532008482897201
-1.1051272348177468
1.1758818324129703
0.6089832214370502
-0.00131642947325325
1.3648609819422763
0.4473386838061787
-0.1237827594555906
-2.764103435754611
-0.8563009373670516
1.1389777095945521
1.3211471106152222
-0.9563472155829256
0.4003367387107387
1.1963329067782502
0.9895286749961137
-1.1290531706564797
-0.5005198428012801
1.1084267400354
2.5619661764502673
-1.3962949490231564
-0.7238211377948779
-0.8223196559242547
-0.8822638660064938
-1.6687234025942876
-0.05417634547322341
0.15625550680117764
-1.241350298276879
-0.5207681112199687
-0.4692344136995287
2.156309434272286
1.628360758585364
-0.30936059951651795
-0.7645676701455042
0.9968301800384682
0.610866095591359
-1.6308973807257148
-0.4286238180556644
0.8296537669338342
1.142695099060802
-1.7422015921031957
1.8516372871966966
-0.4584866028172397
-0.6227412507666172
0.9254830198578402
0.7470999327418653
0.1986787153437282
0.0234292044930621
0.02490993151871569
1.6497695968597001
1.0928551749615412
3.4741018998575264
-2.4997003601243644
-0.34310367071441594
0.3738575615969268
-2.1512623122527645
0.9012017355058102
1.3320681876849443
-0.5686963904443187
1.3025867527431294
0.26674964798273776
0.056468138589200426
0.10475015781601503
-3.1392274407674456
0.58833726288315
1.7573967797298509
-1.088109395568349
-0.35265963177149257
2.236893186262884
0.3856506977753818
0.2836057454279074
-1.7352176940760398
1.013186637543696
-1.4510739658271412
-0.10022001465047224
-0.18747165372387245
-1.1653740251308156
1.405797167185292
-0.06370529698024012
-1.0207648106263414
0.11966771133137885
-1.371861304634855
-0.7133723588177903
-0.39729298188709034
-0.7099086022878217
-1.7547336602123818
0.802653457254041
-0.7788931764964959
-0.41207635629771183
0.7116936413383034
1.5159905926296346
