5.247541766603554
73.8054043378274
-38.038072541717796
-5.270238515295812
-2.2201637704905206
2.6310473009506588
3.8095067675016394
4.331122573164065
-1.1683385585435742
-2.4328587463662315
4.022312068407801
-0.6486196326755369
3.51862818668947
-0.7491840086339769
0.600365815724707
-2.068518354872474
-4.565348744656939
-1.4467361348394998
0.05118492520148926
0.5499629035240026
-0.32927817240721946
0.9451093694565373
0.10060759872819142
-4.405925985092195
4.425697758484345
0.5864404002549668
2.6379481940867837
-1.8658588451074114
2.5815401421619515
5.189324558040486
3.7878566410391397
-1.6529032362462917
1.3688863652274266
4.246898457423513
2.2895660352439795
-1.9335952014734519
0.8798528664780231
3.0244724457307823
-6.3504836698768
3.8694716894479844
-1.44132823156716
3.382507880887897
0.6508183155890915
-2.1624764741822027
0.8135883536292626
4.835295849877824
0.5835847006124386
2.4863120452778738
0.7538215942981346
-0.33486886106704333
-5.1409834539354975
0.011819110140860095
2.1125685131364413
-0.5810511738816341
-0.24944538717456785
1.0475036044136525
-4.073861856520147
-0.7840520723313038
-2.9900214093897306
-2.4426165046350703
-0.8115063377366718
-4.776989459446034
1.4244395860838752
2.228116484620338
-2.7995912116358
-2.555495596543455
4.15093791335609
0.020698230781202732
-0.20950629046986363
3.5083989196058014
-2.5494893662337326
-2.2987709168581594
1.324011700585734
-0.2658111813184201
1.2294465293651309
-3.7597215076080586
0.7288600141562055
4.078710545666702
1.1182825594971213
2.044130532151828
1.1744401938419373
1.87519285373837
3.7079355223882717
-0.9344197112734111
-3.771206126862058
-1.264025002376819
0.5249315694526415
-0.35045550325644526
-0.06407930722238704
1.8006658380196654
1.7394976460119471
1.8078075764753168
0.8517341627622232
-1.2501960557551697
-0.7435214157774963
-0.18934504432152838
2.004656412606075
-3.75061649346843
2.7514635085620673
-1.488999149708446
0.9624725766382732
-0.18847644765794108
1.3573313729321845
-1.743948629287273
-0.41955457284498915
0.5870376561749927
-0.8825821361521187
0.6332481168892983
0.7894677318159791
-1.5353414198329036
-4.663378401593805
0.06064085570740854
-2.031154496190853
0.40445008065538235
-0.45820120592552716
0.09575048739515933
3.8977097120758333
1.0437953904971216
-1.6720918564268488
2.007316743200298
1.7959524364804493
-3.1707392282671543
0.670762623170692
-1.360959285028795
-0.8824942956538187
-3.4897061750908582
-0.26809424667455084
1.827468892963611
