-40.56891128056986
-1.3803457673198916
-3.2322129422107855
15.604592388929792
0.5927305441124313
9.590785608550904
-0.2623706451073304
-1.4829075814228911
-0.21583231191422947
-0.34884588552958606
0.04590229784440475
0.11690228474980963
-0.1652788125515121
0.44641907678913684
0.2956771628302204
0.7833393560460534
0.03570333737057518
-0.9389961696691029
0.0786398036372351
0.20042192743804246
-0.42041343521754043
0.3113899698230476
0.27067524248078695
-0.11800833298863239
0.16278805030791485
-0.010090501216599004
0.08461736404844347
-0.06406667496146909
0.1056407470544753
-0.511956367415267
-0.103677721016652
0.06341509351560498
0.4499151994206414
-0.14959870116179397
-0.8813918259547499
0.8270820382715475
-0.29447044456453975
-0.07576984430328537
0.06953431844722885
-0.01867952286034877
-0.005399830496947679
-0.19032288780168202
0.024435332297927964
0.17499241291567919
0.5114435177203314
-0.264518615107506
-0.3139480531458102
0.21642983870752802
-0.11120611557733781
-0.6609070832672527
-0.4365425023572885
-0.19934309661121824
0.9019059187337455
-0.3120244957960055
0.008306971141730669
1.3419337912094127
-0.10829777636309106
0.5447567282436221
0.29524299700134843
-0.7693231421650354
0.012265069178361662
0.3345158916285868
-0.059241069213077736
-0.5507535780081233
-0.3845078920220514
0.02148603415493308
0.4017507014702702
-0.46700999863654646
-0.6160500878893569
0.17411076694841474
-0.5241766667818473
-0.526497948193259
-0.19584035991804297
-0.2567952881057759
0.2675356572003656
-0.2758809441922122
-0.3349031289961162
0.06836700187397166
-0.0618483347669502
0.583713998764237
-0.04794129206770929
0.17030008894270549
-0.2958783049343059
0.8301243084177767
-0.0019301568793276287
-0.11340128664109103
0.18768601231395673
-0.4776419435380766
0.21946279997665752
0.2875512598304324
0.016583723584686447
-0.044861868828364605
0.2416181420112118
-0.10201964081330891
-0.24128776194572416
-0.0012184253773108583
-0.20253149834590117
-0.35277360274394387
-0.37588499146510673
0.2301472924987393
0.3045100155113846
0.22800745633711086
0.345223392368571
0.25511181666389676
-0.023149712531078292
0.010476065860901319
0.30896668798923366
0.11219622465593326
-0.06687075742890528
0.2663051977122689
-0.08777166886808124
-0.35066578359330036
-0.012960367246260138
-0.20803989525888691
0.07679656597653187
0.051338157594412175
0.2546423092079976
-0.21506168024135738
0.21683415790526306
0.23703969565848934
-0.1494618015316312
0.10513199201239912
-0.2718409089003857
0.33538758041875505
-0.08012903290769682
0.06354010349549083
-0.12859172192877685
-0.16183827423928454
