57.88842295852945
-54.50390338586899
44.510078514203656
-13.765372529911962
10.099504318910375
0.6424025208673318
1.5929152718951456
0.28276587074726156
-3.714443614008827
-1.5327022281045064
1.608968048964885
-1.6834966611928626
3.078630966238634
-0.8374650699863376
2.1696859814148612
-0.9677954292768975
-0.13993039137004537
-1.4999570860827134
-4.4773764064423816
1.308483863223866
-0.4629765196922358
2.7570836392279285
-0.4305974456315981
-0.4158388156142738
-1.3959252649731124
1.429837127815015
-0.7190172113551051
1.1421694885093918
1.6395900991741028
1.9547098074472604
2.452751530299925
-1.0329265695992607
0.36795977801282076
2.3803190598827215
0.6529234441570944
0.23752068480695301
-1.5680113368267456
-2.2007611069933426
0.3353312150692015
-1.1603585738486564
-2.627135209570831
0.3250280953986337
0.687796197642472
0.5045374332606527
-0.5548538842066495
1.9404708320626483
-3.6416751183882288
-2.2592990669286097
0.8847170645205338
-1.2938241072209633
-0.05806026484524279
2.8925308921106243
-0.5713857272157243
-0.1338992194833461
0.5330384575599544
-0.7650271781446679
1.2226906336120078
-0.31663140621061453
-0.6917388155376973
0.17491158834940101
0.7999929462158333
2.603137333498484
-2.2840986833195296
-0.6514958428846161
-0.6799124009070325
-0.047511464368079445
-1.5323977251732392
0.9505036587144505
1.7850216352285089
2.927983493432933
-3.229937104123148
0.6390325537837452
3.5692073144457233
1.644012043999459
1.3217423766375687
0.13612100138482858
-1.4826630932776572
1.48701717475717
-2.080277012882754
0.2640353974267799
-0.7216204004160753
2.6642238467445356
-1.4249558543781526
-0.06665492226649875
-3.0113796116706
2.723232483273962
0.452904140299686
-0.3102011512738578
0.0896633172465306
-1.7029842355085865
4.992514637563536
-2.921433923054885
-1.9963904893810176
-0.8737914511632104
-1.7789448667211698
1.3930922026507946
0.06562270818930341
-0.8526800769410721
1.3896963772608486
-1.6795101833527852
0.8278677938465091
-2.3093995087056727
2.1286141897075326
-1.9724555370418166
0.6878336970989531
-0.017530744615800647
-0.5625317944531179
0.08356746299387963
0.9913873486567534
1.6800053577618004
0.7932687199722487
0.9670701989026714
2.3521582842306517
1.1304392853769754
1.0052842648391298
0.6253497197375889
1.2109235819321325
0.10478200531089171
-0.1421901233244374
-2.1372055716135123
1.1843871058488422
1.7907729666665972
-0.3243350301530865
0.33429890743244733
1.589779379889755
-2.2712846635121844
0.38595053164308724
-0.213799272389625
