4.177259201994671
74.14704642155337
-41.176425043156165
-12.413944449781905
6.6570628015060285
-2.9263764885823083
1.0370266633954681
-0.7514148750015145
0.2939329348767305
1.4083449399786283
-2.9906837742478016
1.6393990947194883
1.8257594493426244
5.950831093032162
-0.2644071526225121
4.435585359397657
2.225110582622616
-0.23620685778795186
-1.781739135869882
-1.0839455642559408
0.9442045609744892
1.3605425830400792
3.220759452267613
-1.4933403523152313
1.2566704971525287
3.8742803203088987
-3.675076066882233
-1.8041471517107674
0.8913167722769367
-0.5641190755120572
2.1882738893120925
-0.7675813544274316
-0.9513584972406492
-0.12133166083148955
0.12496296531919612
-2.0167725567881787
0.6487516879470694
-1.1201579766208158
-1.6044602228726634
-1.0744217129035176
0.9955804655354419
0.6149363722687492
-0.03289586242595913
1.7574236674086685
0.1348835233889633
2.2956054198870603
2.0588937405207073
-1.0854272410558896
1.882281666006013
1.7427954162843289
-0.24441190471696173
-0.011442811251456991
0.4411879123268852
0.36273040133208123
-0.24497600647937173
-0.15387443902011214
1.6807094840599135
-0.5415526537545997
-0.5807377970567462
0.01683498220926384
-0.2350123235067178
0.505586913733681
-0.9977620610312838
-1.0029792597337908
-0.28362170540043674
2.0117378675123656
-2.0622426590607317
-0.37812580816890334
0.6094780338458341
-0.7341181889143986
-2.0765701365924927
0.6870791638693038
1.2214468797386422
-0.3787784572083659
0.7509754419596182
-1.7533424581370547
0.4507321742454833
0.33492319312034396
-0.5341001355677212
0.37664905163081386
0.4568833828395444
0.30655790136710015
-0.09444385776683939
0.10921252235313125
-1.0237896817077277
0.4448115511695896
0.706652379852734
0.33344788756766486
-1.1471937487883235
0.7577246889603075
-0.1173698836258023
-1.1598075672580332
0.42794687811396204
0.3340299728289048
0.04749652700314472
-0.6514020407357094
-1.1471455465446534
-0.5226359517204276
-1.01449046632926
-0.08869330783416615
1.419045653593779
-0.33452694072300543
0.018656252163070153
0.440546951058659
0.017002567756929515
-0.5205735415462946
0.14894606535862134
1.3456644346068236
0.2719494816471879
0.6100041001166763
0.6204453007546924
0.1952268634676831
-0.6666379273889278
-0.2950825476260541
-1.6784962597682145
0.07656357319245582
0.6128513178056696
1.2084602685701544
1.1216458341839086
-0.6082832138235207
-0.21601730441166755
-0.002355120806791622
-0.2879190130106495
-0.633737152597086
0.4479706037670817
-0.03381623929953621
-1.0892293750867907
0.924152682601718
