-68.42173529871278
-1.7434191874576757
-5.601009898155532
3.694080082768698
-0.9092309996020281
-5.401157690230346
7.517739205194086
4.366514704778833
-0.8974528919736322
2.7352090363849295
1.9349277485839242
-2.261454326547377
-1.627098104225662
-1.9476887195960768
-1.7222597567407025
-1.3484187089557933
-2.4804235095899685
0.1001811754663853
4.772069163855261
-0.47676932314759635
1.0487201114669984
4.1529953800841035
-1.2976196950559298
0.5471180598866361
0.3668791977175644
2.8776105948708395
1.548973862004273
1.9700800993341474
2.7439745398334083
0.7389442785170267
-0.21941689649984134
4.403215960745987
-3.8939914060633685
0.27556640983897784
-2.4089312390113977
-0.018867767506024147
3.959693694967852
-1.3424333018046286
-0.30909916686976086
-0.9911998116943986
-1.5181960678503992
-0.9535481841304254
0.882727098486888
-2.094711023347607
-2.1383391721342613
-2.0424727440703045
0.15690966753166252
1.5389627033592388
1.354670341145607
0.5331068412525464
0.2325156001937274
-0.9866127576146144
2.716069837185915
1.8546299040889875
-2.2685592815039257
-1.8850398749072366
-1.711139540503681
-0.932476652322567
-3.401860901954499
-3.3708020671576966
-0.2297368198151049
1.280599603687488
-0.025331886174943252
-1.1764823250895324
-0.5335134772227087
2.7032537855987564
0.6206610118188465
-2.8781262430112404
-1.5745486850122905
2.2952694266412155
-0.36389678419651417
1.7140964697300305
1.4510054147081988
-0.98140634969815
-1.6680477216388747
-3.7649612836599866
0.42978024163702816
-3.1654401670595917
-1.4744673544707532
0.2554703564933877
3.9576635210003492
0.26199910736991344
0.2712309083795921
-1.6203788256924605
-2.5689831069897853
-1.0715120222451626
-1.4591196774548563
-0.9125661209514976
0.1439336538130945
1.5277681319567846
-2.249292169757545
-0.9765436292625673
1.0007355067119912
2.8163446463917374
-4.63386287848065
0.8273266339979444
2.1175610920071364
0.5088718969256572
2.541179720173686
-3.1008577842121983
2.108550288662033
-1.593349976193988
-1.012200124350738
0.7526916016504498
0.5821915401123348
0.2440991368397043
1.1732205099636825
0.5097118825208047
-2.0193889391439304
2.1171296804463027
-0.8702747512927123
-3.1830738868588235
-0.1077015485141331
3.3342137459365926
-2.025075059576478
-3.3463850083161697
-2.5183863945919054
-0.39448145615454183
1.8934099797518842
-1.285472256858724
-0.6400978969266113
2.9037019578278476
-0.3813565427264738
1.2976613939308554
-0.6518170964579544
0.26672915208469644
-1.0750671002762744
0.7001937828095517
